5.0 0 0 0 0 0 0
10.0 0 0 0 0 0 0
15.0 0 0 0 0 0 0
20.0 0 0 0 0 0 0
25.0 0 0 0 0 0 0
30.0 0 0 0 0 0 0
35.0 0 0 0 0 0 0
40.0 0 0 0 0 0 0
45.0 0 0 0 0 0 0
50.0 0 0 0 0 0 0
55.0 0 0 0 0 0 0
60.0 0 0 0 0 0 0
65.0 0 0 0 0 0 0
70.0 0 0 0 0 0 0
75.0 0 0 0 0 0 0
80.0 0 0 0 0 0 0
85.0 0 0 0 0 0 0
90.0 0 0 0 0 0 0
95.0 0 0 0 0 0 0
100.0 0 0 0 0 0 0
105.0 0 0 0 0 0 0
110.0 0 0 0 0 0 0
115.0 0 0 0 0 0 0
120.0 0 0 0 0 0 0
125.0 0 0 0 0 0 0
130.0 0 0 0 0 0 0
135.0 0 0 0 0 0 0
140.0 0 0 0 0 0 0
145.0 0 0 0 0 0 0
150.0 0 0 0 0 0 0
155.0 0 0 0 0 0 0
160.0 0 0 0 0 0 0
165.0 0 0 0 0 0 0
170.0 0 0 0 0 0 0
175.0 0 0 0 0 0 0
180.0 0 0 0 0 0 0
185.0 0 0 0 0 0 0
190.0 0 0 0 0 0 0
195.0 0 0 0 0 0 0
200.0 0 0 0 0 0 0
205.0 0 0 0 0 0 0
210.0 0 0 0 0 0 0
215.0 0 0 0 0 0 0
220.0 0 0 0 0 0 0
225.0 0 0 0 0 0 0
230.0 0 0 0 0 0 0
235.0 0 0 0 0 0 0
240.0 0 0 0 0 0 0
245.0 0 0 0 0 0 0
250.0 0 0 0 0 0 0
255.0 0 0 0 0 0 0
260.0 0 0 0 0 0 0
265.0 0 0 0 0 0 0
270.0 0 0 0 0 0 0
275.0 0 0 0 0 0 0
280.0 0 0 0 0 0 0
285.0 0 0 0 0 0 0
290.0 0 0 0 0 0 0
295.0 0 0 0 0 0 0
300.0 0 0 0 0 0 0
305.0 0 0 0 0 0 0
310.0 0 0 0 0 0 0
315.0 0 0 0 0 0 0
320.0 0 0 0 0 0 0
325.0 0 0 0 0 0 0
330.0 0 0 0 0 0 0
335.0 0 0 0 0 0 0
340.0 0 1 0 0 0 1
345.0 0 1 0 0 0 1
350.0 0 1 0 0 0 1
355.0 0 1 0 0 0 1
360.0 0 0 1 0 0 1
365.0 0 0 1 0 0 1
370.0 0 0 1 0 0 1
375.0 0 0 2 0 0 2
380.0 0 0 2 0 0 2
385.0 0 0 2 0 0 2
390.0 0 0 2 0 0 2
395.0 0 1 1 0 0 2
400.0 1 1 1 0 0 3
405.0 1 1 1 0 0 3
410.0 1 1 1 0 0 3
415.0 1 1 1 0 0 3
420.0 1 0 1 0 0 2
425.0 1 0 1 0 0 2
430.0 1 0 1 1 0 3
435.0 1 0 1 1 0 3
440.0 1 0 2 1 0 4
445.0 2 0 2 0 0 4
450.0 2 1 2 0 0 5
455.0 3 1 1 0 0 5
460.0 2 1 0 0 0 3
465.0 3 1 0 0 0 4
470.0 3 1 0 0 0 4
475.0 3 1 0 0 0 4
480.0 3 1 0 0 0 4
485.0 4 2 0 1 0 7
490.0 2 3 1 1 0 7
495.0 2 3 1 1 0 7
500.0 2 3 1 2 0 8
505.0 3 3 1 2 0 9
510.0 2 3 1 3 1 10
515.0 3 3 2 1 1 10
520.0 2 3 2 1 1 9
525.0 2 2 4 1 0 9
530.0 3 2 4 1 0 10
535.0 3 2 5 1 0 11
540.0 2 2 7 2 1 14
545.0 2 2 7 2 1 14
550.0 1 0 10 2 1 14
555.0 2 0 7 2 1 12
560.0 2 0 6 2 2 12
565.0 2 0 5 2 2 11
570.0 3 0 6 2 2 13
575.0 2 1 7 2 2 14
580.0 2 1 8 2 2 15
585.0 2 2 10 2 2 18
590.0 2 4 11 1 2 20
595.0 1 5 11 2 2 21
600.0 1 5 11 2 2 21
605.0 1 5 11 2 2 21
610.0 0 6 10 2 3 21
615.0 0 6 7 3 3 19
620.0 1 7 6 3 3 20
625.0 1 8 6 4 2 21
630.0 1 9 4 4 2 20
635.0 1 9 6 4 2 22
640.0 1 10 8 4 2 25
645.0 2 9 7 4 1 23
650.0 3 8 5 4 1 21
655.0 3 8 4 4 1 20
660.0 3 8 5 4 1 21
665.0 3 9 6 3 1 22
670.0 5 9 5 3 0 22
675.0 5 9 5 3 0 22
680.0 4 7 6 2 0 19
685.0 3 7 6 3 0 19
690.0 2 8 5 4 0 19
695.0 2 8 5 4 1 20
700.0 5 7 5 2 1 20
705.0 5 5 5 2 1 18
710.0 5 5 4 2 1 17
715.0 5 6 4 2 1 18
720.0 5 6 4 4 1 20
725.0 3 6 3 5 1 18
730.0 5 4 3 4 1 17
735.0 5 4 2 4 1 16
740.0 5 4 3 4 1 17
745.0 5 3 3 4 1 16
750.0 6 3 1 4 1 15
755.0 4 5 1 4 1 15
760.0 3 5 3 3 1 15
765.0 4 4 3 3 1 15
770.0 3 5 3 3 1 15
775.0 4 5 4 2 1 16
780.0 5 6 3 3 1 18
785.0 4 5 4 3 1 17
790.0 5 5 7 2 1 20
795.0 5 4 7 2 1 19
800.0 3 4 7 3 1 18
805.0 2 4 8 3 1 18
810.0 2 4 7 4 1 18
815.0 2 4 7 5 1 19
820.0 3 4 6 4 1 18
825.0 5 3 8 2 0 18
830.0 6 3 8 1 0 18
835.0 7 3 6 1 0 17
840.0 5 4 5 1 0 15
845.0 5 5 5 1 0 16
850.0 4 6 6 1 1 18
855.0 3 6 6 1 1 17
860.0 2 5 5 2 1 15
865.0 2 6 5 1 1 15
870.0 3 6 8 0 2 19
875.0 2 6 6 1 3 18
880.0 4 4 4 1 4 17
885.0 4 4 5 1 4 18
890.0 2 5 7 1 3 18
895.0 1 5 7 1 3 17
900.0 1 4 7 1 1 14
905.0 1 5 8 1 1 16
910.0 0 4 8 1 3 16
915.0 0 4 8 1 4 17
920.0 1 4 7 1 4 17
925.0 4 4 5 1 4 18
930.0 5 3 5 1 3 17
935.0 5 3 7 1 2 18
940.0 6 2 8 0 3 19
945.0 6 0 9 1 2 18
950.0 5 1 7 1 2 16
955.0 5 3 8 0 2 18
960.0 5 3 8 2 2 20
965.0 4 3 7 2 2 18
970.0 4 3 6 3 1 17
975.0 2 3 5 3 1 14
980.0 3 3 3 4 0 13
985.0 4 1 3 3 0 11
990.0 3 2 3 2 0 10
995.0 3 2 3 2 0 10
1000.0 0 1 0 3 0 4
1005.0 0 1 0 3 0 4
1010.0 0 1 0 4 0 5
1015.0 0 2 1 3 0 6
1020.0 0 2 1 3 0 6
1025.0 0 2 1 3 0 6
1030.0 0 2 1 3 0 6
1035.0 1 2 1 4 0 8
1040.0 2 2 2 3 0 9
1045.0 4 2 3 3 0 12
1050.0 4 3 3 3 0 13
1055.0 3 3 3 2 0 11
1060.0 2 2 3 2 0 9
1065.0 3 2 2 1 0 8
1070.0 3 2 2 0 0 7
1075.0 4 1 1 1 0 7
1080.0 4 2 1 1 1 9
1085.0 4 3 3 1 1 12
1090.0 5 5 5 1 1 17
1095.0 4 6 6 3 0 19
1100.0 3 6 7 3 0 19
1105.0 1 6 7 4 0 18
1110.0 0 6 7 4 0 17
1115.0 0 6 5 4 0 15
1120.0 0 5 4 5 0 14
1125.0 0 3 5 5 0 13
1130.0 1 3 3 4 0 11
1135.0 3 5 4 2 0 14
1140.0 4 5 3 1 0 13
1145.0 5 5 3 1 0 14
1150.0 5 5 2 1 0 13
1155.0 5 6 3 1 0 15
1160.0 4 7 4 1 0 16
1165.0 3 7 3 4 0 17
1170.0 3 7 4 4 0 18
1175.0 2 7 4 5 0 18
1180.0 2 7 3 5 0 17
1185.0 2 7 2 4 0 15
1190.0 3 4 2 4 0 13
1195.0 3 4 1 4 0 12
1200.0 2 4 1 4 0 11
1205.0 2 4 1 2 0 9
1210.0 2 3 1 2 0 8
1215.0 2 1 1 1 0 5
1220.0 2 1 1 2 0 6
1225.0 2 2 2 2 0 8
1230.0 2 2 3 3 0 10
1235.0 2 1 3 3 2 11
1240.0 1 2 3 3 2 11
1245.0 1 3 1 2 2 9
1250.0 1 2 2 2 2 9
1255.0 1 3 2 1 2 9
1260.0 1 3 2 1 2 9
1265.0 1 2 2 1 1 7
1270.0 1 2 2 1 1 7
1275.0 1 2 0 1 1 5
1280.0 1 1 0 1 1 4
1285.0 1 1 0 1 1 4
1290.0 0 1 0 1 0 2
1295.0 0 1 0 1 0 2
1300.0 0 1 0 1 0 2
1305.0 0 0 0 0 0 0
1310.0 0 0 0 0 0 0
1315.0 0 0 0 0 0 0
1320.0 0 0 0 0 1 1
1325.0 0 0 0 0 0 0
1330.0 0 0 0 0 0 0
1335.0 0 0 0 0 0 0
1340.0 0 0 0 0 0 0
1345.0 0 0 0 0 0 0
1350.0 0 0 0 0 0 0
1355.0 0 0 0 0 0 0
1360.0 0 0 0 0 0 0
1365.0 0 0 0 0 0 0
1370.0 0 0 0 0 0 0
1375.0 0 0 0 0 0 0
1380.0 0 0 0 0 0 0
1385.0 0 0 0 0 0 0
1390.0 0 0 0 0 0 0
1395.0 0 0 0 0 0 0
1400.0 0 0 0 0 0 0
1405.0 0 0 0 0 0 0
1410.0 0 0 0 0 0 0
1415.0 0 0 0 0 0 0
1420.0 0 0 0 0 0 0
1425.0 0 0 0 0 0 0
1430.0 0 0 0 0 0 0
1435.0 0 0 0 0 0 0
