5.0 0 0 0 0 0 0
10.0 0 0 0 0 0 0
15.0 0 0 0 0 0 0
20.0 0 0 0 0 0 0
25.0 0 0 0 0 0 0
30.0 0 0 0 0 0 0
35.0 0 0 0 0 0 0
40.0 0 0 0 0 0 0
45.0 0 0 0 0 0 0
50.0 0 0 0 0 0 0
55.0 0 0 0 0 0 0
60.0 0 0 0 0 0 0
65.0 0 0 0 0 0 0
70.0 0 0 0 0 0 0
75.0 0 0 0 0 0 0
80.0 0 0 0 0 0 0
85.0 0 0 0 0 0 0
90.0 0 0 0 0 0 0
95.0 0 0 0 0 0 0
100.0 0 0 0 0 0 0
105.0 0 0 0 0 0 0
110.0 0 0 0 0 0 0
115.0 0 0 0 0 0 0
120.0 0 0 0 0 0 0
125.0 0 0 0 0 0 0
130.0 0 0 0 0 0 0
135.0 0 0 0 0 0 0
140.0 0 0 0 0 0 0
145.0 0 0 0 0 0 0
150.0 0 0 0 0 0 0
155.0 0 0 0 0 0 0
160.0 0 0 0 0 0 0
165.0 0 0 0 0 0 0
170.0 0 0 0 0 0 0
175.0 0 0 0 0 0 0
180.0 0 0 0 0 0 0
185.0 0 0 0 0 0 0
190.0 0 0 0 0 0 0
195.0 0 0 0 0 0 0
200.0 0 0 0 0 0 0
205.0 0 0 0 0 0 0
210.0 0 0 0 0 0 0
215.0 0 0 0 0 0 0
220.0 0 0 0 0 0 0
225.0 0 0 0 0 0 0
230.0 0 0 0 0 0 0
235.0 0 0 0 0 0 0
240.0 0 0 0 0 0 0
245.0 0 0 0 0 0 0
250.0 0 0 0 0 0 0
255.0 0 0 0 0 0 0
260.0 0 0 0 0 0 0
265.0 0 0 0 0 0 0
270.0 0 0 0 0 0 0
275.0 0 0 0 0 0 0
280.0 0 0 0 0 0 0
285.0 0 0 0 0 0 0
290.0 0 0 0 0 0 0
295.0 0 0 0 0 0 0
300.0 0 0 0 0 0 0
305.0 0 0 0 0 0 0
310.0 0 0 0 0 0 0
315.0 0 0 0 0 0 0
320.0 0 0 0 0 0 0
325.0 0 0 0 0 0 0
330.0 0 0 0 0 0 0
335.0 0 0 0 0 0 0
340.0 0 0 0 0 0 0
345.0 0 0 0 0 0 0
350.0 0 0 0 0 0 0
355.0 0 0 0 0 0 0
360.0 0 0 0 0 0 0
365.0 0 0 0 0 0 0
370.0 0 0 0 0 0 0
375.0 0 0 0 0 0 0
380.0 0 0 0 0 0 0
385.0 0 0 0 0 0 0
390.0 0 0 0 0 0 0
395.0 0 0 0 0 0 0
400.0 0 1 0 0 0 1
405.0 1 2 0 0 0 3
410.0 1 2 0 0 0 3
415.0 2 1 0 0 1 4
420.0 1 1 0 0 1 3
425.0 1 2 1 0 1 5
430.0 2 2 1 0 1 6
435.0 3 2 1 0 1 7
440.0 4 2 1 0 1 8
445.0 4 0 1 0 1 6
450.0 4 0 1 0 1 6
455.0 4 2 1 0 1 8
460.0 4 2 1 0 1 8
465.0 4 2 1 1 1 9
470.0 4 2 3 1 1 11
475.0 3 4 5 1 1 14
480.0 2 5 5 2 1 15
485.0 2 4 7 1 1 15
490.0 1 5 7 1 1 15
495.0 2 4 6 0 1 13
500.0 2 4 7 0 1 14
505.0 2 4 7 1 1 15
510.0 2 4 8 1 1 16
515.0 2 6 7 1 3 19
520.0 3 5 9 1 3 21
525.0 3 6 9 2 3 23
530.0 3 5 7 3 3 21
535.0 4 5 7 3 3 22
540.0 3 4 6 4 4 21
545.0 7 5 7 3 3 25
550.0 7 5 6 4 2 24
555.0 7 6 6 6 2 27
560.0 6 6 9 6 2 29
565.0 6 8 9 6 3 32
570.0 5 7 9 9 3 33
575.0 5 7 9 10 1 32
580.0 6 7 10 10 1 34
585.0 7 7 9 8 1 32
590.0 7 7 10 7 1 32
595.0 7 7 9 8 1 32
600.0 9 8 7 5 1 30
605.0 8 8 9 7 1 33
610.0 7 9 11 6 1 34
615.0 7 6 11 6 2 32
620.0 7 7 14 4 2 34
625.0 6 9 13 4 2 34
630.0 4 7 16 5 2 34
635.0 3 6 18 6 1 34
640.0 2 11 18 6 1 38
645.0 3 14 15 6 1 39
650.0 3 15 15 5 2 40
655.0 4 11 17 5 2 39
660.0 4 11 18 5 1 39
665.0 4 8 17 5 1 35
670.0 7 7 14 7 1 36
675.0 7 7 14 6 1 35
680.0 8 8 12 6 1 35
685.0 10 7 12 4 1 34
690.0 11 6 11 4 1 33
695.0 7 7 11 4 2 31
700.0 7 8 12 5 2 34
705.0 5 8 16 4 2 35
710.0 4 10 14 6 2 36
715.0 4 10 12 6 2 34
720.0 5 10 11 7 1 34
725.0 6 10 10 6 1 33
730.0 6 9 8 5 1 29
735.0 6 9 8 5 2 30
740.0 6 5 8 3 1 23
745.0 4 3 8 4 1 20
750.0 4 4 6 4 1 19
755.0 3 4 7 5 1 20
760.0 2 4 7 5 1 19
765.0 1 6 8 4 1 20
770.0 1 7 8 4 1 21
775.0 1 8 9 3 1 22
780.0 3 8 10 3 1 25
785.0 3 6 11 3 1 24
790.0 3 5 12 3 1 24
795.0 4 4 13 2 1 24
800.0 5 4 12 2 1 24
805.0 5 4 11 2 1 23
810.0 7 4 10 2 1 24
815.0 7 5 7 2 1 22
820.0 7 7 4 2 1 21
825.0 8 5 5 2 1 21
830.0 7 5 6 2 1 21
835.0 7 4 7 4 1 23
840.0 8 5 8 3 1 25
845.0 9 4 8 3 2 26
850.0 11 3 9 3 2 28
855.0 11 3 8 2 2 26
860.0 9 2 9 3 3 26
865.0 8 4 10 3 3 28
870.0 8 4 11 3 4 30
875.0 12 4 12 2 4 34
880.0 12 4 11 2 4 33
885.0 11 5 11 3 2 32
890.0 10 4 10 3 2 29
895.0 9 4 10 5 2 30
900.0 8 5 9 5 2 29
905.0 9 8 9 4 2 32
910.0 6 8 7 6 1 28
915.0 7 8 11 5 1 32
920.0 6 8 9 6 1 30
925.0 6 7 9 5 1 28
930.0 7 6 8 4 1 26
935.0 6 6 9 2 1 24
940.0 7 6 9 3 1 26
945.0 11 7 7 1 1 27
950.0 11 9 6 2 1 29
955.0 14 8 5 2 1 30
960.0 13 8 5 2 1 29
965.0 11 7 6 5 1 30
970.0 9 6 6 6 2 29
975.0 8 6 6 6 3 29
980.0 7 4 9 4 3 27
985.0 7 3 12 5 3 30
990.0 7 2 12 6 3 30
995.0 6 5 11 7 3 32
1000.0 7 3 10 6 3 29
1005.0 7 4 10 6 3 30
1010.0 7 5 10 6 3 31
1015.0 7 5 9 4 3 28
1020.0 6 5 9 4 3 27
1025.0 7 8 9 4 2 30
1030.0 8 8 10 1 2 29
1035.0 8 7 10 1 3 29
1040.0 7 7 11 3 4 32
1045.0 7 5 8 4 5 29
1050.0 7 6 5 4 6 28
1055.0 7 6 5 4 7 29
1060.0 7 5 5 2 6 25
1065.0 6 4 5 2 6 23
1070.0 6 7 7 2 5 27
1075.0 6 10 9 3 5 33
1080.0 6 9 8 2 5 30
1085.0 3 9 9 3 5 29
1090.0 4 8 9 6 5 32
1095.0 5 9 9 7 5 35
1100.0 5 10 8 7 5 35
1105.0 5 10 7 6 5 33
1110.0 5 10 8 5 4 32
1115.0 5 13 10 6 5 39
1120.0 4 10 9 6 5 34
1125.0 5 8 9 6 4 32
1130.0 4 10 8 5 4 31
1135.0 4 9 10 5 4 32
1140.0 4 8 10 5 4 31
1145.0 6 7 9 6 5 33
1150.0 7 8 9 4 5 33
1155.0 6 9 10 4 5 34
1160.0 4 8 11 5 4 32
1165.0 4 8 10 7 3 32
1170.0 5 8 9 6 3 31
1175.0 5 8 12 4 3 32
1180.0 6 7 11 2 3 29
1185.0 6 8 10 4 3 31
1190.0 5 7 9 5 3 29
1195.0 7 9 9 5 3 33
1200.0 8 8 10 5 3 34
1205.0 7 10 10 5 4 36
1210.0 7 8 8 7 3 33
1215.0 5 11 11 6 3 36
1220.0 4 9 8 6 2 29
1225.0 3 9 6 6 2 26
1230.0 2 8 5 5 2 22
1235.0 4 6 5 4 3 22
1240.0 7 5 5 3 2 22
1245.0 6 4 5 4 2 21
1250.0 6 5 5 3 1 20
1255.0 7 5 3 3 1 19
1260.0 6 3 2 4 1 16
1265.0 7 3 2 5 1 18
1270.0 5 3 3 5 1 17
1275.0 5 2 3 4 1 15
1280.0 3 3 4 3 1 14
1285.0 3 2 5 2 1 13
1290.0 3 2 5 2 1 13
1295.0 3 2 5 2 1 13
1300.0 2 2 4 2 1 11
1305.0 3 2 4 1 1 11
1310.0 3 2 3 1 0 9
1315.0 2 2 2 2 0 8
1320.0 2 2 2 1 0 7
1325.0 2 1 2 1 0 6
1330.0 2 1 2 1 0 6
1335.0 2 2 0 1 0 5
1340.0 1 1 0 0 0 2
1345.0 0 1 0 0 0 1
1350.0 0 1 0 0 0 1
1355.0 0 0 0 0 0 0
1360.0 0 0 0 0 0 0
1365.0 0 0 0 0 0 0
1370.0 0 0 0 0 0 0
1375.0 0 0 0 0 0 0
1380.0 0 0 0 0 0 0
1385.0 0 0 0 0 0 0
1390.0 0 0 0 0 0 0
1395.0 0 0 0 0 0 0
1400.0 0 0 0 0 0 0
1405.0 0 0 0 0 0 0
1410.0 0 0 0 0 0 0
1415.0 0 0 0 0 0 0
1420.0 0 0 0 0 0 0
1425.0 0 0 0 0 0 0
1430.0 0 0 0 0 0 0
1435.0 0 0 0 0 0 0
