5.0 0 0 0 0 0 0
10.0 0 0 0 0 0 0
15.0 0 0 0 0 0 0
20.0 0 0 0 0 0 0
25.0 0 0 0 0 0 0
30.0 0 0 0 0 0 0
35.0 0 0 0 0 0 0
40.0 0 0 0 0 0 0
45.0 0 0 0 0 0 0
50.0 0 0 0 0 0 0
55.0 0 0 0 0 0 0
60.0 0 0 0 0 0 0
65.0 0 0 0 0 0 0
70.0 0 0 0 0 0 0
75.0 0 0 0 0 0 0
80.0 0 0 0 0 0 0
85.0 0 0 0 0 0 0
90.0 0 0 0 0 0 0
95.0 0 0 0 0 0 0
100.0 0 0 0 0 0 0
105.0 0 0 0 0 0 0
110.0 0 0 0 0 0 0
115.0 0 0 0 0 0 0
120.0 0 0 0 0 0 0
125.0 0 0 0 0 0 0
130.0 0 0 0 0 0 0
135.0 0 0 0 0 0 0
140.0 0 0 0 0 0 0
145.0 0 0 0 0 0 0
150.0 0 0 0 0 0 0
155.0 0 0 0 0 0 0
160.0 0 0 0 0 0 0
165.0 0 0 0 0 0 0
170.0 0 0 0 0 0 0
175.0 0 0 0 0 0 0
180.0 0 0 0 0 0 0
185.0 0 0 0 0 0 0
190.0 0 0 0 0 0 0
195.0 0 0 0 0 0 0
200.0 0 0 0 0 0 0
205.0 0 0 0 0 0 0
210.0 0 0 0 0 0 0
215.0 0 0 0 0 0 0
220.0 0 0 0 0 0 0
225.0 0 0 0 0 0 0
230.0 0 0 0 0 0 0
235.0 0 0 0 0 0 0
240.0 0 0 0 0 0 0
245.0 0 1 0 0 0 1
250.0 0 1 0 0 0 1
255.0 0 1 0 0 0 1
260.0 0 1 0 0 0 1
265.0 0 1 0 0 0 1
270.0 0 1 0 0 0 1
275.0 0 1 0 0 0 1
280.0 0 1 0 0 0 1
285.0 0 1 1 0 0 2
290.0 0 1 1 0 0 2
295.0 1 1 1 0 0 3
300.0 1 1 1 0 0 3
305.0 1 0 2 0 0 3
310.0 0 0 3 0 0 3
315.0 0 0 3 0 0 3
320.0 0 0 3 0 0 3
325.0 0 0 3 1 0 4
330.0 0 1 2 1 0 4
335.0 0 1 2 1 0 4
340.0 0 0 4 1 0 5
345.0 0 1 5 0 0 6
350.0 1 1 4 1 0 7
355.0 1 2 4 1 0 8
360.0 1 2 4 2 0 9
365.0 1 2 4 2 0 9
370.0 1 1 2 2 0 6
375.0 1 2 4 2 0 9
380.0 1 2 4 2 1 10
385.0 1 4 4 2 3 14
390.0 1 6 5 1 3 16
395.0 2 5 5 0 4 16
400.0 3 5 4 0 4 16
405.0 3 6 5 2 4 20
410.0 4 10 7 2 3 26
415.0 5 9 7 2 3 26
420.0 6 10 7 2 2 27
425.0 6 9 7 2 3 27
430.0 5 9 6 3 3 26
435.0 6 12 9 3 3 33
440.0 6 14 9 3 4 36
445.0 5 16 10 3 4 38
450.0 7 13 12 3 4 39
455.0 8 17 13 9 4 51
460.0 10 19 14 10 4 57
465.0 9 19 17 11 4 60
470.0 9 20 17 13 6 65
475.0 7 20 17 15 7 66
480.0 8 23 20 13 8 72
485.0 12 22 23 14 8 79
490.0 17 22 24 12 8 83
495.0 23 23 25 12 9 92
500.0 26 24 27 13 9 99
505.0 32 26 30 17 9 114
510.0 32 28 34 17 9 120
515.0 36 29 37 15 10 127
520.0 43 29 33 14 10 129
525.0 39 27 43 16 12 137
530.0 42 34 39 19 14 148
535.0 41 34 42 20 16 153
540.0 35 37 47 21 16 156
545.0 36 38 53 25 17 169
550.0 34 34 54 27 18 167
555.0 37 39 56 25 18 175
560.0 36 39 60 24 17 176
565.0 36 41 61 22 21 181
570.0 40 39 61 24 22 186
575.0 41 36 59 28 22 186
580.0 44 39 60 36 21 200
585.0 44 40 63 39 19 205
590.0 45 37 62 38 21 203
595.0 45 36 67 38 23 209
600.0 51 39 67 33 28 218
605.0 54 42 72 31 26 225
610.0 58 44 70 29 25 226
615.0 56 43 71 28 23 221
620.0 51 45 68 29 23 216
625.0 57 48 66 28 21 220
630.0 58 41 68 28 21 216
635.0 62 45 68 28 23 226
640.0 69 48 67 31 23 238
645.0 64 56 63 32 21 236
650.0 62 60 62 31 23 238
655.0 57 59 65 31 24 236
660.0 54 57 66 29 21 227
665.0 49 52 70 30 21 222
670.0 42 49 68 34 22 215
675.0 45 43 67 35 22 212
680.0 51 42 70 34 18 215
685.0 52 45 65 37 17 216
690.0 52 45 59 33 16 205
695.0 53 43 57 30 17 200
700.0 53 44 54 29 16 196
705.0 56 46 52 29 18 201
710.0 58 45 48 27 18 196
715.0 58 44 47 20 17 186
720.0 61 43 49 19 19 191
725.0 55 36 51 22 18 182
730.0 54 33 53 23 21 184
735.0 47 29 54 25 20 175
740.0 43 37 52 22 20 174
745.0 44 37 54 20 21 176
750.0 38 37 53 15 22 165
755.0 42 35 48 14 22 161
760.0 40 34 47 15 22 158
765.0 38 32 51 15 19 155
770.0 35 31 52 15 17 150
775.0 31 29 56 19 17 152
780.0 30 25 57 18 14 144
785.0 27 30 59 16 14 146
790.0 33 31 53 19 16 152
795.0 34 31 53 19 16 153
800.0 32 31 51 20 15 149
805.0 36 31 52 17 15 151
810.0 36 36 56 18 16 162
815.0 29 36 46 17 14 142
820.0 40 35 44 17 13 149
825.0 38 41 43 21 14 157
830.0 45 44 42 19 15 165
835.0 44 47 43 20 13 167
840.0 41 44 53 17 14 169
845.0 42 37 54 18 15 166
850.0 41 38 58 20 16 173
855.0 40 38 56 23 16 173
860.0 40 41 56 25 18 180
865.0 38 44 50 28 20 180
870.0 34 41 53 30 19 177
875.0 33 38 57 29 18 175
880.0 35 41 56 30 16 178
885.0 36 39 60 27 20 182
890.0 37 41 63 22 19 182
895.0 39 46 61 23 21 190
900.0 42 49 60 24 21 196
905.0 37 57 59 26 18 197
910.0 40 58 58 28 21 205
915.0 44 61 57 28 20 210
920.0 43 58 55 24 19 199
925.0 44 57 59 22 21 203
930.0 40 53 61 24 20 198
935.0 39 59 60 26 21 205
940.0 38 58 67 30 19 212
945.0 33 60 62 30 21 206
950.0 38 57 60 28 19 202
955.0 40 57 52 26 20 195
960.0 43 56 56 26 17 198
965.0 40 54 59 27 18 198
970.0 44 49 53 24 21 191
975.0 46 52 44 26 20 188
980.0 47 53 45 28 23 196
985.0 47 50 47 30 23 197
990.0 50 50 49 26 22 197
995.0 49 49 49 28 21 196
1000.0 45 48 51 30 21 195
1005.0 47 47 55 27 23 199
1010.0 49 47 60 27 23 206
1015.0 46 48 58 27 23 202
1020.0 49 55 57 25 25 211
1025.0 50 57 55 25 25 212
1030.0 49 55 59 28 26 217
1035.0 48 62 52 28 26 216
1040.0 53 59 48 26 26 212
1045.0 56 56 48 21 25 206
1050.0 63 58 50 19 27 217
1055.0 54 58 58 24 27 221
1060.0 52 64 58 26 26 226
1065.0 52 60 61 28 27 228
1070.0 51 63 66 26 28 234
1075.0 44 58 67 26 29 224
1080.0 41 60 74 28 27 230
1085.0 42 62 70 27 26 227
1090.0 44 59 70 29 25 227
1095.0 52 57 69 21 25 224
1100.0 57 52 64 17 24 214
1105.0 56 48 71 15 26 216
1110.0 54 48 70 15 25 212
1115.0 51 49 71 17 24 212
1120.0 45 46 72 24 24 211
1125.0 47 52 70 25 21 215
1130.0 48 49 77 28 19 221
1135.0 51 50 74 32 19 226
1140.0 49 54 72 33 21 229
1145.0 47 57 76 34 20 234
1150.0 48 54 76 37 19 234
1155.0 51 50 74 33 19 227
1160.0 52 51 70 27 18 218
1165.0 51 52 69 26 19 217
1170.0 56 48 65 26 18 213
1175.0 58 44 60 30 19 211
1180.0 60 45 59 32 19 215
1185.0 56 44 53 35 19 207
1190.0 53 42 56 35 17 203
1195.0 48 40 59 29 16 192
1200.0 42 42 52 27 17 180
1205.0 42 38 57 26 16 179
1210.0 40 36 55 23 18 172
1215.0 42 30 50 21 17 160
1220.0 43 29 50 18 17 157
1225.0 36 33 43 17 19 148
1230.0 34 32 37 15 16 134
1235.0 32 32 40 14 14 132
1240.0 27 34 40 13 14 128
1245.0 32 33 43 9 11 128
1250.0 35 27 35 9 10 116
1255.0 32 22 33 7 12 106
1260.0 26 22 27 10 12 97
1265.0 24 21 24 11 11 91
1270.0 24 14 20 11 10 79
1275.0 20 13 24 11 10 78
1280.0 15 14 20 12 11 72
1285.0 14 13 20 8 11 66
1290.0 10 12 23 8 11 64
1295.0 13 14 20 8 8 63
1300.0 11 9 20 10 7 57
1305.0 10 10 16 9 7 52
1310.0 11 11 12 7 7 48
1315.0 8 10 10 8 6 42
1320.0 4 7 10 7 6 34
1325.0 5 3 10 3 4 25
1330.0 4 2 11 1 4 22
1335.0 4 3 9 2 4 22
1340.0 2 4 8 3 4 21
1345.0 1 3 7 1 4 16
1350.0 1 3 7 1 3 15
1355.0 1 3 4 1 3 12
1360.0 0 2 5 1 3 11
1365.0 0 2 5 1 3 11
1370.0 0 3 5 1 3 12
1375.0 0 3 4 1 2 10
1380.0 0 3 4 1 2 10
1385.0 0 3 3 1 2 9
1390.0 0 3 1 1 1 6
1395.0 0 3 1 1 1 6
1400.0 0 2 1 1 1 5
1405.0 0 1 0 0 1 2
1410.0 0 1 0 0 1 2
1415.0 0 0 1 0 1 2
1420.0 0 0 0 0 1 1
1425.0 1 0 0 0 1 2
1430.0 0 0 0 0 1 1
1435.0 0 0 0 0 1 1
