5.0 0 0 0 0 0 0
10.0 0 0 0 0 0 0
15.0 0 0 0 0 0 0
20.0 0 0 0 0 0 0
25.0 0 0 0 0 0 0
30.0 0 0 0 0 0 0
35.0 0 0 0 0 0 0
40.0 0 0 0 0 0 0
45.0 0 0 0 0 0 0
50.0 0 0 0 0 0 0
55.0 0 0 0 0 0 0
60.0 0 0 0 0 0 0
65.0 0 0 0 0 0 0
70.0 0 0 0 0 0 0
75.0 0 0 0 0 0 0
80.0 0 0 0 0 0 0
85.0 0 0 0 0 0 0
90.0 0 0 0 0 0 0
95.0 0 0 0 0 0 0
100.0 0 0 0 0 0 0
105.0 0 0 0 0 0 0
110.0 0 0 0 0 0 0
115.0 0 0 0 0 0 0
120.0 0 0 0 0 0 0
125.0 0 0 0 0 0 0
130.0 0 0 0 0 0 0
135.0 0 0 0 0 0 0
140.0 0 0 0 0 0 0
145.0 0 0 0 0 0 0
150.0 0 0 0 0 0 0
155.0 0 0 0 0 0 0
160.0 0 0 0 0 0 0
165.0 0 0 0 0 0 0
170.0 0 0 0 0 0 0
175.0 0 0 0 0 0 0
180.0 0 0 0 0 0 0
185.0 0 0 0 0 0 0
190.0 0 0 0 0 0 0
195.0 0 0 0 0 0 0
200.0 0 0 0 0 0 0
205.0 0 0 0 0 0 0
210.0 0 0 0 0 0 0
215.0 0 0 0 0 0 0
220.0 0 0 0 0 0 0
225.0 0 0 0 0 0 0
230.0 0 0 0 0 0 0
235.0 0 0 0 0 0 0
240.0 0 0 0 0 0 0
245.0 0 0 0 0 0 0
250.0 0 0 0 0 0 0
255.0 0 0 0 0 0 0
260.0 0 0 0 0 0 0
265.0 0 0 0 0 0 0
270.0 0 0 0 0 0 0
275.0 0 0 0 0 0 0
280.0 0 0 0 0 0 0
285.0 0 0 0 0 0 0
290.0 0 0 0 0 0 0
295.0 0 0 0 0 0 0
300.0 0 0 0 0 0 0
305.0 0 1 0 1 0 2
310.0 0 1 0 1 0 2
315.0 0 1 0 1 0 2
320.0 0 0 0 1 0 1
325.0 0 1 0 1 0 2
330.0 1 1 1 1 0 4
335.0 1 2 1 1 0 5
340.0 1 2 1 1 0 5
345.0 1 3 1 1 0 6
350.0 1 4 0 1 0 6
355.0 2 3 0 0 0 5
360.0 2 3 1 0 0 6
365.0 2 4 1 0 0 7
370.0 2 3 1 2 0 8
375.0 3 5 2 2 0 12
380.0 3 5 2 2 0 12
385.0 7 7 3 1 0 18
390.0 6 7 6 1 0 20
395.0 6 7 6 1 1 21
400.0 7 6 6 1 1 21
405.0 9 5 6 1 1 22
410.0 7 5 7 3 1 23
415.0 7 7 10 3 1 28
420.0 12 7 9 3 1 32
425.0 12 6 11 4 1 34
430.0 13 6 10 6 3 38
435.0 14 6 11 6 3 40
440.0 16 8 11 6 3 44
445.0 18 10 14 7 3 52
450.0 14 9 13 10 0 46
455.0 13 6 18 8 1 46
460.0 15 9 19 8 2 53
465.0 17 11 21 8 4 61
470.0 25 13 25 9 4 76
475.0 25 14 24 10 4 77
480.0 25 17 26 13 5 86
485.0 22 21 27 11 5 86
490.0 26 23 28 14 5 96
495.0 30 26 31 13 4 104
500.0 27 25 33 12 4 101
505.0 27 26 37 12 5 107
510.0 28 29 42 11 5 115
515.0 27 33 42 15 7 124
520.0 30 33 45 14 9 131
525.0 31 30 48 15 11 135
530.0 37 29 49 13 11 139
535.0 43 32 48 14 13 150
540.0 41 31 45 15 14 146
545.0 41 33 45 17 17 153
550.0 40 35 48 19 15 157
555.0 39 39 49 21 19 167
560.0 40 41 54 23 19 177
565.0 48 44 50 21 22 185
570.0 48 45 53 21 21 188
575.0 49 47 58 21 22 197
580.0 47 50 63 24 22 206
585.0 48 44 65 27 24 208
590.0 43 47 65 28 22 205
595.0 39 53 66 29 21 208
600.0 38 55 67 31 21 212
605.0 49 56 66 25 24 220
610.0 52 57 70 26 25 230
615.0 55 56 62 30 26 229
620.0 53 55 65 35 27 235
625.0 55 48 68 33 27 231
630.0 52 49 72 30 25 228
635.0 52 46 72 26 26 222
640.0 47 53 74 27 28 229
645.0 43 52 72 27 28 222
650.0 41 55 76 31 30 233
655.0 39 54 75 29 29 226
660.0 45 49 73 29 29 225
665.0 41 41 72 30 27 211
670.0 44 37 70 29 27 207
675.0 43 40 69 32 23 207
680.0 42 45 70 27 20 204
685.0 46 42 63 31 21 203
690.0 51 41 55 28 26 201
695.0 46 47 55 27 26 201
700.0 52 50 50 26 23 201
705.0 50 51 49 25 22 197
710.0 53 53 52 24 23 205
715.0 50 47 54 24 25 200
720.0 50 41 50 21 22 184
725.0 50 37 52 20 24 183
730.0 47 37 47 20 21 172
735.0 46 39 44 22 19 170
740.0 41 36 38 22 18 155
745.0 38 45 39 24 19 165
750.0 38 42 42 21 21 164
755.0 34 45 38 23 20 160
760.0 32 40 36 25 22 155
765.0 32 40 34 29 23 158
770.0 30 39 36 29 24 158
775.0 29 36 40 28 22 155
780.0 29 33 35 27 21 145
785.0 33 31 33 23 22 142
790.0 35 31 36 25 23 150
795.0 34 30 32 26 22 144
800.0 33 33 33 20 21 140
805.0 30 33 32 22 19 136
810.0 29 29 35 19 19 131
815.0 36 27 36 20 19 138
820.0 41 25 40 20 20 146
825.0 41 30 42 22 22 157
830.0 47 30 43 22 21 163
835.0 41 29 50 20 22 162
840.0 43 30 54 15 21 163
845.0 43 31 52 16 19 161
850.0 42 33 50 25 17 167
855.0 42 37 56 21 18 174
860.0 41 39 55 22 18 175
865.0 41 39 55 24 20 179
870.0 42 42 62 23 23 192
875.0 39 39 61 24 24 187
880.0 46 46 61 20 22 195
885.0 54 48 66 18 22 208
890.0 49 49 65 19 22 204
895.0 50 53 65 19 22 209
900.0 46 57 68 22 21 214
905.0 45 61 64 23 19 212
910.0 45 61 57 27 22 212
915.0 45 59 60 27 19 210
920.0 48 57 59 28 20 212
925.0 45 56 60 28 18 207
930.0 38 50 59 31 19 197
935.0 39 52 61 31 21 204
940.0 41 53 59 33 20 206
945.0 39 51 67 29 21 207
950.0 38 49 66 27 23 203
955.0 35 49 67 27 21 199
960.0 37 47 67 28 21 200
965.0 33 46 68 31 21 199
970.0 37 42 70 25 22 196
975.0 40 42 72 24 21 199
980.0 40 42 70 20 19 191
985.0 41 43 75 24 19 202
990.0 42 44 71 19 19 195
995.0 44 44 71 16 19 194
1000.0 42 46 77 20 19 204
1005.0 42 44 75 22 26 209
1010.0 41 38 68 24 27 198
1015.0 43 42 64 24 27 200
1020.0 47 43 65 22 28 205
1025.0 53 39 63 23 32 210
1030.0 47 40 62 22 32 203
1035.0 45 37 58 25 33 198
1040.0 45 38 53 25 31 192
1045.0 45 44 55 23 29 196
1050.0 45 42 58 24 29 198
1055.0 45 47 57 25 31 205
1060.0 50 52 56 25 32 215
1065.0 50 53 61 26 34 224
1070.0 50 63 62 25 32 232
1075.0 53 59 59 27 33 231
1080.0 54 61 62 26 30 233
1085.0 54 66 62 22 28 232
1090.0 52 63 59 23 29 226
1095.0 50 57 59 26 31 223
1100.0 49 55 57 28 31 220
1105.0 52 56 59 30 31 228
1110.0 56 60 57 29 30 232
1115.0 63 61 65 25 27 241
1120.0 62 62 70 30 27 251
1125.0 63 63 71 31 24 252
1130.0 63 63 70 32 23 251
1135.0 63 61 69 31 23 247
1140.0 66 60 70 28 23 247
1145.0 67 59 68 31 22 247
1150.0 66 60 74 31 22 253
1155.0 64 61 69 32 23 249
1160.0 60 62 67 29 22 240
1165.0 59 59 64 26 21 229
1170.0 54 54 59 29 25 221
1175.0 41 50 60 32 22 205
1180.0 36 45 61 30 20 192
1185.0 36 49 64 28 18 195
1190.0 44 50 58 22 16 190
1195.0 42 54 52 22 16 186
1200.0 41 56 49 22 17 185
1205.0 45 49 53 23 15 185
1210.0 40 49 50 21 15 175
1215.0 43 49 40 20 16 168
1220.0 38 42 43 19 15 157
1225.0 37 39 40 18 13 147
1230.0 39 38 40 17 13 147
1235.0 30 35 39 18 14 136
1240.0 30 32 33 21 14 130
1245.0 28 26 31 27 13 125
1250.0 25 25 28 23 12 113
1255.0 21 25 24 20 12 102
1260.0 17 22 23 21 11 94
1265.0 18 20 26 16 9 89
1270.0 20 21 23 15 9 88
1275.0 17 19 21 15 9 81
1280.0 14 16 22 18 8 78
1285.0 12 14 22 16 8 72
1290.0 10 10 22 9 8 59
1295.0 9 12 20 8 7 56
1300.0 8 14 17 5 7 51
1305.0 8 14 14 5 6 47
1310.0 7 13 15 3 5 43
1315.0 9 14 13 3 5 44
1320.0 9 12 10 3 5 39
1325.0 7 11 8 4 4 34
1330.0 5 7 7 3 4 26
1335.0 5 7 4 3 5 24
1340.0 5 4 2 2 5 18
1345.0 6 2 4 1 4 17
1350.0 6 1 2 1 3 13
1355.0 5 1 3 1 2 12
1360.0 4 1 2 1 1 9
1365.0 3 1 2 1 1 8
1370.0 3 1 1 1 1 7
1375.0 3 2 1 0 0 6
1380.0 3 1 0 1 1 6
1385.0 1 1 0 0 1 3
1390.0 0 1 0 0 1 2
1395.0 0 1 0 0 1 2
1400.0 0 1 0 0 1 2
1405.0 0 0 0 0 0 0
1410.0 0 0 0 0 0 0
1415.0 0 0 0 0 0 0
1420.0 0 0 0 0 0 0
1425.0 0 0 0 0 0 0
1430.0 0 0 0 0 0 0
1435.0 0 1 0 0 0 1
