5.0 0 0 0 0 0 0
10.0 0 0 0 0 0 0
15.0 0 0 0 0 0 0
20.0 0 0 0 0 0 0
25.0 0 0 0 0 0 0
30.0 0 0 0 0 0 0
35.0 0 0 0 0 0 0
40.0 0 0 0 0 0 0
45.0 0 0 0 0 0 0
50.0 0 0 0 0 0 0
55.0 0 0 0 0 0 0
60.0 0 0 0 0 0 0
65.0 0 0 0 0 0 0
70.0 0 0 0 0 0 0
75.0 0 0 0 0 0 0
80.0 0 0 0 0 0 0
85.0 0 0 0 0 0 0
90.0 0 0 0 0 0 0
95.0 0 0 0 0 0 0
100.0 0 0 0 0 0 0
105.0 0 0 0 0 0 0
110.0 0 0 0 0 0 0
115.0 0 0 0 0 0 0
120.0 0 0 0 0 0 0
125.0 0 0 0 0 0 0
130.0 0 0 0 0 0 0
135.0 0 0 0 0 0 0
140.0 0 0 0 0 0 0
145.0 0 0 0 0 0 0
150.0 0 0 0 0 0 0
155.0 0 0 0 0 0 0
160.0 0 0 0 0 0 0
165.0 0 0 0 0 0 0
170.0 0 0 0 0 0 0
175.0 0 0 0 0 0 0
180.0 0 0 0 0 0 0
185.0 0 0 0 0 0 0
190.0 0 0 0 0 0 0
195.0 0 0 0 0 0 0
200.0 0 0 0 0 0 0
205.0 0 0 0 0 0 0
210.0 0 0 0 0 0 0
215.0 0 0 0 0 0 0
220.0 0 0 0 0 0 0
225.0 0 0 0 0 0 0
230.0 0 0 0 0 0 0
235.0 0 0 0 0 0 0
240.0 0 0 0 0 0 0
245.0 0 0 0 0 0 0
250.0 0 0 0 0 0 0
255.0 0 0 0 0 0 0
260.0 0 0 0 0 0 0
265.0 0 0 0 0 0 0
270.0 0 0 0 0 0 0
275.0 0 0 0 0 0 0
280.0 0 0 0 0 0 0
285.0 0 0 0 0 0 0
290.0 0 0 0 0 0 0
295.0 0 0 0 0 0 0
300.0 0 0 0 0 0 0
305.0 0 0 0 0 0 0
310.0 0 0 0 0 0 0
315.0 0 0 0 0 0 0
320.0 0 0 0 0 0 0
325.0 0 0 0 0 0 0
330.0 0 0 0 0 0 0
335.0 0 0 0 0 0 0
340.0 0 0 0 0 0 0
345.0 0 0 0 0 0 0
350.0 0 0 0 0 0 0
355.0 0 0 0 0 0 0
360.0 0 0 0 0 0 0
365.0 0 0 0 0 0 0
370.0 0 0 0 0 0 0
375.0 0 0 0 0 0 0
380.0 0 0 0 0 0 0
385.0 0 0 0 0 0 0
390.0 0 0 0 0 0 0
395.0 0 0 0 0 0 0
400.0 0 0 0 0 0 0
405.0 0 0 0 0 0 0
410.0 0 0 0 0 0 0
415.0 0 0 0 0 0 0
420.0 0 0 0 0 0 0
425.0 0 0 0 0 0 0
430.0 0 0 1 0 0 1
435.0 0 0 1 0 0 1
440.0 0 0 1 0 0 1
445.0 0 0 1 0 0 1
450.0 0 0 1 0 0 1
455.0 1 0 0 0 0 1
460.0 1 0 0 0 0 1
465.0 1 0 0 0 0 1
470.0 0 0 0 1 0 1
475.0 0 0 0 1 0 1
480.0 0 0 0 1 0 1
485.0 0 0 0 1 0 1
490.0 0 0 0 1 0 1
495.0 0 0 0 1 0 1
500.0 0 0 0 1 0 1
505.0 0 0 0 1 0 1
510.0 0 0 0 1 0 1
515.0 0 0 0 1 0 1
520.0 0 0 0 1 0 1
525.0 0 0 0 1 0 1
530.0 0 0 0 1 0 1
535.0 0 0 0 1 0 1
540.0 0 0 0 1 0 1
545.0 0 0 0 1 0 1
550.0 0 0 0 1 0 1
555.0 0 1 0 0 0 1
560.0 0 1 0 0 0 1
565.0 0 1 0 0 0 1
570.0 0 1 0 0 0 1
575.0 0 1 0 0 0 1
580.0 1 1 0 0 0 2
585.0 1 1 1 0 0 3
590.0 1 0 1 0 0 2
595.0 1 0 1 0 0 2
600.0 1 0 1 0 0 2
605.0 1 0 1 0 0 2
610.0 1 0 1 0 0 2
615.0 1 0 1 0 0 2
620.0 1 0 1 0 0 2
625.0 0 0 0 1 0 1
630.0 0 0 0 1 0 1
635.0 0 0 1 1 0 2
640.0 0 0 1 1 0 2
645.0 0 0 1 1 0 2
650.0 0 0 1 1 0 2
655.0 0 0 1 1 0 2
660.0 0 0 1 1 0 2
665.0 0 0 1 1 0 2
670.0 0 0 1 1 0 2
675.0 0 0 0 1 0 1
680.0 0 1 0 0 0 1
685.0 0 1 0 0 0 1
690.0 0 1 0 0 0 1
695.0 0 1 0 0 0 1
700.0 0 1 0 0 0 1
705.0 0 1 0 0 0 1
710.0 0 0 0 0 0 0
715.0 0 0 0 0 0 0
720.0 0 0 0 0 0 0
725.0 0 0 0 0 0 0
730.0 0 0 0 0 0 0
735.0 0 0 0 0 0 0
740.0 0 0 0 0 0 0
745.0 0 0 1 0 0 1
750.0 0 0 1 0 0 1
755.0 0 0 1 0 0 1
760.0 0 0 0 0 0 0
765.0 0 0 0 0 0 0
770.0 0 0 0 0 0 0
775.0 0 1 0 0 0 1
780.0 0 1 1 0 0 2
785.0 0 1 1 0 0 2
790.0 0 1 1 0 0 2
795.0 0 1 1 0 0 2
800.0 0 1 1 0 0 2
805.0 0 1 1 0 0 2
810.0 0 1 1 0 0 2
815.0 0 1 1 0 0 2
820.0 0 1 1 0 0 2
825.0 0 1 1 0 0 2
830.0 0 1 1 0 0 2
835.0 0 1 0 1 0 2
840.0 0 1 0 1 0 2
845.0 0 1 0 1 0 2
850.0 0 1 0 0 0 1
855.0 0 2 0 0 0 2
860.0 0 2 0 0 0 2
865.0 0 1 0 0 0 1
870.0 0 1 0 0 0 1
875.0 0 1 0 0 0 1
880.0 0 1 0 1 0 2
885.0 0 0 0 1 0 1
890.0 0 0 0 1 0 1
895.0 0 0 0 1 0 1
900.0 0 0 0 1 0 1
905.0 1 0 0 1 0 2
910.0 2 0 0 0 0 2
915.0 2 0 0 0 0 2
920.0 1 0 1 0 0 2
925.0 1 0 1 0 1 3
930.0 1 0 1 0 1 3
935.0 1 0 2 0 1 4
940.0 1 0 2 0 1 4
945.0 1 0 2 0 1 4
950.0 1 0 2 0 1 4
955.0 1 0 2 0 1 4
960.0 1 0 2 0 1 4
965.0 1 0 2 0 1 4
970.0 0 1 2 0 1 4
975.0 1 1 1 0 1 4
980.0 1 0 1 0 1 3
985.0 1 0 1 0 1 3
990.0 0 0 2 1 0 3
995.0 0 0 2 1 0 3
1000.0 0 0 2 1 0 3
1005.0 1 0 2 0 0 3
1010.0 1 0 1 0 0 2
1015.0 1 0 1 0 0 2
1020.0 1 0 1 0 0 2
1025.0 1 0 1 0 0 2
1030.0 1 0 1 0 0 2
1035.0 1 0 0 0 0 1
1040.0 1 0 0 0 0 1
1045.0 1 0 0 0 0 1
1050.0 1 0 0 0 0 1
1055.0 0 0 0 0 0 0
1060.0 0 0 0 0 0 0
1065.0 0 0 0 0 0 0
1070.0 0 0 1 0 0 1
1075.0 0 0 1 0 0 1
1080.0 0 0 1 0 0 1
1085.0 0 0 1 0 0 1
1090.0 0 0 1 0 0 1
1095.0 0 0 1 0 0 1
1100.0 0 0 0 0 0 0
1105.0 0 0 0 0 0 0
1110.0 0 1 0 0 0 1
1115.0 0 1 0 0 0 1
1120.0 0 1 0 0 0 1
1125.0 0 1 1 0 0 2
1130.0 0 1 1 0 0 2
1135.0 0 1 1 0 0 2
1140.0 0 1 2 0 1 4
1145.0 0 0 2 0 1 3
1150.0 0 0 2 0 1 3
1155.0 0 0 2 0 1 3
1160.0 0 0 2 0 1 3
1165.0 0 0 3 0 1 4
1170.0 0 0 2 0 1 3
1175.0 0 0 2 0 1 3
1180.0 0 0 2 0 1 3
1185.0 0 0 1 0 1 2
1190.0 0 0 0 0 1 1
1195.0 0 0 1 0 0 1
1200.0 0 0 1 0 0 1
1205.0 0 0 1 0 0 1
1210.0 0 1 0 0 0 1
1215.0 0 1 0 0 0 1
1220.0 0 1 0 0 0 1
1225.0 0 1 0 0 0 1
1230.0 0 1 0 0 0 1
1235.0 0 1 0 0 0 1
1240.0 0 1 0 0 0 1
1245.0 0 1 0 0 0 1
1250.0 0 1 1 0 0 2
1255.0 0 1 2 0 0 3
1260.0 0 0 2 0 0 2
1265.0 0 0 2 0 0 2
1270.0 0 0 1 0 1 2
1275.0 0 0 1 0 1 2
1280.0 0 0 1 0 1 2
1285.0 0 0 1 0 1 2
1290.0 0 0 0 0 1 1
1295.0 0 0 0 0 1 1
1300.0 0 0 0 0 0 0
1305.0 0 0 0 0 0 0
1310.0 0 0 0 0 0 0
1315.0 0 0 0 0 0 0
1320.0 0 0 0 0 0 0
1325.0 0 0 0 0 0 0
1330.0 0 0 0 0 0 0
1335.0 0 0 0 0 0 0
1340.0 0 0 0 0 0 0
1345.0 0 0 0 0 0 0
1350.0 0 0 0 0 0 0
1355.0 0 0 0 0 0 0
1360.0 0 0 0 0 0 0
1365.0 0 0 0 0 0 0
1370.0 0 0 0 0 0 0
1375.0 0 0 0 0 0 0
1380.0 0 0 0 0 0 0
1385.0 0 0 0 0 0 0
1390.0 0 0 0 0 0 0
1395.0 0 0 0 0 0 0
1400.0 0 0 0 0 0 0
1405.0 0 0 0 0 0 0
1410.0 0 0 0 0 0 0
1415.0 0 0 0 0 0 0
1420.0 0 0 0 0 0 0
1425.0 0 0 0 0 0 0
1430.0 0 0 0 0 0 0
1435.0 0 0 0 0 0 0
