5.0 0 0 0 0 0 0
10.0 0 0 0 0 0 0
15.0 0 0 0 0 0 0
20.0 0 0 0 0 0 0
25.0 0 0 0 0 0 0
30.0 0 0 0 0 0 0
35.0 0 0 0 0 0 0
40.0 0 0 0 0 0 0
45.0 0 0 0 0 0 0
50.0 0 0 0 0 0 0
55.0 0 0 0 0 0 0
60.0 0 0 0 0 0 0
65.0 0 0 0 0 0 0
70.0 0 0 0 0 0 0
75.0 0 0 0 0 0 0
80.0 0 0 0 0 0 0
85.0 0 0 0 0 0 0
90.0 0 0 0 0 0 0
95.0 0 0 0 0 0 0
100.0 0 0 0 0 0 0
105.0 0 0 0 0 0 0
110.0 0 0 0 0 0 0
115.0 0 0 0 0 0 0
120.0 0 0 0 0 0 0
125.0 0 0 0 0 0 0
130.0 0 0 0 0 0 0
135.0 0 0 0 0 0 0
140.0 0 0 0 0 0 0
145.0 0 0 0 0 0 0
150.0 0 0 0 0 0 0
155.0 0 0 0 0 0 0
160.0 0 0 0 0 0 0
165.0 0 0 0 0 0 0
170.0 0 0 0 0 0 0
175.0 0 0 0 0 0 0
180.0 0 0 0 0 0 0
185.0 0 0 0 0 0 0
190.0 0 0 0 0 0 0
195.0 0 0 0 0 0 0
200.0 0 0 0 0 0 0
205.0 0 0 0 0 0 0
210.0 0 0 0 0 0 0
215.0 0 0 0 0 0 0
220.0 0 0 0 0 0 0
225.0 0 0 0 0 0 0
230.0 0 0 0 0 0 0
235.0 0 0 0 0 0 0
240.0 0 0 0 0 0 0
245.0 0 0 0 0 0 0
250.0 0 0 0 0 0 0
255.0 0 0 0 0 0 0
260.0 0 0 0 0 0 0
265.0 0 0 0 0 0 0
270.0 0 0 0 0 0 0
275.0 0 0 0 0 0 0
280.0 0 0 0 0 0 0
285.0 0 0 0 0 0 0
290.0 0 0 0 0 1 1
295.0 0 0 0 0 1 1
300.0 0 0 0 0 1 1
305.0 0 0 0 0 1 1
310.0 0 0 0 0 1 1
315.0 0 1 0 0 1 2
320.0 0 1 0 0 1 2
325.0 0 1 1 0 1 3
330.0 0 2 1 0 1 4
335.0 0 2 1 0 1 4
340.0 1 2 2 0 1 6
345.0 1 2 1 1 1 6
350.0 1 2 1 1 1 6
355.0 2 2 1 1 1 7
360.0 2 2 0 1 1 6
365.0 2 4 0 1 1 8
370.0 2 4 0 1 1 8
375.0 3 3 0 2 1 9
380.0 3 4 0 1 1 9
385.0 3 3 0 1 3 10
390.0 3 4 0 3 2 12
395.0 3 5 0 3 2 13
400.0 2 5 4 3 4 18
405.0 3 7 5 3 4 22
410.0 4 8 7 3 4 26
415.0 4 7 5 3 5 24
420.0 4 6 9 3 6 28
425.0 3 5 10 3 5 26
430.0 6 5 8 2 5 26
435.0 6 6 9 2 4 27
440.0 6 6 10 2 4 28
445.0 7 7 11 5 4 34
450.0 8 9 10 5 5 37
455.0 8 11 10 6 7 42
460.0 8 14 12 6 6 46
465.0 7 19 14 6 5 51
470.0 8 22 15 6 5 56
475.0 11 23 14 6 5 59
480.0 12 23 14 6 8 63
485.0 15 27 14 10 9 75
490.0 14 29 18 13 9 83
495.0 15 29 19 15 9 87
500.0 16 28 21 15 10 90
505.0 20 26 24 15 10 95
510.0 19 27 27 15 9 97
515.0 18 30 30 15 9 102
520.0 25 29 31 14 9 108
525.0 28 32 34 13 8 115
530.0 27 29 38 16 8 118
535.0 26 32 38 18 7 121
540.0 24 33 38 21 7 123
545.0 26 34 37 20 9 126
550.0 29 32 43 18 11 133
555.0 33 31 48 17 10 139
560.0 37 34 47 16 8 142
565.0 35 35 49 21 8 148
570.0 33 34 54 25 9 155
575.0 34 40 48 28 13 163
580.0 31 38 53 30 14 166
585.0 31 39 58 25 17 170
590.0 30 35 56 22 15 158
595.0 33 30 55 21 15 154
600.0 33 30 56 22 18 159
605.0 31 35 55 24 16 161
610.0 32 39 66 25 16 178
615.0 36 42 66 26 16 186
620.0 32 41 66 32 16 187
625.0 37 37 66 31 20 191
630.0 40 36 62 29 19 186
635.0 40 35 57 32 22 186
640.0 45 37 55 34 21 192
645.0 48 45 53 32 21 199
650.0 48 46 53 28 24 199
655.0 50 44 54 27 26 201
660.0 48 47 55 27 24 201
665.0 42 53 55 28 27 205
670.0 46 56 48 27 26 203
675.0 45 57 46 25 24 197
680.0 45 58 43 26 23 195
685.0 38 53 40 28 20 179
690.0 36 47 44 26 17 170
695.0 37 47 42 24 16 166
700.0 38 38 41 25 20 162
705.0 34 33 41 25 21 154
710.0 36 39 37 22 17 151
715.0 35 38 41 23 18 155
720.0 36 38 44 22 19 159
725.0 35 38 42 25 20 160
730.0 28 40 43 27 19 157
735.0 27 39 42 30 18 156
740.0 20 35 40 30 18 143
745.0 22 32 46 29 20 149
750.0 22 34 42 28 20 146
755.0 23 38 37 31 18 147
760.0 24 43 32 31 18 148
765.0 22 47 36 27 18 150
770.0 23 43 40 27 15 148
775.0 25 40 36 24 15 140
780.0 28 43 37 21 12 141
785.0 26 42 39 22 11 140
790.0 30 36 39 21 11 137
795.0 32 33 35 19 13 132
800.0 34 28 38 17 13 130
805.0 32 27 32 18 13 122
810.0 32 28 35 18 14 127
815.0 33 28 38 20 15 134
820.0 34 30 40 14 19 137
825.0 35 26 41 16 18 136
830.0 33 29 39 17 18 136
835.0 32 29 40 20 17 138
840.0 30 30 39 24 18 141
845.0 28 25 39 28 21 141
850.0 25 23 42 30 23 143
855.0 29 29 45 27 22 152
860.0 30 33 45 29 22 159
865.0 26 35 44 31 21 157
870.0 30 31 42 30 23 156
875.0 28 33 45 29 19 154
880.0 39 40 44 24 19 166
885.0 40 42 35 26 20 163
890.0 38 41 41 27 18 165
895.0 37 42 48 27 17 171
900.0 38 42 46 23 17 166
905.0 41 44 45 24 19 173
910.0 36 43 46 25 19 169
915.0 36 39 50 24 21 170
920.0 42 43 49 19 19 172
925.0 39 46 51 18 20 174
930.0 40 50 48 17 19 174
935.0 43 48 45 21 18 175
940.0 44 46 48 20 16 174
945.0 44 46 52 21 18 181
950.0 46 50 56 24 19 195
955.0 45 54 51 22 23 195
960.0 40 50 47 22 21 180
965.0 39 57 47 21 22 186
970.0 36 57 52 20 19 184
975.0 35 52 50 21 16 174
980.0 34 53 49 21 15 172
985.0 38 50 48 23 16 175
990.0 36 51 46 19 17 169
995.0 38 49 42 23 18 170
1000.0 36 46 38 26 18 164
1005.0 35 45 40 25 14 159
1010.0 38 47 41 24 12 162
1015.0 38 46 44 25 14 167
1020.0 47 37 46 29 13 172
1025.0 49 38 49 29 13 178
1030.0 48 39 48 24 13 172
1035.0 50 40 49 25 12 176
1040.0 47 40 53 26 13 179
1045.0 41 39 54 22 13 169
1050.0 43 42 56 22 14 177
1055.0 47 43 59 24 12 185
1060.0 54 39 64 24 12 193
1065.0 49 43 69 23 15 199
1070.0 47 42 71 22 15 197
1075.0 50 42 70 25 16 203
1080.0 55 38 72 23 15 203
1085.0 55 42 74 21 14 206
1090.0 63 47 72 15 12 209
1095.0 59 43 68 16 10 196
1100.0 62 45 60 17 12 196
1105.0 64 39 61 19 14 197
1110.0 64 42 61 20 13 200
1115.0 63 44 58 23 15 203
1120.0 64 41 57 21 15 198
1125.0 62 40 64 21 16 203
1130.0 49 44 67 29 15 204
1135.0 50 44 65 26 16 201
1140.0 52 47 63 29 17 208
1145.0 55 48 59 28 18 208
1150.0 56 42 59 33 19 209
1155.0 58 40 59 29 18 204
1160.0 49 40 61 28 20 198
1165.0 44 35 59 29 20 187
1170.0 46 32 51 26 18 173
1175.0 41 33 51 24 21 170
1180.0 40 38 49 20 22 169
1185.0 38 39 52 22 21 172
1190.0 33 34 56 27 20 170
1195.0 31 37 50 27 20 165
1200.0 26 42 49 26 19 162
1205.0 26 39 50 20 16 151
1210.0 27 39 49 19 15 149
1215.0 21 38 41 17 15 132
1220.0 17 33 36 17 16 119
1225.0 18 31 40 19 15 123
1230.0 23 34 40 16 13 126
1235.0 25 31 39 13 12 120
1240.0 22 31 34 14 12 113
1245.0 16 28 34 11 11 100
1250.0 18 29 33 11 10 101
1255.0 16 27 28 14 8 93
1260.0 17 24 25 15 7 88
1265.0 13 20 28 14 7 82
1270.0 13 20 24 12 4 73
1275.0 14 16 17 9 1 57
1280.0 15 12 14 11 1 53
1285.0 14 13 10 5 2 44
1290.0 12 10 10 6 3 41
1295.0 14 9 11 5 3 42
1300.0 14 6 10 5 3 38
1305.0 11 6 12 4 3 36
1310.0 13 5 9 5 3 35
1315.0 14 6 8 5 3 36
1320.0 9 7 9 4 3 32
1325.0 7 6 10 4 2 29
1330.0 6 5 5 4 2 22
1335.0 5 5 3 4 1 18
1340.0 4 4 4 4 1 17
1345.0 2 1 5 5 2 15
1350.0 1 3 3 3 1 11
1355.0 2 3 1 3 1 10
1360.0 2 1 1 2 1 7
1365.0 2 3 0 1 1 7
1370.0 2 4 0 1 0 7
1375.0 1 4 0 1 0 6
1380.0 0 4 0 1 0 5
1385.0 1 4 0 1 0 6
1390.0 1 5 0 1 0 7
1395.0 0 3 0 1 0 4
1400.0 0 1 0 0 0 1
1405.0 0 0 0 0 0 0
1410.0 0 0 0 0 0 0
1415.0 0 0 0 0 0 0
1420.0 0 0 0 0 0 0
1425.0 0 0 0 0 0 0
1430.0 0 0 0 0 0 0
1435.0 0 0 0 0 0 0
