5.0 0 0 0 0 0 0
10.0 0 0 0 0 0 0
15.0 0 0 0 0 0 0
20.0 0 0 0 0 0 0
25.0 0 0 0 0 0 0
30.0 0 0 0 0 0 0
35.0 0 0 0 0 0 0
40.0 0 0 0 0 0 0
45.0 0 0 0 0 0 0
50.0 0 0 0 0 0 0
55.0 0 0 0 0 0 0
60.0 0 0 0 0 0 0
65.0 0 0 0 0 0 0
70.0 0 0 0 0 0 0
75.0 0 0 0 0 0 0
80.0 0 0 0 0 0 0
85.0 0 0 0 0 0 0
90.0 0 0 0 0 0 0
95.0 0 0 0 0 0 0
100.0 0 0 0 0 0 0
105.0 0 0 0 0 0 0
110.0 0 0 0 0 0 0
115.0 0 0 0 0 0 0
120.0 0 0 0 0 0 0
125.0 0 0 0 0 0 0
130.0 0 0 0 0 0 0
135.0 0 0 0 0 0 0
140.0 0 0 0 0 0 0
145.0 0 0 0 0 0 0
150.0 0 0 0 0 0 0
155.0 0 0 0 0 0 0
160.0 0 0 0 0 0 0
165.0 0 0 0 0 0 0
170.0 0 0 0 0 0 0
175.0 0 0 0 0 0 0
180.0 0 0 0 0 0 0
185.0 0 0 0 0 0 0
190.0 0 0 0 0 0 0
195.0 0 0 0 1 0 1
200.0 0 0 0 1 0 1
205.0 0 0 0 1 0 1
210.0 0 0 0 1 0 1
215.0 0 0 0 1 0 1
220.0 0 0 0 1 0 1
225.0 0 0 0 1 0 1
230.0 0 0 0 1 0 1
235.0 0 0 0 1 0 1
240.0 0 0 0 1 0 1
245.0 0 0 0 1 0 1
250.0 0 0 0 1 0 1
255.0 0 0 0 0 0 0
260.0 0 0 0 0 0 0
265.0 0 0 0 0 0 0
270.0 0 0 1 0 0 1
275.0 0 0 1 0 0 1
280.0 0 0 1 0 0 1
285.0 0 0 1 0 0 1
290.0 0 0 1 0 0 1
295.0 0 0 0 1 0 1
300.0 0 0 0 1 0 1
305.0 0 0 0 1 0 1
310.0 0 1 0 0 0 1
315.0 0 1 0 0 0 1
320.0 0 1 0 0 0 1
325.0 0 1 0 0 0 1
330.0 0 1 0 0 0 1
335.0 0 1 0 0 0 1
340.0 0 1 1 0 0 2
345.0 1 1 2 0 0 4
350.0 1 1 2 0 0 4
355.0 1 1 3 0 0 5
360.0 1 2 3 0 0 6
365.0 1 2 3 0 0 6
370.0 0 3 2 1 0 6
375.0 0 3 1 1 0 5
380.0 0 5 2 0 0 7
385.0 0 6 3 0 0 9
390.0 0 6 3 0 0 9
395.0 0 6 3 0 0 9
400.0 2 6 2 0 1 11
405.0 3 6 1 0 1 11
410.0 4 6 1 0 1 12
415.0 4 6 1 0 1 12
420.0 5 6 1 0 2 14
425.0 7 4 0 0 2 13
430.0 7 3 0 0 2 12
435.0 8 3 1 0 2 14
440.0 8 5 3 1 3 20
445.0 9 7 4 1 3 24
450.0 10 7 4 1 4 26
455.0 10 7 6 3 4 30
460.0 9 8 7 4 5 33
465.0 8 10 7 4 4 33
470.0 7 11 9 4 5 36
475.0 7 10 8 4 5 34
480.0 7 8 9 4 5 33
485.0 7 10 9 3 6 35
490.0 8 9 13 2 6 38
495.0 7 8 13 2 8 38
500.0 10 8 15 3 8 44
505.0 11 8 17 4 7 47
510.0 12 10 20 5 7 54
515.0 16 13 24 5 7 65
520.0 15 15 25 6 10 71
525.0 13 16 26 7 9 71
530.0 18 17 27 4 10 76
535.0 14 16 28 7 10 75
540.0 17 16 32 10 11 86
545.0 18 13 29 14 10 84
550.0 20 16 30 17 11 94
555.0 20 19 29 17 11 96
560.0 20 17 32 16 12 97
565.0 20 17 34 18 11 100
570.0 18 20 34 19 10 101
575.0 20 23 35 18 9 105
580.0 20 30 30 18 11 109
585.0 25 32 28 14 13 112
590.0 26 30 27 16 13 112
595.0 24 28 26 15 13 106
600.0 26 29 26 15 12 108
605.0 26 30 28 17 12 113
610.0 30 30 23 17 11 111
615.0 31 33 24 19 13 120
620.0 34 31 22 21 13 121
625.0 34 34 21 23 13 125
630.0 33 35 22 25 12 127
635.0 34 32 21 23 13 123
640.0 31 33 22 20 15 121
645.0 33 30 21 19 16 119
650.0 31 26 26 20 16 119
655.0 32 30 26 20 16 124
660.0 34 29 27 16 15 121
665.0 30 26 25 20 14 115
670.0 28 24 26 21 13 112
675.0 24 25 25 21 13 108
680.0 23 24 26 22 12 107
685.0 25 28 22 19 13 107
690.0 23 27 26 19 15 110
695.0 21 27 26 19 13 106
700.0 20 26 25 18 12 101
705.0 21 28 25 18 11 103
710.0 20 21 31 20 11 103
715.0 15 22 31 20 10 98
720.0 13 21 31 21 10 96
725.0 10 23 26 22 10 91
730.0 11 25 25 23 10 94
735.0 14 25 23 22 11 95
740.0 12 24 24 19 9 88
745.0 12 23 31 16 9 91
750.0 14 22 30 15 7 88
755.0 14 21 28 15 7 85
760.0 14 18 21 15 9 77
765.0 13 19 24 14 9 79
770.0 12 18 23 14 9 76
775.0 16 16 22 13 8 75
780.0 18 17 26 12 7 80
785.0 21 18 21 15 8 83
790.0 19 20 22 14 7 82
795.0 17 17 25 12 7 78
800.0 17 18 25 13 6 79
805.0 15 20 21 12 7 75
810.0 16 20 21 11 7 75
815.0 16 21 19 11 7 74
820.0 18 26 20 12 6 82
825.0 22 27 22 9 5 85
830.0 26 28 20 8 3 85
835.0 25 27 20 9 4 85
840.0 17 24 23 9 5 78
845.0 17 23 28 8 4 80
850.0 16 22 29 9 6 82
855.0 20 22 30 9 9 90
860.0 23 17 36 10 9 95
865.0 25 17 33 10 10 95
870.0 26 17 31 8 9 91
875.0 25 18 27 7 8 85
880.0 22 21 26 6 8 83
885.0 20 24 26 8 8 86
890.0 22 22 29 7 8 88
895.0 22 22 28 10 7 89
900.0 25 21 29 11 9 95
905.0 27 19 28 10 10 94
910.0 28 21 27 10 10 96
915.0 26 19 32 11 11 99
920.0 25 23 30 11 13 102
925.0 22 26 30 14 13 105
930.0 18 26 29 14 13 100
935.0 19 27 25 14 13 98
940.0 20 27 22 12 16 97
945.0 21 29 23 9 15 97
950.0 20 30 25 7 13 95
955.0 24 22 31 7 14 98
960.0 25 24 28 8 14 99
965.0 26 26 25 8 15 100
970.0 27 31 26 9 14 107
975.0 21 30 29 13 15 108
980.0 22 24 26 15 15 102
985.0 20 23 25 15 16 99
990.0 20 22 31 12 15 100
995.0 23 18 28 14 15 98
1000.0 23 22 28 12 16 101
1005.0 17 22 32 14 14 99
1010.0 15 23 32 16 13 99
1015.0 13 23 32 16 11 95
1020.0 14 19 31 13 12 89
1025.0 20 18 35 14 12 99
1030.0 22 18 37 15 13 105
1035.0 23 16 35 14 14 102
1040.0 23 18 37 13 13 104
1045.0 24 16 36 12 13 101
1050.0 18 19 38 14 13 102
1055.0 20 19 37 17 12 105
1060.0 23 24 31 12 10 100
1065.0 24 26 36 10 10 106
1070.0 22 27 37 13 10 109
1075.0 22 25 36 13 10 106
1080.0 22 24 40 12 11 109
1085.0 17 26 38 14 11 106
1090.0 17 24 38 15 11 105
1095.0 15 21 41 16 12 105
1100.0 18 24 44 18 10 114
1105.0 23 21 47 17 9 117
1110.0 24 22 42 14 10 112
1115.0 27 23 39 11 11 111
1120.0 24 22 39 13 11 109
1125.0 24 25 40 16 11 116
1130.0 20 23 37 16 12 108
1135.0 19 24 29 17 12 101
1140.0 26 21 26 19 12 104
1145.0 23 20 28 19 12 102
1150.0 24 18 29 20 11 102
1155.0 26 18 36 19 12 111
1160.0 26 20 39 19 12 116
1165.0 24 18 38 17 13 110
1170.0 27 24 35 17 13 116
1175.0 22 25 34 22 15 118
1180.0 19 25 36 19 15 114
1185.0 16 19 34 19 15 103
1190.0 19 22 27 17 17 102
1195.0 20 22 25 15 16 98
1200.0 20 26 26 14 14 100
1205.0 22 23 22 12 13 92
1210.0 21 22 22 10 12 87
1215.0 24 19 21 10 12 86
1220.0 25 18 18 9 13 83
1225.0 23 16 17 9 9 74
1230.0 22 16 20 9 5 72
1235.0 21 15 22 6 4 68
1240.0 18 17 19 5 3 62
1245.0 17 19 15 4 3 58
1250.0 18 18 15 4 4 59
1255.0 20 11 11 6 4 52
1260.0 18 11 11 7 4 51
1265.0 18 9 10 8 4 49
1270.0 15 6 10 6 3 40
1275.0 13 4 10 5 3 35
1280.0 9 3 9 3 3 27
1285.0 6 4 9 5 1 25
1290.0 7 3 5 6 1 22
1295.0 8 3 4 6 1 22
1300.0 7 3 5 6 2 23
1305.0 7 3 6 3 2 21
1310.0 4 6 6 4 2 22
1315.0 4 6 4 3 3 20
1320.0 4 5 2 3 2 16
1325.0 4 3 2 2 3 14
1330.0 4 2 2 2 3 13
1335.0 1 1 2 2 3 9
1340.0 0 1 2 2 3 8
1345.0 0 1 3 1 2 7
1350.0 0 1 1 1 2 5
1355.0 0 1 0 0 1 2
1360.0 0 1 0 0 1 2
1365.0 1 0 0 0 0 1
1370.0 1 0 0 1 0 2
1375.0 1 0 0 1 0 2
1380.0 0 0 0 2 0 2
1385.0 0 0 1 2 0 3
1390.0 0 0 2 0 0 2
1395.0 0 0 2 0 0 2
1400.0 0 0 1 1 0 2
1405.0 0 0 1 1 0 2
1410.0 0 0 1 0 0 1
1415.0 0 0 2 0 0 2
1420.0 0 0 2 0 0 2
1425.0 0 0 2 0 0 2
1430.0 0 0 1 0 0 1
1435.0 0 0 1 0 0 1
