5.0 0 0 0 0 0 0
10.0 0 0 0 0 0 0
15.0 0 0 0 0 0 0
20.0 0 0 0 0 0 0
25.0 0 0 0 0 0 0
30.0 0 0 0 0 0 0
35.0 0 0 0 0 0 0
40.0 0 0 0 0 0 0
45.0 0 0 0 0 0 0
50.0 0 0 0 0 0 0
55.0 0 0 0 0 0 0
60.0 0 0 0 0 0 0
65.0 0 0 0 0 0 0
70.0 0 0 0 0 0 0
75.0 0 0 0 0 0 0
80.0 0 0 0 0 0 0
85.0 0 0 0 0 0 0
90.0 0 0 0 0 0 0
95.0 0 0 0 0 0 0
100.0 0 0 0 0 0 0
105.0 0 0 0 0 0 0
110.0 0 0 0 0 0 0
115.0 0 0 0 0 0 0
120.0 0 0 0 0 0 0
125.0 0 0 0 0 0 0
130.0 0 0 1 0 0 1
135.0 0 0 1 0 0 1
140.0 0 0 1 0 0 1
145.0 0 0 1 0 0 1
150.0 0 0 1 0 0 1
155.0 0 0 1 0 0 1
160.0 0 0 1 0 0 1
165.0 0 0 1 0 0 1
170.0 0 0 1 0 0 1
175.0 0 0 1 0 0 1
180.0 0 0 1 0 0 1
185.0 0 0 1 0 0 1
190.0 0 0 1 0 0 1
195.0 0 0 1 0 0 1
200.0 0 0 1 0 0 1
205.0 0 0 2 0 0 2
210.0 0 0 2 0 0 2
215.0 0 0 2 0 0 2
220.0 0 0 2 0 0 2
225.0 0 0 1 0 0 1
230.0 0 0 1 0 0 1
235.0 0 0 1 0 0 1
240.0 0 0 1 0 0 1
245.0 0 0 1 0 0 1
250.0 0 0 1 0 0 1
255.0 0 0 1 0 0 1
260.0 0 0 1 0 0 1
265.0 0 0 1 0 0 1
270.0 0 0 1 0 0 1
275.0 0 0 1 1 0 2
280.0 0 0 1 1 0 2
285.0 0 0 1 1 0 2
290.0 0 0 1 1 0 2
295.0 1 0 1 1 0 3
300.0 1 0 1 1 0 3
305.0 1 0 1 1 0 3
310.0 1 1 1 0 0 3
315.0 1 1 1 0 0 3
320.0 1 1 1 0 0 3
325.0 1 1 1 0 0 3
330.0 2 1 2 0 0 5
335.0 2 1 3 0 0 6
340.0 2 1 3 0 0 6
345.0 2 1 3 0 0 6
350.0 3 1 1 1 1 7
355.0 2 2 1 1 1 7
360.0 3 2 1 1 1 8
365.0 3 2 2 1 2 10
370.0 2 0 3 2 2 9
375.0 3 1 3 1 2 10
380.0 4 3 3 1 2 13
385.0 6 5 4 0 2 17
390.0 5 4 6 1 2 18
395.0 5 4 6 2 2 19
400.0 6 5 6 2 2 21
405.0 7 4 6 2 2 21
410.0 7 5 6 2 2 22
415.0 6 6 5 3 2 22
420.0 5 9 6 3 2 25
425.0 6 9 8 3 1 27
430.0 7 9 9 2 0 27
435.0 7 9 9 0 0 25
440.0 8 9 10 4 0 31
445.0 9 10 11 5 2 37
450.0 9 11 11 5 2 38
455.0 9 13 9 6 2 39
460.0 9 12 12 6 3 42
465.0 10 12 16 6 3 47
470.0 10 14 18 5 4 51
475.0 13 15 18 7 5 58
480.0 12 19 18 8 5 62
485.0 17 18 22 10 5 72
490.0 15 18 24 11 4 72
495.0 17 15 23 12 5 72
500.0 17 16 22 13 8 76
505.0 20 19 24 13 9 85
510.0 24 20 25 12 8 89
515.0 25 22 28 12 7 94
520.0 27 23 30 13 6 99
525.0 29 24 34 13 5 105
530.0 30 23 36 17 6 112
535.0 29 24 38 15 5 111
540.0 30 25 37 17 6 115
545.0 32 28 40 23 6 129
550.0 34 30 44 22 7 137
555.0 34 32 45 25 9 145
560.0 35 27 49 26 10 147
565.0 30 32 50 26 11 149
570.0 28 37 48 23 11 147
575.0 25 40 50 23 11 149
580.0 23 40 54 25 11 153
585.0 24 41 51 24 11 151
590.0 27 42 49 25 12 155
595.0 29 42 53 24 12 160
600.0 32 41 55 22 11 161
605.0 33 41 53 23 13 163
610.0 36 43 51 29 12 171
615.0 38 45 53 24 16 176
620.0 35 43 51 26 16 171
625.0 35 42 52 25 17 171
630.0 33 39 55 29 16 172
635.0 35 37 59 27 16 174
640.0 32 37 57 26 16 168
645.0 31 41 63 26 15 176
650.0 29 44 61 33 15 182
655.0 29 43 54 27 19 172
660.0 29 42 54 26 18 169
665.0 30 36 52 28 22 168
670.0 23 39 50 23 22 157
675.0 28 39 48 25 20 160
680.0 30 39 47 27 20 163
685.0 33 39 40 23 20 155
690.0 34 36 38 23 20 151
695.0 36 28 35 20 25 144
700.0 35 33 36 22 25 151
705.0 38 35 36 21 26 156
710.0 36 28 34 26 21 145
715.0 31 28 33 28 19 139
720.0 32 26 30 27 18 133
725.0 33 25 30 26 18 132
730.0 33 25 31 24 18 131
735.0 33 28 33 24 15 133
740.0 31 26 35 25 14 131
745.0 30 26 35 27 15 133
750.0 29 25 37 30 16 137
755.0 31 23 35 27 17 133
760.0 30 20 41 23 17 131
765.0 30 20 38 23 17 128
770.0 26 23 39 23 17 128
775.0 28 24 37 20 17 126
780.0 26 22 38 19 18 123
785.0 24 18 43 16 17 118
790.0 26 19 38 17 17 117
795.0 24 19 38 20 17 118
800.0 24 22 32 17 13 108
805.0 22 24 39 18 14 117
810.0 20 21 40 19 14 114
815.0 22 23 36 18 15 114
820.0 22 26 44 16 13 121
825.0 29 28 45 16 12 130
830.0 30 27 40 16 12 125
835.0 27 29 38 15 11 120
840.0 31 29 40 15 11 126
845.0 29 27 41 16 10 123
850.0 29 23 41 16 10 119
855.0 29 29 43 14 9 124
860.0 30 33 43 15 9 130
865.0 30 39 40 14 8 131
870.0 26 39 35 16 9 125
875.0 25 41 34 17 11 128
880.0 28 40 37 20 12 137
885.0 24 38 39 22 12 135
890.0 26 42 40 24 13 145
895.0 25 42 41 20 13 141
900.0 26 39 42 21 14 142
905.0 28 38 36 23 15 140
910.0 29 38 35 23 14 139
915.0 29 38 41 23 14 145
920.0 30 37 45 24 15 151
925.0 27 33 53 22 16 151
930.0 31 36 52 23 15 157
935.0 31 37 44 25 13 150
940.0 33 38 40 25 11 147
945.0 35 35 39 24 12 145
950.0 35 35 37 24 12 143
955.0 37 36 37 24 15 149
960.0 36 35 40 23 15 149
965.0 35 36 42 24 15 152
970.0 37 35 46 25 13 156
975.0 36 35 52 24 13 160
980.0 34 35 54 22 13 158
985.0 37 35 50 16 13 151
990.0 34 35 52 18 13 152
995.0 38 40 51 19 15 163
1000.0 36 42 53 20 16 167
1005.0 34 42 57 19 14 166
1010.0 33 44 51 16 13 157
1015.0 34 40 50 14 14 152
1020.0 32 38 46 16 14 146
1025.0 38 30 55 16 16 155
1030.0 44 29 56 16 13 158
1035.0 45 33 60 19 10 167
1040.0 49 34 57 20 10 170
1045.0 44 36 56 22 10 168
1050.0 41 42 56 23 9 171
1055.0 48 48 54 22 11 183
1060.0 44 48 51 20 10 173
1065.0 42 49 52 18 11 172
1070.0 45 47 50 17 13 172
1075.0 49 50 44 18 13 174
1080.0 47 53 48 21 11 180
1085.0 48 52 53 23 12 188
1090.0 45 53 57 22 15 192
1095.0 42 49 62 26 15 194
1100.0 46 52 69 27 13 207
1105.0 42 53 69 31 14 209
1110.0 40 54 68 34 16 212
1115.0 37 54 67 34 17 209
1120.0 37 50 67 34 17 205
1125.0 37 47 69 32 18 203
1130.0 41 49 66 30 19 205
1135.0 40 51 67 32 16 206
1140.0 43 52 63 30 19 207
1145.0 49 51 56 31 20 207
1150.0 44 47 57 32 20 200
1155.0 43 52 58 31 18 202
1160.0 43 46 57 32 22 200
1165.0 42 44 59 33 23 201
1170.0 42 38 59 26 23 188
1175.0 41 41 59 25 23 189
1180.0 41 42 55 23 22 183
1185.0 41 40 55 24 19 179
1190.0 33 43 51 25 17 169
1195.0 29 42 46 28 19 164
1200.0 33 40 44 26 18 161
1205.0 35 39 43 31 20 168
1210.0 39 34 41 26 19 159
1215.0 44 33 36 24 15 152
1220.0 43 35 37 23 16 154
1225.0 36 29 41 22 17 145
1230.0 26 28 41 22 15 132
1235.0 20 28 41 20 14 123
1240.0 22 33 37 15 11 118
1245.0 21 30 35 14 10 110
1250.0 17 28 33 15 8 101
1255.0 17 21 27 11 7 83
1260.0 18 24 21 12 6 81
1265.0 17 19 16 14 4 70
1270.0 15 22 14 14 4 69
1275.0 15 18 14 12 3 62
1280.0 16 15 13 9 3 56
1285.0 18 16 11 7 4 56
1290.0 18 14 16 9 4 61
1295.0 13 11 14 11 4 53
1300.0 13 10 15 10 5 53
1305.0 10 9 14 9 4 46
1310.0 7 11 9 7 2 36
1315.0 8 10 7 5 1 31
1320.0 9 9 7 4 1 30
1325.0 8 8 6 4 1 27
1330.0 7 7 6 4 1 25
1335.0 6 6 6 4 1 23
1340.0 4 5 4 4 1 18
1345.0 2 4 4 4 0 14
1350.0 2 4 4 4 0 14
1355.0 5 4 3 2 0 14
1360.0 4 2 6 3 0 15
1365.0 3 2 5 4 0 14
1370.0 2 2 5 4 0 13
1375.0 1 1 5 4 0 11
1380.0 2 1 3 2 0 8
1385.0 1 1 4 1 0 7
1390.0 0 1 4 1 0 6
1395.0 0 2 3 1 0 6
1400.0 0 2 3 1 0 6
1405.0 0 1 3 1 0 5
1410.0 0 1 3 1 0 5
1415.0 0 0 2 1 0 3
1420.0 0 0 2 1 0 3
1425.0 0 1 2 0 0 3
1430.0 0 1 1 0 0 2
1435.0 0 1 1 0 0 2
