5.0 0 0 0 0 0 0
10.0 0 0 0 0 0 0
15.0 0 0 0 0 0 0
20.0 0 0 0 0 0 0
25.0 0 0 0 0 0 0
30.0 0 0 0 0 0 0
35.0 0 0 0 0 0 0
40.0 0 0 0 0 0 0
45.0 0 0 0 0 0 0
50.0 0 0 0 0 0 0
55.0 0 0 0 0 0 0
60.0 0 0 0 0 0 0
65.0 0 0 0 0 0 0
70.0 0 0 0 0 0 0
75.0 0 0 0 0 0 0
80.0 0 0 0 0 0 0
85.0 0 0 0 0 0 0
90.0 0 0 0 0 0 0
95.0 0 0 0 0 0 0
100.0 0 0 0 0 0 0
105.0 0 0 0 0 0 0
110.0 0 0 0 0 0 0
115.0 0 0 0 0 0 0
120.0 0 0 0 0 0 0
125.0 0 0 0 0 0 0
130.0 0 0 0 0 0 0
135.0 0 0 0 0 0 0
140.0 0 0 0 0 0 0
145.0 0 0 0 0 0 0
150.0 0 0 0 0 0 0
155.0 0 0 0 0 0 0
160.0 0 0 0 0 0 0
165.0 0 0 0 0 0 0
170.0 0 0 0 0 0 0
175.0 0 0 0 0 0 0
180.0 0 0 0 0 0 0
185.0 0 0 0 0 0 0
190.0 0 0 0 0 0 0
195.0 0 0 0 0 0 0
200.0 0 0 0 0 0 0
205.0 0 0 0 0 0 0
210.0 0 0 0 0 0 0
215.0 0 0 0 0 0 0
220.0 0 0 0 0 0 0
225.0 0 0 0 0 0 0
230.0 0 0 0 0 0 0
235.0 0 0 0 0 0 0
240.0 0 0 0 0 0 0
245.0 0 0 0 0 0 0
250.0 0 0 1 0 0 1
255.0 0 0 1 0 0 1
260.0 0 0 1 0 0 1
265.0 0 0 1 0 0 1
270.0 0 0 1 0 0 1
275.0 0 0 1 0 0 1
280.0 0 0 1 0 0 1
285.0 0 0 1 0 0 1
290.0 0 0 1 0 0 1
295.0 0 0 1 0 0 1
300.0 0 0 1 0 0 1
305.0 0 0 1 0 0 1
310.0 0 0 1 0 0 1
315.0 0 0 1 0 0 1
320.0 0 0 1 0 0 1
325.0 0 0 1 0 0 1
330.0 0 0 1 0 0 1
335.0 0 0 0 0 0 0
340.0 0 0 0 0 0 0
345.0 0 0 0 0 0 0
350.0 0 0 0 0 0 0
355.0 0 0 0 0 0 0
360.0 0 0 0 0 0 0
365.0 0 0 0 0 0 0
370.0 0 0 0 0 0 0
375.0 0 0 0 0 0 0
380.0 0 0 0 0 0 0
385.0 0 0 1 0 0 1
390.0 0 0 2 0 0 2
395.0 0 1 2 0 0 3
400.0 0 1 2 0 0 3
405.0 0 1 2 0 0 3
410.0 0 2 1 0 0 3
415.0 0 2 1 0 0 3
420.0 2 2 1 0 0 5
425.0 2 2 1 0 0 5
430.0 3 3 0 0 0 6
435.0 3 3 0 0 0 6
440.0 3 3 0 0 0 6
445.0 4 3 0 1 0 8
450.0 3 2 1 1 0 7
455.0 3 2 1 1 0 7
460.0 3 2 1 1 0 7
465.0 4 3 1 1 0 9
470.0 4 3 1 1 1 10
475.0 3 3 5 1 1 13
480.0 4 2 5 1 1 13
485.0 4 1 6 1 1 13
490.0 6 3 7 1 1 18
495.0 6 3 7 2 1 19
500.0 5 3 8 2 1 19
505.0 6 2 8 2 1 19
510.0 7 2 7 2 1 19
515.0 8 1 4 2 1 16
520.0 7 3 6 3 2 21
525.0 7 3 7 3 2 22
530.0 5 3 8 4 3 23
535.0 5 3 10 4 4 26
540.0 5 5 11 3 4 28
545.0 7 4 11 3 4 29
550.0 7 6 11 3 4 31
555.0 7 6 15 3 6 37
560.0 10 6 15 3 4 38
565.0 10 5 17 3 2 37
570.0 11 6 14 5 2 38
575.0 9 4 14 7 3 37
580.0 9 4 15 7 3 38
585.0 10 7 11 6 4 38
590.0 10 8 12 7 4 41
595.0 10 9 12 5 4 40
600.0 13 9 13 4 4 43
605.0 12 8 13 4 5 42
610.0 12 11 14 3 5 45
615.0 10 12 13 2 5 42
620.0 10 10 13 3 4 40
625.0 12 10 13 3 3 41
630.0 13 11 10 3 3 40
635.0 12 10 10 4 3 39
640.0 11 9 8 4 2 34
645.0 12 7 6 3 2 30
650.0 12 9 6 2 2 31
655.0 12 9 7 2 3 33
660.0 10 8 7 3 3 31
665.0 9 7 7 4 3 30
670.0 5 6 6 4 2 23
675.0 5 8 5 4 3 25
680.0 5 9 5 3 3 25
685.0 7 8 7 5 4 31
690.0 6 7 10 5 5 33
695.0 4 8 10 6 5 33
700.0 4 10 9 6 4 33
705.0 3 10 10 8 5 36
710.0 4 7 12 8 4 35
715.0 4 7 12 6 3 32
720.0 4 6 15 6 3 34
725.0 4 6 13 5 3 31
730.0 3 6 12 3 4 28
735.0 3 7 12 3 4 29
740.0 5 8 12 1 4 30
745.0 5 7 12 1 3 28
750.0 7 7 13 1 3 31
755.0 7 8 11 1 2 29
760.0 6 8 10 1 3 28
765.0 7 9 10 2 3 31
770.0 8 10 6 2 3 29
775.0 8 11 6 3 4 32
780.0 8 12 6 3 3 32
785.0 6 11 6 2 3 28
790.0 6 10 8 2 3 29
795.0 6 10 10 2 3 31
800.0 6 10 8 2 3 29
805.0 7 11 7 2 3 30
810.0 8 10 7 1 3 29
815.0 9 9 8 2 3 31
820.0 9 9 8 2 2 30
825.0 6 8 7 2 2 25
830.0 5 8 6 2 2 23
835.0 4 10 8 2 2 26
840.0 5 9 9 4 3 30
845.0 5 8 8 5 3 29
850.0 4 9 7 5 3 28
855.0 4 13 7 5 3 32
860.0 6 12 9 5 3 35
865.0 7 12 8 4 3 34
870.0 7 12 9 4 3 35
875.0 7 12 10 1 2 32
880.0 7 12 8 2 2 31
885.0 8 11 7 2 2 30
890.0 7 11 6 4 1 29
895.0 5 16 7 4 1 33
900.0 4 15 6 4 1 30
905.0 4 13 6 4 1 28
910.0 4 13 6 4 2 29
915.0 3 12 7 4 3 29
920.0 5 10 6 5 3 29
925.0 8 9 6 5 4 32
930.0 9 10 6 5 3 33
935.0 8 11 6 5 2 32
940.0 8 12 7 6 2 35
945.0 9 12 8 4 2 35
950.0 9 11 10 3 3 36
955.0 9 10 11 5 3 38
960.0 7 11 12 3 2 35
965.0 7 12 10 3 3 35
970.0 5 11 10 6 3 35
975.0 4 10 9 6 3 32
980.0 4 11 7 7 3 32
985.0 6 9 8 5 3 31
990.0 5 9 9 5 3 31
995.0 6 7 11 5 2 31
1000.0 10 7 9 4 2 32
1005.0 9 8 11 5 2 35
1010.0 12 8 12 5 2 39
1015.0 11 8 12 5 2 38
1020.0 11 8 14 6 2 41
1025.0 14 7 10 5 2 38
1030.0 13 6 12 4 3 38
1035.0 15 6 15 4 3 43
1040.0 17 5 14 3 3 42
1045.0 15 7 13 4 3 42
1050.0 15 9 15 3 3 45
1055.0 14 8 15 4 2 43
1060.0 14 9 15 4 2 44
1065.0 13 13 14 4 2 46
1070.0 10 13 13 4 2 42
1075.0 7 15 13 5 3 43
1080.0 6 14 12 5 3 40
1085.0 7 13 12 4 3 39
1090.0 7 12 12 5 2 38
1095.0 7 10 17 3 3 40
1100.0 8 9 16 3 2 38
1105.0 10 8 13 3 3 37
1110.0 10 8 12 4 3 37
1115.0 10 9 10 6 3 38
1120.0 10 8 10 5 3 36
1125.0 11 8 10 7 4 40
1130.0 13 10 10 7 2 42
1135.0 15 11 9 7 2 44
1140.0 15 12 10 8 2 47
1145.0 11 12 9 7 2 41
1150.0 7 10 9 9 2 37
1155.0 11 6 13 7 2 39
1160.0 11 9 9 6 2 37
1165.0 11 10 10 6 2 39
1170.0 12 10 10 5 2 39
1175.0 12 10 6 4 1 33
1180.0 12 14 6 5 2 39
1185.0 13 14 7 4 3 41
1190.0 12 12 10 4 3 41
1195.0 10 10 9 4 3 36
1200.0 7 10 8 4 3 32
1205.0 5 9 8 5 3 30
1210.0 1 8 6 6 4 25
1215.0 0 7 6 4 4 21
1220.0 0 6 6 4 3 19
1225.0 0 7 5 4 3 19
1230.0 0 6 4 3 3 16
1235.0 0 3 5 0 3 11
1240.0 1 3 6 0 3 13
1245.0 1 3 3 2 3 12
1250.0 1 4 2 3 3 13
1255.0 1 4 3 3 3 14
1260.0 2 4 4 2 3 15
1265.0 2 4 4 1 3 14
1270.0 1 3 5 1 3 13
1275.0 0 3 5 1 3 12
1280.0 0 2 3 0 3 8
1285.0 0 3 3 0 3 9
1290.0 0 3 3 0 3 9
1295.0 0 4 3 0 3 10
1300.0 0 4 1 0 3 8
1305.0 0 4 1 0 3 8
1310.0 0 2 1 0 2 5
1315.0 0 2 1 0 2 5
1320.0 0 2 1 0 2 5
1325.0 0 1 0 0 1 2
1330.0 0 1 0 0 1 2
1335.0 0 2 0 0 1 3
1340.0 0 2 0 0 1 3
1345.0 0 1 0 0 1 2
1350.0 0 1 0 0 1 2
1355.0 0 1 0 0 1 2
1360.0 0 0 0 0 1 1
1365.0 0 0 0 0 1 1
1370.0 0 0 0 0 1 1
1375.0 0 0 0 0 1 1
1380.0 0 0 0 0 1 1
1385.0 0 0 0 0 1 1
1390.0 0 0 0 0 1 1
1395.0 0 0 0 0 1 1
1400.0 0 0 0 0 1 1
1405.0 0 0 0 0 0 0
1410.0 0 0 0 0 0 0
1415.0 0 0 0 0 0 0
1420.0 0 0 0 0 0 0
1425.0 0 0 0 0 0 0
1430.0 0 0 0 0 0 0
1435.0 0 0 0 0 0 0
