5.0 0 0 0 0 0 0
10.0 0 0 0 0 0 0
15.0 0 0 0 0 0 0
20.0 0 0 0 0 0 0
25.0 0 0 0 0 0 0
30.0 0 0 0 0 0 0
35.0 0 0 0 0 0 0
40.0 0 0 0 0 0 0
45.0 0 0 0 0 0 0
50.0 0 0 0 0 0 0
55.0 0 0 0 0 0 0
60.0 0 0 0 0 0 0
65.0 0 0 0 0 0 0
70.0 0 0 0 0 0 0
75.0 0 0 0 0 0 0
80.0 0 0 0 0 0 0
85.0 0 0 0 0 0 0
90.0 0 0 0 0 0 0
95.0 0 0 0 0 0 0
100.0 0 0 0 0 0 0
105.0 0 0 0 0 0 0
110.0 0 0 0 0 0 0
115.0 0 0 0 0 0 0
120.0 0 0 0 0 0 0
125.0 0 0 0 0 0 0
130.0 0 0 0 0 0 0
135.0 0 0 0 0 0 0
140.0 0 0 0 0 0 0
145.0 0 0 0 0 0 0
150.0 0 0 0 0 0 0
155.0 0 0 0 0 0 0
160.0 0 0 0 0 0 0
165.0 0 0 0 0 0 0
170.0 0 0 0 0 0 0
175.0 0 0 0 0 0 0
180.0 0 0 0 0 0 0
185.0 0 0 0 0 0 0
190.0 0 0 0 0 0 0
195.0 0 0 0 0 0 0
200.0 0 0 0 0 0 0
205.0 0 0 0 0 0 0
210.0 0 0 0 0 0 0
215.0 0 0 0 0 0 0
220.0 0 0 0 0 0 0
225.0 0 0 0 0 0 0
230.0 0 0 0 0 0 0
235.0 0 0 0 0 0 0
240.0 0 0 0 0 0 0
245.0 0 0 0 0 0 0
250.0 0 0 0 0 0 0
255.0 0 0 0 0 0 0
260.0 0 0 0 0 0 0
265.0 0 0 0 0 0 0
270.0 0 0 0 0 0 0
275.0 0 0 0 0 0 0
280.0 0 0 0 0 0 0
285.0 0 0 0 0 0 0
290.0 0 0 0 0 0 0
295.0 0 1 0 0 0 1
300.0 0 1 0 0 0 1
305.0 0 2 0 0 0 2
310.0 0 1 0 0 0 1
315.0 0 1 0 0 0 1
320.0 0 2 0 0 0 2
325.0 0 2 0 0 0 2
330.0 0 2 0 0 0 2
335.0 1 1 1 0 0 3
340.0 1 2 1 0 0 4
345.0 1 2 1 0 0 4
350.0 1 2 1 0 1 5
355.0 2 1 1 0 1 5
360.0 3 1 1 0 1 6
365.0 2 1 1 0 1 5
370.0 2 1 2 0 1 6
375.0 0 2 3 1 1 7
380.0 0 3 1 1 1 6
385.0 1 4 0 1 2 8
390.0 2 5 0 1 2 10
395.0 2 5 0 1 2 10
400.0 0 5 0 2 2 9
405.0 3 6 1 2 2 14
410.0 4 6 2 2 2 16
415.0 4 6 3 3 2 18
420.0 5 8 4 2 2 21
425.0 4 8 4 5 2 23
430.0 5 8 5 5 2 25
435.0 7 10 6 4 1 28
440.0 8 13 5 6 0 32
445.0 8 15 5 6 0 34
450.0 9 15 5 7 0 36
455.0 11 17 5 7 1 41
460.0 11 18 6 6 2 43
465.0 14 16 9 8 3 50
470.0 15 18 10 8 3 54
475.0 13 19 12 8 3 55
480.0 13 15 16 7 5 56
485.0 12 18 17 7 5 59
490.0 13 24 19 7 4 67
495.0 12 25 22 7 5 71
500.0 13 25 21 8 6 73
505.0 15 28 22 8 6 79
510.0 15 28 24 9 6 82
515.0 16 26 25 10 7 84
520.0 14 26 26 11 7 84
525.0 12 22 29 13 7 83
530.0 17 23 32 12 7 91
535.0 18 25 32 15 7 97
540.0 18 25 34 14 8 99
545.0 22 23 34 16 8 103
550.0 21 22 32 17 7 99
555.0 22 23 35 19 7 106
560.0 22 22 40 19 8 111
565.0 20 26 41 19 9 115
570.0 26 26 43 17 9 121
575.0 26 24 42 18 11 121
580.0 27 28 43 17 9 124
585.0 27 31 41 17 10 126
590.0 25 30 42 20 13 130
595.0 26 34 41 21 12 134
600.0 24 36 43 20 12 135
605.0 29 35 47 21 10 142
610.0 35 31 47 18 11 142
615.0 33 29 45 19 11 137
620.0 31 28 51 18 10 138
625.0 36 35 49 19 10 149
630.0 32 40 53 19 11 155
635.0 37 40 50 17 12 156
640.0 33 39 49 23 13 157
645.0 33 43 48 20 14 158
650.0 34 41 46 21 14 156
655.0 38 39 45 17 12 151
660.0 36 40 40 15 14 145
665.0 37 38 40 16 12 143
670.0 30 36 38 19 13 136
675.0 34 33 37 16 13 133
680.0 31 26 41 15 15 128
685.0 30 28 36 16 15 125
690.0 27 28 35 17 18 125
695.0 28 26 33 18 16 121
700.0 28 30 39 20 16 133
705.0 27 31 43 20 16 137
710.0 29 28 42 19 15 133
715.0 30 27 38 18 14 127
720.0 26 28 36 17 14 121
725.0 21 24 38 20 13 116
730.0 19 22 42 18 12 113
735.0 18 24 40 17 10 109
740.0 24 21 38 18 9 110
745.0 25 22 34 18 9 108
750.0 25 23 34 19 9 110
755.0 28 24 38 20 9 119
760.0 26 22 36 20 12 116
765.0 22 22 27 24 10 105
770.0 24 22 23 23 9 101
775.0 26 24 19 26 9 104
780.0 24 22 22 28 10 106
785.0 26 21 24 24 12 107
790.0 30 20 26 24 11 111
795.0 27 19 32 22 9 109
800.0 29 16 32 21 12 110
805.0 27 17 33 24 12 113
810.0 27 18 31 22 12 110
815.0 26 16 32 17 12 103
820.0 27 15 32 15 12 101
825.0 23 17 34 15 12 101
830.0 23 18 34 14 12 101
835.0 24 18 34 14 14 104
840.0 24 18 34 13 14 103
845.0 24 15 34 14 12 99
850.0 32 19 33 12 11 107
855.0 33 22 29 10 11 105
860.0 33 24 29 13 11 110
865.0 30 22 33 12 11 108
870.0 27 27 37 13 11 115
875.0 26 29 41 12 11 119
880.0 30 24 44 12 11 121
885.0 31 24 42 15 15 127
890.0 31 23 42 15 14 125
895.0 31 28 41 18 12 130
900.0 30 32 36 16 13 127
905.0 25 35 36 16 12 124
910.0 28 39 39 18 12 136
915.0 33 37 35 19 12 136
920.0 37 34 37 17 12 137
925.0 40 33 38 16 9 136
930.0 36 30 41 16 9 132
935.0 34 32 41 17 10 134
940.0 33 34 39 20 9 135
945.0 33 31 36 22 9 131
950.0 28 30 40 18 9 125
955.0 24 30 39 18 10 121
960.0 25 33 37 19 9 123
965.0 27 27 38 23 10 125
970.0 32 27 41 22 10 132
975.0 35 23 41 19 10 128
980.0 34 30 41 15 11 131
985.0 36 31 38 17 10 132
990.0 35 31 40 16 12 134
995.0 30 28 43 17 10 128
1000.0 32 30 43 17 8 130
1005.0 31 32 42 15 8 128
1010.0 38 31 49 15 11 144
1015.0 39 33 46 15 12 145
1020.0 41 37 44 15 11 148
1025.0 40 36 44 16 15 151
1030.0 36 35 47 17 14 149
1035.0 36 29 51 13 14 143
1040.0 32 32 50 12 15 141
1045.0 31 31 40 13 12 127
1050.0 31 28 43 11 12 125
1055.0 34 30 42 13 8 127
1060.0 37 22 41 13 7 120
1065.0 38 24 44 13 7 126
1070.0 36 27 41 16 7 127
1075.0 34 31 43 18 6 132
1080.0 40 28 43 19 6 136
1085.0 43 28 44 20 7 142
1090.0 33 30 46 20 10 139
1095.0 33 29 43 20 11 136
1100.0 35 32 40 21 11 139
1105.0 38 35 47 19 9 148
1110.0 40 41 49 17 10 157
1115.0 42 45 41 12 10 150
1120.0 45 43 42 16 9 155
1125.0 43 42 43 17 11 156
1130.0 40 42 48 19 11 160
1135.0 45 39 49 21 10 164
1140.0 43 41 47 21 12 164
1145.0 44 43 50 21 13 171
1150.0 45 39 49 24 13 170
1155.0 43 38 50 24 15 170
1160.0 41 38 47 22 15 163
1165.0 36 34 49 27 17 163
1170.0 27 31 47 28 18 151
1175.0 25 31 49 20 18 143
1180.0 25 30 54 21 16 146
1185.0 25 29 52 20 15 141
1190.0 23 30 55 16 17 141
1195.0 25 29 53 12 17 136
1200.0 24 28 49 12 16 129
1205.0 21 29 47 11 16 124
1210.0 17 27 41 10 15 110
1215.0 23 29 39 9 17 117
1220.0 24 28 36 11 14 113
1225.0 20 28 34 13 13 108
1230.0 22 24 28 16 13 103
1235.0 23 25 24 13 13 98
1240.0 24 24 22 9 12 91
1245.0 22 21 22 8 11 84
1250.0 21 18 21 7 8 75
1255.0 21 17 22 6 6 72
1260.0 23 19 18 6 3 69
1265.0 21 18 17 6 3 65
1270.0 17 15 17 6 4 59
1275.0 15 14 17 6 4 56
1280.0 15 14 14 6 6 55
1285.0 13 13 11 4 5 46
1290.0 9 13 12 3 5 42
1295.0 8 12 10 1 5 36
1300.0 7 10 9 2 5 33
1305.0 8 9 9 3 4 33
1310.0 5 8 9 3 3 28
1315.0 4 5 8 4 3 24
1320.0 3 3 6 3 3 18
1325.0 3 2 7 2 3 17
1330.0 2 2 6 2 3 15
1335.0 2 1 4 2 2 11
1340.0 2 1 3 1 2 9
1345.0 2 2 2 0 2 8
1350.0 1 1 2 0 2 6
1355.0 2 1 2 0 2 7
1360.0 1 2 2 1 2 8
1365.0 2 1 2 1 1 7
1370.0 2 2 1 1 1 7
1375.0 2 1 1 1 1 6
1380.0 2 1 1 0 0 4
1385.0 2 1 1 0 0 4
1390.0 1 1 1 0 0 3
1395.0 1 1 0 0 0 2
1400.0 1 1 0 0 0 2
1405.0 1 1 0 0 0 2
1410.0 1 1 0 0 0 2
1415.0 1 1 0 0 0 2
1420.0 0 0 0 0 0 0
1425.0 1 0 0 0 0 1
1430.0 0 0 0 0 0 0
1435.0 0 0 0 0 0 0
