5.0 0 0 0 0 0 0
10.0 0 0 0 0 0 0
15.0 0 0 0 0 0 0
20.0 0 0 0 0 0 0
25.0 0 0 0 0 0 0
30.0 0 0 0 0 0 0
35.0 0 0 0 0 0 0
40.0 0 0 0 0 0 0
45.0 0 0 0 0 0 0
50.0 0 0 0 0 0 0
55.0 0 0 0 0 0 0
60.0 0 0 0 0 0 0
65.0 0 0 0 0 0 0
70.0 0 0 0 0 0 0
75.0 0 0 0 0 0 0
80.0 0 0 0 0 0 0
85.0 0 0 0 0 0 0
90.0 0 0 0 0 0 0
95.0 0 0 0 0 0 0
100.0 0 0 0 0 0 0
105.0 0 0 0 0 0 0
110.0 0 0 0 0 0 0
115.0 0 0 0 0 0 0
120.0 0 0 0 0 0 0
125.0 0 0 0 0 0 0
130.0 0 0 0 0 0 0
135.0 0 0 0 0 0 0
140.0 0 0 0 0 0 0
145.0 0 0 0 0 0 0
150.0 0 0 0 0 0 0
155.0 0 0 0 0 0 0
160.0 0 0 0 0 0 0
165.0 0 0 0 0 0 0
170.0 0 0 0 0 0 0
175.0 0 0 0 0 0 0
180.0 0 0 0 0 0 0
185.0 0 0 0 0 0 0
190.0 0 0 0 0 0 0
195.0 0 0 0 0 0 0
200.0 0 0 0 0 0 0
205.0 0 0 0 0 0 0
210.0 0 0 0 0 0 0
215.0 0 0 0 0 0 0
220.0 0 0 0 0 0 0
225.0 0 0 0 0 0 0
230.0 0 0 0 0 0 0
235.0 0 0 0 0 0 0
240.0 0 0 0 0 0 0
245.0 0 0 0 0 0 0
250.0 0 0 0 0 0 0
255.0 0 0 0 0 0 0
260.0 0 0 0 0 0 0
265.0 0 0 0 0 0 0
270.0 0 0 0 0 0 0
275.0 0 0 0 0 0 0
280.0 0 0 0 0 0 0
285.0 0 0 0 0 0 0
290.0 0 0 0 0 0 0
295.0 0 0 0 0 0 0
300.0 0 0 0 0 0 0
305.0 0 0 0 0 0 0
310.0 0 0 0 0 0 0
315.0 0 0 0 0 0 0
320.0 0 0 0 0 0 0
325.0 0 0 0 0 0 0
330.0 0 0 0 0 0 0
335.0 0 0 0 0 0 0
340.0 0 0 1 0 0 1
345.0 0 0 1 0 0 1
350.0 0 0 1 0 0 1
355.0 0 1 1 0 0 2
360.0 0 1 0 0 0 1
365.0 0 1 1 0 0 2
370.0 0 1 1 0 0 2
375.0 0 2 0 0 0 2
380.0 0 2 0 0 0 2
385.0 1 2 0 0 0 3
390.0 1 4 0 2 0 7
395.0 1 4 1 2 0 8
400.0 1 5 2 1 0 9
405.0 1 5 2 1 0 9
410.0 0 5 3 2 0 10
415.0 2 5 3 2 0 12
420.0 2 5 4 2 0 13
425.0 3 5 4 2 1 15
430.0 5 4 3 1 1 14
435.0 6 5 3 1 1 16
440.0 6 5 3 1 1 16
445.0 7 5 3 0 1 16
450.0 6 6 4 1 1 18
455.0 5 6 3 2 1 17
460.0 7 5 2 2 1 17
465.0 6 5 3 2 2 18
470.0 5 5 5 4 2 21
475.0 5 6 6 3 2 22
480.0 6 5 7 3 2 23
485.0 5 6 8 2 2 23
490.0 6 6 10 1 3 26
495.0 7 6 10 2 3 28
500.0 8 8 14 2 4 36
505.0 10 9 14 3 4 40
510.0 11 9 14 3 3 40
515.0 12 9 14 4 3 42
520.0 13 7 15 4 4 43
525.0 12 7 15 5 4 43
530.0 14 7 18 4 4 47
535.0 14 6 19 4 5 48
540.0 12 7 20 5 5 49
545.0 12 8 21 6 5 52
550.0 14 10 22 7 6 59
555.0 16 13 19 8 5 61
560.0 22 14 15 8 5 64
565.0 23 15 15 7 5 65
570.0 21 14 16 8 6 65
575.0 16 16 18 8 5 63
580.0 20 18 19 6 4 67
585.0 19 20 18 5 4 66
590.0 16 19 19 7 4 65
595.0 12 16 19 11 7 65
600.0 13 16 18 11 8 66
605.0 14 13 21 11 8 67
610.0 17 15 17 10 7 66
615.0 21 16 17 14 7 75
620.0 20 19 17 17 6 79
625.0 22 17 19 12 6 76
630.0 21 18 23 10 6 78
635.0 20 17 26 12 6 81
640.0 20 18 24 14 6 82
645.0 21 19 22 12 9 83
650.0 21 19 22 13 9 84
655.0 21 18 24 14 9 86
660.0 20 20 21 15 9 85
665.0 23 19 22 11 8 83
670.0 22 23 22 12 8 87
675.0 20 23 23 12 10 88
680.0 16 21 25 11 9 82
685.0 16 19 26 11 10 82
690.0 16 16 26 11 8 77
695.0 21 20 24 8 10 83
700.0 24 20 24 7 10 85
705.0 22 20 18 8 10 78
710.0 21 23 14 7 10 75
715.0 22 21 14 7 10 74
720.0 22 17 15 6 11 71
725.0 22 12 12 5 13 64
730.0 19 12 15 9 13 68
735.0 18 13 15 9 11 66
740.0 15 14 20 10 12 71
745.0 17 14 23 8 11 73
750.0 17 13 23 7 9 69
755.0 16 14 22 9 9 70
760.0 21 11 18 8 8 66
765.0 20 12 16 6 10 64
770.0 23 9 15 7 10 64
775.0 22 9 15 6 10 62
780.0 22 10 17 7 10 66
785.0 19 9 18 11 10 67
790.0 16 9 19 11 8 63
795.0 15 8 18 11 8 60
800.0 15 10 19 10 9 63
805.0 12 10 18 11 11 62
810.0 9 11 18 12 12 62
815.0 8 9 16 13 10 56
820.0 8 10 19 14 8 59
825.0 8 12 19 12 9 60
830.0 11 10 21 11 9 62
835.0 10 10 25 11 9 65
840.0 10 9 26 9 10 64
845.0 12 9 26 11 9 67
850.0 11 9 24 11 10 65
855.0 14 11 25 11 10 71
860.0 15 11 22 11 10 69
865.0 15 14 21 12 11 73
870.0 15 12 18 11 12 68
875.0 14 14 22 8 14 72
880.0 16 15 24 5 14 74
885.0 15 16 25 6 15 77
890.0 18 17 20 6 14 75
895.0 15 16 17 11 15 74
900.0 14 18 20 10 15 77
905.0 19 20 18 7 15 79
910.0 22 18 12 6 14 72
915.0 18 22 12 8 15 75
920.0 18 21 13 7 16 75
925.0 17 21 13 10 18 79
930.0 18 20 14 11 18 81
935.0 15 22 13 10 18 78
940.0 19 24 14 9 18 84
945.0 16 27 13 12 17 85
950.0 18 26 15 11 16 86
955.0 13 28 18 14 16 89
960.0 12 28 21 14 12 87
965.0 12 26 22 13 11 84
970.0 16 24 22 9 10 81
975.0 17 27 18 7 10 79
980.0 17 27 15 6 10 75
985.0 20 27 12 5 10 74
990.0 19 27 15 5 10 76
995.0 17 28 19 8 9 81
1000.0 15 24 18 9 8 74
1005.0 12 24 17 8 8 69
1010.0 12 22 16 6 8 64
1015.0 13 19 17 6 7 62
1020.0 13 16 19 6 7 61
1025.0 15 15 18 8 8 64
1030.0 11 16 18 10 8 63
1035.0 12 16 21 10 6 65
1040.0 16 14 22 6 6 64
1045.0 19 18 23 5 5 70
1050.0 15 19 21 4 6 65
1055.0 14 18 22 6 6 66
1060.0 15 14 23 8 8 68
1065.0 12 14 23 10 6 65
1070.0 11 15 20 12 8 66
1075.0 12 16 13 14 8 63
1080.0 15 19 16 12 10 72
1085.0 16 20 17 14 13 80
1090.0 17 18 20 12 12 79
1095.0 16 18 21 9 9 73
1100.0 17 19 21 10 9 76
1105.0 15 18 24 9 7 73
1110.0 17 17 22 12 8 76
1115.0 17 20 20 9 7 73
1120.0 18 21 17 9 8 73
1125.0 19 22 17 10 8 76
1130.0 19 22 20 10 8 79
1135.0 21 20 21 10 8 80
1140.0 18 20 22 11 8 79
1145.0 19 20 22 13 8 82
1150.0 18 16 21 14 9 78
1155.0 16 19 18 14 8 75
1160.0 16 18 17 14 6 71
1165.0 13 21 19 14 6 73
1170.0 12 19 22 15 7 75
1175.0 13 19 21 13 8 74
1180.0 13 20 19 11 8 71
1185.0 15 18 21 10 9 73
1190.0 17 15 18 9 10 69
1195.0 13 16 17 10 9 65
1200.0 13 16 17 12 9 67
1205.0 10 15 17 13 8 63
1210.0 10 11 17 13 9 60
1215.0 11 11 18 16 11 67
1220.0 11 9 20 16 8 64
1225.0 12 11 18 15 6 62
1230.0 15 9 16 13 6 59
1235.0 16 8 14 9 5 52
1240.0 17 8 15 10 5 55
1245.0 16 7 11 10 5 49
1250.0 15 8 8 12 5 48
1255.0 13 9 8 11 5 46
1260.0 11 10 9 12 2 44
1265.0 12 9 8 10 3 42
1270.0 13 9 8 7 2 39
1275.0 12 7 7 7 2 35
1280.0 11 6 7 6 2 32
1285.0 10 4 6 3 2 25
1290.0 9 4 6 4 1 24
1295.0 7 3 8 5 1 24
1300.0 6 2 5 4 1 18
1305.0 6 0 5 3 0 14
1310.0 6 0 5 4 0 15
1315.0 5 0 5 4 0 14
1320.0 3 0 4 5 0 12
1325.0 4 0 3 4 0 11
1330.0 4 1 1 4 0 10
1335.0 3 1 1 4 0 9
1340.0 2 1 1 2 0 6
1345.0 1 0 1 1 0 3
1350.0 1 0 0 1 0 2
1355.0 1 0 0 0 0 1
1360.0 1 0 0 0 0 1
1365.0 1 0 0 0 0 1
1370.0 1 0 0 0 0 1
1375.0 1 0 0 0 0 1
1380.0 1 0 0 0 0 1
1385.0 1 0 0 0 0 1
1390.0 0 0 0 1 0 1
1395.0 0 0 0 1 0 1
1400.0 0 0 0 0 0 0
1405.0 0 0 0 0 0 0
1410.0 0 0 0 0 0 0
1415.0 0 0 0 0 0 0
1420.0 0 0 0 0 0 0
1425.0 0 0 0 0 0 0
1430.0 0 0 0 0 0 0
1435.0 0 0 0 0 0 0
