5.0 0 0 0 0 0 0
10.0 0 0 0 0 0 0
15.0 0 0 0 0 0 0
20.0 0 0 0 0 0 0
25.0 0 0 0 0 0 0
30.0 0 0 0 0 0 0
35.0 0 0 0 0 0 0
40.0 0 0 0 0 0 0
45.0 0 0 0 0 0 0
50.0 0 0 0 0 0 0
55.0 0 0 0 0 0 0
60.0 0 0 0 0 0 0
65.0 0 0 0 0 0 0
70.0 0 0 0 0 0 0
75.0 0 0 0 0 0 0
80.0 0 0 0 0 0 0
85.0 0 0 0 0 0 0
90.0 0 0 0 0 0 0
95.0 0 0 0 0 0 0
100.0 0 0 0 0 0 0
105.0 0 0 0 0 0 0
110.0 0 0 0 0 0 0
115.0 0 0 0 0 0 0
120.0 0 0 0 0 0 0
125.0 0 0 0 0 0 0
130.0 0 0 0 0 0 0
135.0 0 0 0 0 0 0
140.0 0 0 0 0 0 0
145.0 0 0 0 0 0 0
150.0 0 0 0 0 0 0
155.0 0 0 0 0 0 0
160.0 0 0 0 0 0 0
165.0 0 0 0 0 0 0
170.0 0 0 0 0 0 0
175.0 0 0 0 0 0 0
180.0 0 0 0 0 0 0
185.0 0 0 0 0 0 0
190.0 0 0 0 0 0 0
195.0 0 0 0 0 0 0
200.0 0 0 0 0 0 0
205.0 0 0 0 0 0 0
210.0 0 0 0 0 0 0
215.0 0 0 0 0 0 0
220.0 0 0 0 0 0 0
225.0 0 0 0 0 0 0
230.0 0 0 0 0 0 0
235.0 0 0 1 0 0 1
240.0 0 0 1 0 0 1
245.0 0 0 1 0 0 1
250.0 0 1 0 0 0 1
255.0 0 2 0 0 0 2
260.0 1 2 0 1 0 4
265.0 1 2 0 1 0 4
270.0 1 2 0 1 0 4
275.0 1 1 0 1 0 3
280.0 0 2 0 1 0 3
285.0 1 1 0 1 0 3
290.0 1 1 1 1 0 4
295.0 1 1 1 2 0 5
300.0 1 1 2 3 0 7
305.0 1 2 2 3 0 8
310.0 2 2 1 2 0 7
315.0 2 2 3 2 0 9
320.0 1 5 3 3 0 12
325.0 2 5 3 3 0 13
330.0 1 4 5 3 1 14
335.0 1 3 6 4 1 15
340.0 1 3 6 4 1 15
345.0 2 7 5 3 1 18
350.0 3 5 5 3 2 18
355.0 4 8 5 3 1 21
360.0 3 10 4 4 2 23
365.0 4 12 4 3 2 25
370.0 4 14 3 3 1 25
375.0 7 12 8 3 1 31
380.0 8 10 15 1 2 36
385.0 10 13 17 1 2 43
390.0 13 13 23 1 2 52
395.0 13 15 23 2 2 55
400.0 12 16 25 4 3 60
405.0 15 15 27 7 4 68
410.0 13 17 29 9 3 71
415.0 12 18 32 11 3 76
420.0 15 19 32 9 3 78
425.0 17 19 32 12 3 83
430.0 16 17 32 11 3 79
435.0 19 17 33 12 3 84
440.0 18 18 30 12 3 81
445.0 22 24 34 14 3 97
450.0 28 27 39 12 5 111
455.0 28 28 38 10 8 112
460.0 30 33 39 14 10 126
465.0 31 32 36 16 13 128
470.0 39 33 41 17 14 144
475.0 40 38 44 18 14 154
480.0 46 44 54 19 13 176
485.0 49 46 59 21 12 187
490.0 47 50 62 26 14 199
495.0 47 61 67 31 15 221
500.0 50 69 72 33 14 238
505.0 53 69 76 34 16 248
510.0 53 67 77 35 18 250
515.0 58 71 86 34 18 267
520.0 62 74 88 39 17 280
525.0 65 76 86 46 22 295
530.0 76 76 91 40 23 306
535.0 74 77 98 44 22 315
540.0 79 82 102 42 24 329
545.0 84 93 105 48 24 354
550.0 84 97 108 42 29 360
555.0 89 101 114 41 31 376
560.0 90 113 119 43 35 400
565.0 87 123 124 49 33 416
570.0 84 127 126 52 34 423
575.0 90 132 125 53 35 435
580.0 96 132 123 53 40 444
585.0 98 133 125 54 42 452
590.0 93 126 138 55 41 453
595.0 95 137 145 50 44 471
600.0 88 132 144 48 45 457
605.0 89 131 142 47 47 456
610.0 92 130 132 55 45 454
615.0 89 123 134 52 46 444
620.0 98 115 130 48 52 443
625.0 102 109 125 57 53 446
630.0 105 109 125 71 56 466
635.0 106 110 129 75 55 475
640.0 100 109 126 75 58 468
645.0 100 112 116 79 60 467
650.0 95 115 124 83 63 480
655.0 96 124 116 79 67 482
660.0 99 123 117 79 67 485
665.0 112 121 108 74 62 477
670.0 106 121 116 72 58 473
675.0 104 120 117 75 54 470
680.0 98 118 130 75 52 473
685.0 91 120 131 70 52 464
690.0 87 119 133 67 50 456
695.0 77 122 132 67 51 449
700.0 83 113 132 62 47 437
705.0 82 102 129 59 47 419
710.0 81 104 120 58 50 413
715.0 72 109 110 55 51 397
720.0 68 104 105 57 46 380
725.0 71 108 105 52 40 376
730.0 80 103 109 52 40 384
735.0 84 103 102 53 39 381
740.0 86 90 105 54 39 374
745.0 85 88 101 56 36 366
750.0 90 79 92 52 36 349
755.0 96 83 85 48 38 350
760.0 103 82 89 44 38 356
765.0 104 77 92 43 36 352
770.0 92 78 89 41 35 335
775.0 83 72 84 37 35 311
780.0 81 78 80 36 36 311
785.0 79 81 77 38 39 314
790.0 74 75 86 40 36 311
795.0 75 70 91 42 37 315
800.0 77 77 93 45 36 328
805.0 82 80 93 39 38 332
810.0 95 79 80 38 43 335
815.0 100 83 80 38 44 345
820.0 103 89 78 40 42 352
825.0 101 94 80 39 45 359
830.0 94 90 92 45 45 366
835.0 85 96 92 49 45 367
840.0 83 96 100 47 48 374
845.0 84 97 107 43 45 376
850.0 83 91 102 43 50 369
855.0 84 93 111 43 48 379
860.0 88 93 108 46 48 383
865.0 93 87 105 47 49 381
870.0 93 92 107 50 49 391
875.0 92 99 103 51 50 395
880.0 96 104 103 52 47 402
885.0 107 110 105 48 44 414
890.0 102 113 106 49 46 416
895.0 93 110 106 57 45 411
900.0 86 107 117 57 45 412
905.0 86 107 120 59 43 415
910.0 99 106 116 51 41 413
915.0 94 111 115 47 44 411
920.0 96 106 125 49 46 422
925.0 90 104 131 54 45 424
930.0 100 108 126 58 44 436
935.0 102 108 119 57 42 428
940.0 98 105 129 62 34 428
945.0 92 112 132 59 35 430
950.0 93 106 122 61 29 411
955.0 95 111 118 65 32 421
960.0 94 113 119 66 32 424
965.0 98 104 128 69 33 432
970.0 98 104 122 65 33 422
975.0 102 109 131 57 35 434
980.0 106 111 130 53 35 435
985.0 103 114 135 55 38 445
990.0 100 106 140 58 31 435
995.0 83 107 145 62 30 427
1000.0 86 100 147 62 31 426
1005.0 86 107 152 59 35 439
1010.0 83 107 151 59 34 434
1015.0 78 115 153 55 36 437
1020.0 78 118 151 63 38 448
1025.0 80 122 146 67 35 450
1030.0 80 111 145 61 38 435
1035.0 81 114 138 63 36 432
1040.0 80 112 146 63 36 437
1045.0 77 113 140 68 39 437
1050.0 86 119 142 68 39 454
1055.0 85 121 140 69 44 459
1060.0 85 126 143 74 42 470
1065.0 84 123 147 69 39 462
1070.0 82 123 153 64 43 465
1075.0 85 112 154 67 38 456
1080.0 90 106 161 65 40 462
1085.0 100 101 167 66 42 476
1090.0 106 102 166 56 43 473
1095.0 105 118 158 60 39 480
1100.0 105 131 158 60 38 492
1105.0 113 119 167 64 40 503
1110.0 112 118 170 62 40 502
1115.0 107 126 164 68 40 505
1120.0 109 138 157 65 46 515
1125.0 102 141 162 74 45 524
1130.0 105 128 161 72 50 516
1135.0 110 126 150 65 54 505
1140.0 108 125 155 63 56 507
1145.0 106 127 144 69 59 505
1150.0 107 125 148 71 60 511
1155.0 107 125 156 63 57 508
1160.0 115 122 145 65 60 507
1165.0 118 118 147 66 61 510
1170.0 111 123 142 63 60 499
1175.0 105 116 147 61 55 484
1180.0 106 118 130 59 58 471
1185.0 101 115 120 52 55 443
1190.0 104 99 116 52 51 422
1195.0 99 91 113 55 51 409
1200.0 100 84 114 46 43 387
1205.0 97 72 116 47 41 373
1210.0 99 62 117 46 37 361
1215.0 91 62 119 46 40 358
1220.0 93 62 113 44 39 351
1225.0 86 64 105 50 35 340
1230.0 81 68 99 49 37 334
1235.0 73 72 101 47 33 326
1240.0 77 68 97 46 29 317
1245.0 72 61 92 43 29 297
1250.0 70 59 80 43 29 281
1255.0 71 50 82 38 26 267
1260.0 64 47 77 31 23 242
1265.0 53 48 72 28 24 225
1270.0 42 44 64 28 24 202
1275.0 35 39 67 26 23 190
1280.0 31 33 59 22 23 168
1285.0 30 35 49 19 21 154
1290.0 32 35 43 14 20 144
1295.0 30 34 35 14 15 128
1300.0 24 30 31 13 15 113
1305.0 20 25 26 11 12 94
1310.0 16 25 21 12 11 85
1315.0 19 27 21 13 10 90
1320.0 16 26 21 12 8 83
1325.0 11 24 11 12 8 66
1330.0 10 21 6 8 8 53
1335.0 8 20 7 6 6 47
1340.0 8 19 7 5 3 42
1345.0 9 14 10 4 3 40
1350.0 9 12 9 4 2 36
1355.0 10 9 9 3 2 33
1360.0 8 8 6 2 2 26
1365.0 6 8 6 2 2 24
1370.0 4 5 5 2 1 17
1375.0 4 3 4 2 1 14
1380.0 5 3 4 1 1 14
1385.0 4 3 5 1 0 13
1390.0 3 1 6 2 0 12
1395.0 4 2 5 1 0 12
1400.0 5 2 5 1 0 13
1405.0 4 3 4 1 0 12
1410.0 3 1 3 1 0 8
1415.0 2 2 2 1 0 7
1420.0 3 1 1 0 0 5
1425.0 2 1 1 1 0 5
1430.0 1 0 1 0 0 2
1435.0 0 0 2 0 0 2
