5.0 0 0 0 0 0 0
10.0 0 0 0 0 0 0
15.0 0 0 0 0 0 0
20.0 0 0 0 0 0 0
25.0 0 0 0 0 0 0
30.0 0 0 0 0 0 0
35.0 0 0 0 0 0 0
40.0 0 0 0 0 0 0
45.0 0 0 0 0 0 0
50.0 0 0 0 0 0 0
55.0 0 0 0 0 0 0
60.0 0 0 0 0 0 0
65.0 0 0 0 0 0 0
70.0 0 0 0 0 0 0
75.0 0 0 0 0 0 0
80.0 0 0 0 0 0 0
85.0 0 0 0 0 0 0
90.0 0 0 0 0 0 0
95.0 0 0 0 0 0 0
100.0 0 0 0 0 0 0
105.0 0 0 0 0 0 0
110.0 0 0 0 0 0 0
115.0 0 0 0 0 0 0
120.0 0 0 0 0 0 0
125.0 0 0 0 0 0 0
130.0 0 0 0 0 0 0
135.0 0 0 0 0 0 0
140.0 0 0 0 0 0 0
145.0 0 0 0 0 0 0
150.0 0 0 0 0 0 0
155.0 0 0 0 0 0 0
160.0 0 0 0 0 0 0
165.0 0 0 0 0 0 0
170.0 0 0 0 0 0 0
175.0 0 0 0 0 0 0
180.0 0 0 0 0 0 0
185.0 0 0 0 0 0 0
190.0 0 0 0 0 0 0
195.0 0 0 0 0 0 0
200.0 0 0 0 0 0 0
205.0 0 0 0 0 0 0
210.0 0 0 0 0 0 0
215.0 0 0 0 0 0 0
220.0 0 0 0 0 0 0
225.0 0 0 0 0 0 0
230.0 0 0 0 0 0 0
235.0 0 0 0 0 0 0
240.0 0 0 0 0 0 0
245.0 0 0 0 0 0 0
250.0 0 0 0 0 0 0
255.0 0 0 0 0 0 0
260.0 0 0 0 0 0 0
265.0 0 0 0 0 0 0
270.0 0 0 0 0 0 0
275.0 0 0 0 0 0 0
280.0 0 0 0 0 0 0
285.0 0 0 0 0 0 0
290.0 0 0 0 0 0 0
295.0 0 0 0 0 0 0
300.0 0 0 0 0 0 0
305.0 0 0 0 0 0 0
310.0 0 0 0 0 0 0
315.0 0 0 0 0 0 0
320.0 0 0 0 0 0 0
325.0 0 0 0 0 0 0
330.0 0 0 0 0 0 0
335.0 0 0 0 0 0 0
340.0 0 0 0 0 0 0
345.0 0 0 0 0 0 0
350.0 0 0 0 0 0 0
355.0 0 0 0 0 0 0
360.0 0 1 0 0 0 1
365.0 0 1 0 0 0 1
370.0 0 0 1 0 0 1
375.0 0 0 1 0 0 1
380.0 0 0 1 0 0 1
385.0 1 1 1 0 0 3
390.0 1 1 1 0 0 3
395.0 1 1 1 0 0 3
400.0 1 1 1 0 0 3
405.0 0 1 1 0 0 2
410.0 0 1 3 0 0 4
415.0 0 2 3 0 0 5
420.0 0 2 3 0 0 5
425.0 0 2 3 0 0 5
430.0 2 1 3 0 0 6
435.0 2 1 4 0 0 7
440.0 2 2 4 0 0 8
445.0 2 2 3 0 0 7
450.0 1 2 4 2 0 9
455.0 1 2 4 2 0 9
460.0 1 3 5 2 0 11
465.0 1 3 5 3 0 12
470.0 2 3 6 3 0 14
475.0 3 4 6 3 0 16
480.0 3 7 4 3 0 17
485.0 3 6 5 2 0 16
490.0 2 8 6 2 1 19
495.0 3 8 6 3 1 21
500.0 3 8 6 5 3 25
505.0 3 7 5 7 4 26
510.0 3 7 6 7 4 27
515.0 2 7 6 7 4 26
520.0 2 5 8 6 4 25
525.0 4 6 8 5 4 27
530.0 5 7 9 3 4 28
535.0 5 7 11 4 5 32
540.0 5 8 11 5 5 34
545.0 5 8 10 7 5 35
550.0 6 7 9 8 7 37
555.0 6 8 9 9 9 41
560.0 8 9 9 10 7 43
565.0 9 9 9 8 7 42
570.0 8 9 9 9 6 41
575.0 10 9 9 6 6 40
580.0 10 11 10 4 5 40
585.0 10 11 14 3 5 43
590.0 9 10 12 6 5 42
595.0 8 10 10 7 5 40
600.0 7 9 10 9 5 40
605.0 7 10 8 8 5 38
610.0 9 10 7 9 5 40
615.0 9 9 6 11 5 40
620.0 7 9 6 11 6 39
625.0 8 8 7 10 6 39
630.0 6 7 8 9 7 37
635.0 8 8 6 7 7 36
640.0 6 8 8 8 6 36
645.0 6 10 10 6 6 38
650.0 7 9 11 4 8 39
655.0 9 9 12 5 8 43
660.0 8 8 12 5 7 40
665.0 10 9 11 5 6 41
670.0 8 9 12 5 5 39
675.0 7 8 10 4 5 34
680.0 8 5 9 3 6 31
685.0 7 4 11 5 5 32
690.0 7 4 10 4 6 31
695.0 8 3 9 4 6 30
700.0 6 3 7 4 7 27
705.0 7 3 6 2 7 25
710.0 6 3 3 2 9 23
715.0 6 3 3 2 7 21
720.0 4 3 4 2 6 19
725.0 3 1 3 1 6 14
730.0 5 1 5 1 4 16
735.0 6 2 5 1 4 18
740.0 8 3 6 2 5 24
745.0 7 3 6 2 4 22
750.0 8 2 6 2 4 22
755.0 6 2 6 2 4 20
760.0 5 4 6 3 4 22
765.0 5 4 6 3 4 22
770.0 5 2 6 4 4 21
775.0 6 4 6 3 3 22
780.0 6 4 6 3 3 22
785.0 6 6 6 3 3 24
790.0 5 5 6 4 3 23
795.0 7 4 5 4 4 24
800.0 8 4 5 4 4 25
805.0 6 4 4 3 4 21
810.0 6 4 4 3 4 21
815.0 6 5 4 4 4 23
820.0 5 4 4 6 3 22
825.0 5 8 3 6 3 25
830.0 5 8 6 7 2 28
835.0 2 7 7 8 2 26
840.0 0 7 8 10 1 26
845.0 1 7 7 10 1 26
850.0 3 9 7 10 1 30
855.0 3 9 8 9 1 30
860.0 3 9 9 6 2 29
865.0 3 9 10 5 2 29
870.0 4 9 9 4 2 28
875.0 5 9 8 4 2 28
880.0 5 8 7 4 2 26
885.0 5 8 6 3 2 24
890.0 6 7 8 3 2 26
895.0 6 6 8 3 2 25
900.0 7 5 9 3 3 27
905.0 9 6 9 5 3 32
910.0 7 4 9 4 3 27
915.0 7 4 12 6 3 32
920.0 8 6 12 4 3 33
925.0 6 6 12 5 3 32
930.0 5 6 9 4 3 27
935.0 6 7 7 3 3 26
940.0 8 8 6 2 3 27
945.0 8 7 5 4 3 27
950.0 8 6 5 5 3 27
955.0 9 5 10 4 3 31
960.0 6 7 10 4 3 30
965.0 5 7 10 5 3 30
970.0 5 7 12 5 2 31
975.0 3 6 12 5 2 28
980.0 3 8 12 5 2 30
985.0 3 8 9 7 2 29
990.0 2 7 8 8 2 27
995.0 2 7 8 8 2 27
1000.0 2 7 8 8 2 27
1005.0 3 5 7 8 2 25
1010.0 3 5 9 7 2 26
1015.0 2 5 9 6 2 24
1020.0 3 2 11 6 2 24
1025.0 3 2 10 7 2 24
1030.0 2 2 7 7 2 20
1035.0 1 3 7 6 2 19
1040.0 3 7 8 4 2 24
1045.0 5 8 8 4 1 26
1050.0 4 10 8 3 2 27
1055.0 4 9 7 4 3 27
1060.0 4 12 7 4 3 30
1065.0 6 13 7 4 3 33
1070.0 7 14 7 3 3 34
1075.0 7 15 6 3 3 34
1080.0 8 15 5 3 2 33
1085.0 8 16 6 2 1 33
1090.0 4 15 7 4 2 32
1095.0 4 16 7 6 2 35
1100.0 5 15 10 7 2 39
1105.0 9 17 11 6 4 47
1110.0 10 14 13 6 5 48
1115.0 13 11 12 5 5 46
1120.0 12 13 15 4 6 50
1125.0 14 14 14 5 5 52
1130.0 14 13 12 5 5 49
1135.0 13 14 13 5 5 50
1140.0 12 16 14 5 4 51
1145.0 10 15 13 6 3 47
1150.0 9 13 16 7 3 48
1155.0 10 12 16 5 3 46
1160.0 12 11 17 4 4 48
1165.0 9 11 14 7 6 47
1170.0 10 8 17 8 5 48
1175.0 11 9 15 7 5 47
1180.0 11 8 15 7 5 46
1185.0 11 5 13 6 5 40
1190.0 10 4 13 7 5 39
1195.0 9 6 11 7 5 38
1200.0 7 6 13 6 4 36
1205.0 5 8 16 4 5 38
1210.0 5 8 12 4 5 34
1215.0 5 8 11 5 4 33
1220.0 6 8 10 6 3 33
1225.0 7 7 8 7 4 33
1230.0 4 8 5 6 4 27
1235.0 4 7 4 5 5 25
1240.0 5 5 3 6 3 22
1245.0 5 7 5 5 3 25
1250.0 5 7 7 3 2 24
1255.0 4 6 4 2 2 18
1260.0 5 5 5 4 1 20
1265.0 5 4 5 5 1 20
1270.0 5 4 5 4 2 20
1275.0 6 4 3 3 1 17
1280.0 5 3 3 2 1 14
1285.0 7 1 4 0 0 12
1290.0 7 1 4 0 0 12
1295.0 6 1 2 0 1 10
1300.0 5 1 2 0 1 9
1305.0 4 1 1 0 1 7
1310.0 3 1 1 0 1 6
1315.0 2 1 1 1 1 6
1320.0 0 1 0 0 1 2
1325.0 0 0 0 0 1 1
1330.0 0 0 0 0 1 1
1335.0 0 0 0 0 1 1
1340.0 1 0 1 0 1 3
1345.0 1 1 1 0 0 3
1350.0 1 1 1 0 0 3
1355.0 1 1 1 0 0 3
1360.0 1 1 1 0 0 3
1365.0 0 1 1 1 0 3
1370.0 0 1 1 1 0 3
1375.0 0 1 1 1 0 3
1380.0 0 1 0 1 0 2
1385.0 0 1 0 1 0 2
1390.0 0 0 0 1 0 1
1395.0 0 0 0 1 0 1
1400.0 0 0 0 1 0 1
1405.0 0 0 0 1 0 1
1410.0 0 0 0 1 0 1
1415.0 0 0 0 1 0 1
1420.0 1 0 0 0 0 1
1425.0 0 0 0 0 0 0
1430.0 0 0 0 0 0 0
1435.0 0 0 0 0 0 0
