5.0 0 0 0 0 0 0
10.0 0 0 0 0 0 0
15.0 0 0 0 0 0 0
20.0 0 0 0 0 0 0
25.0 0 0 0 0 0 0
30.0 0 0 0 0 0 0
35.0 0 0 0 0 0 0
40.0 0 0 0 0 0 0
45.0 0 0 0 0 0 0
50.0 0 0 0 0 0 0
55.0 0 0 0 0 0 0
60.0 0 0 0 0 0 0
65.0 0 0 0 0 0 0
70.0 0 0 0 0 0 0
75.0 0 0 0 0 0 0
80.0 0 0 0 0 0 0
85.0 0 0 0 0 0 0
90.0 0 0 0 0 0 0
95.0 0 0 0 0 0 0
100.0 0 0 0 0 0 0
105.0 0 0 0 0 0 0
110.0 0 0 0 0 0 0
115.0 0 0 0 0 0 0
120.0 0 0 0 0 0 0
125.0 0 0 0 0 0 0
130.0 0 0 0 0 0 0
135.0 0 0 0 0 0 0
140.0 0 0 0 0 0 0
145.0 0 0 0 0 0 0
150.0 0 0 0 0 0 0
155.0 0 0 0 0 0 0
160.0 0 0 0 0 0 0
165.0 0 0 0 0 0 0
170.0 0 0 0 0 0 0
175.0 0 0 0 0 0 0
180.0 0 0 0 0 0 0
185.0 0 0 0 0 0 0
190.0 0 0 0 0 0 0
195.0 0 0 0 0 0 0
200.0 0 0 0 0 0 0
205.0 0 0 0 0 0 0
210.0 0 0 0 0 0 0
215.0 0 0 0 0 0 0
220.0 0 0 0 0 0 0
225.0 0 0 0 0 0 0
230.0 0 0 0 0 0 0
235.0 0 0 0 0 0 0
240.0 0 0 0 0 0 0
245.0 0 0 0 0 0 0
250.0 0 0 0 0 0 0
255.0 0 0 0 0 0 0
260.0 0 0 0 0 0 0
265.0 0 0 0 0 0 0
270.0 0 0 0 0 0 0
275.0 0 0 0 0 0 0
280.0 0 0 0 0 0 0
285.0 0 0 0 0 0 0
290.0 0 0 0 0 0 0
295.0 0 0 0 0 0 0
300.0 0 0 1 0 0 1
305.0 0 0 1 0 0 1
310.0 0 0 1 0 0 1
315.0 0 0 1 0 0 1
320.0 0 0 1 0 0 1
325.0 0 0 1 0 0 1
330.0 0 0 1 0 0 1
335.0 0 0 1 0 0 1
340.0 0 0 1 0 0 1
345.0 1 1 1 1 0 4
350.0 1 1 1 1 0 4
355.0 2 1 0 1 0 4
360.0 1 0 1 2 0 4
365.0 1 0 1 2 0 4
370.0 1 0 1 2 0 4
375.0 1 0 1 2 0 4
380.0 2 0 0 2 0 4
385.0 3 0 0 1 0 4
390.0 3 0 0 1 0 4
395.0 3 0 0 1 0 4
400.0 3 0 0 1 0 4
405.0 3 0 0 1 0 4
410.0 3 0 0 1 0 4
415.0 3 0 0 1 0 4
420.0 2 0 0 2 0 4
425.0 2 1 0 3 0 6
430.0 2 1 0 3 0 6
435.0 2 1 0 4 0 7
440.0 2 1 0 4 0 7
445.0 3 1 0 3 0 7
450.0 1 4 0 3 0 8
455.0 1 4 0 3 0 8
460.0 1 4 0 4 0 9
465.0 0 3 1 4 1 9
470.0 1 2 3 4 1 11
475.0 1 2 3 5 1 12
480.0 1 2 3 4 1 11
485.0 2 2 3 3 2 12
490.0 2 2 2 4 2 12
495.0 2 3 2 3 2 12
500.0 3 3 5 4 2 17
505.0 3 3 5 5 2 18
510.0 2 3 5 5 2 17
515.0 3 3 7 6 2 21
520.0 4 3 8 7 2 24
525.0 5 3 7 7 2 24
530.0 7 4 8 6 2 27
535.0 6 4 7 6 3 26
540.0 6 5 6 6 3 26
545.0 5 6 7 4 3 25
550.0 8 7 7 4 3 29
555.0 7 9 8 4 5 33
560.0 9 10 7 4 5 35
565.0 7 9 7 6 3 32
570.0 6 10 7 7 3 33
575.0 10 11 8 4 3 36
580.0 9 10 9 4 3 35
585.0 10 8 11 5 3 37
590.0 11 7 12 5 3 38
595.0 11 8 14 3 3 39
600.0 9 7 13 4 3 36
605.0 9 4 14 5 3 35
610.0 7 4 12 5 3 31
615.0 7 5 14 5 3 34
620.0 6 5 17 6 4 38
625.0 7 6 14 5 4 36
630.0 8 3 15 7 4 37
635.0 8 3 13 6 4 34
640.0 9 4 13 4 4 34
645.0 9 4 12 5 4 34
650.0 7 6 13 5 4 35
655.0 7 6 13 6 4 36
660.0 10 6 13 6 4 39
665.0 12 5 12 8 4 41
670.0 11 6 10 9 3 39
675.0 12 7 9 9 2 39
680.0 12 7 9 7 2 37
685.0 10 8 8 7 2 35
690.0 7 8 9 6 2 32
695.0 10 7 9 6 2 34
700.0 11 6 8 7 2 34
705.0 12 8 8 5 2 35
710.0 11 6 8 6 2 33
715.0 11 5 7 5 2 30
720.0 12 6 8 4 2 32
725.0 11 5 9 5 2 32
730.0 12 5 10 5 2 34
735.0 12 4 12 4 2 34
740.0 12 5 11 3 2 33
745.0 13 3 10 4 2 32
750.0 11 2 12 4 2 31
755.0 8 2 12 4 2 28
760.0 8 4 12 3 1 28
765.0 7 5 10 3 2 27
770.0 6 7 11 3 2 29
775.0 5 8 11 1 3 28
780.0 5 9 11 2 3 30
785.0 7 9 9 2 3 30
790.0 7 9 7 2 3 28
795.0 7 9 7 3 2 28
800.0 7 8 7 3 2 27
805.0 8 6 6 3 3 26
810.0 6 6 4 5 3 24
815.0 6 6 6 5 3 26
820.0 6 6 6 6 3 27
825.0 4 6 8 7 2 27
830.0 6 7 7 6 2 28
835.0 6 5 8 6 2 27
840.0 7 6 7 5 2 27
845.0 8 7 6 6 2 29
850.0 11 6 7 7 2 33
855.0 12 6 7 6 3 34
860.0 12 5 10 7 4 38
865.0 8 6 12 9 4 39
870.0 9 6 13 10 4 42
875.0 8 6 14 10 4 42
880.0 9 4 9 8 4 34
885.0 8 3 10 8 4 33
890.0 10 4 12 6 5 37
895.0 9 6 14 7 5 41
900.0 10 5 13 7 5 40
905.0 10 6 13 6 5 40
910.0 9 6 15 6 5 41
915.0 10 10 15 5 5 45
920.0 9 10 17 5 5 46
925.0 10 10 15 5 5 45
930.0 11 10 11 7 5 44
935.0 9 10 11 7 5 42
940.0 8 11 9 7 5 40
945.0 10 9 9 6 7 41
950.0 9 9 11 4 7 40
955.0 9 10 12 3 6 40
960.0 7 10 11 3 6 37
965.0 8 9 10 3 7 37
970.0 7 10 13 4 7 41
975.0 6 10 12 4 7 39
980.0 6 11 11 4 8 40
985.0 4 10 9 3 8 34
990.0 4 9 10 2 7 32
995.0 2 10 10 3 7 32
1000.0 1 11 12 4 7 35
1005.0 1 11 13 5 6 36
1010.0 1 14 12 4 6 37
1015.0 2 12 12 6 7 39
1020.0 4 12 11 5 6 38
1025.0 5 12 10 6 6 39
1030.0 7 12 10 4 4 37
1035.0 8 13 11 4 2 38
1040.0 10 13 9 4 3 39
1045.0 8 13 9 4 3 37
1050.0 9 15 9 4 3 40
1055.0 10 17 9 4 3 43
1060.0 11 14 11 6 2 44
1065.0 8 16 12 6 2 44
1070.0 9 16 11 4 3 43
1075.0 9 15 12 5 4 45
1080.0 9 13 11 5 4 42
1085.0 9 13 9 6 4 41
1090.0 10 11 11 6 4 42
1095.0 10 9 11 7 4 41
1100.0 10 9 11 7 3 40
1105.0 12 9 12 6 3 42
1110.0 13 10 11 6 4 44
1115.0 14 8 13 7 4 46
1120.0 14 10 16 7 4 51
1125.0 15 10 14 8 5 52
1130.0 14 12 13 9 4 52
1135.0 13 14 12 9 4 52
1140.0 13 14 13 7 4 51
1145.0 12 15 11 8 4 50
1150.0 12 12 12 9 3 48
1155.0 11 14 12 9 4 50
1160.0 9 16 11 9 4 49
1165.0 9 15 10 8 4 46
1170.0 8 17 8 9 4 46
1175.0 7 13 4 9 4 37
1180.0 8 13 3 8 2 34
1185.0 7 13 3 6 1 30
1190.0 7 11 3 6 0 27
1195.0 11 10 8 5 2 36
1200.0 12 12 8 5 2 39
1205.0 12 12 7 5 2 38
1210.0 11 12 8 6 2 39
1215.0 7 13 7 4 3 34
1220.0 4 13 6 4 3 30
1225.0 3 12 7 4 3 29
1230.0 2 11 8 4 3 28
1235.0 2 10 8 3 3 26
1240.0 2 9 8 2 1 22
1245.0 2 9 8 3 1 23
1250.0 2 7 6 4 1 20
1255.0 2 7 6 5 1 21
1260.0 2 6 7 4 1 20
1265.0 1 5 5 4 1 16
1270.0 2 2 4 2 1 11
1275.0 2 2 3 2 1 10
1280.0 1 2 2 2 1 8
1285.0 2 1 2 2 1 8
1290.0 2 0 2 1 1 6
1295.0 3 0 2 0 2 7
1300.0 2 0 2 0 2 6
1305.0 1 0 3 2 2 8
1310.0 1 0 2 2 0 5
1315.0 1 0 3 1 0 5
1320.0 1 1 3 0 0 5
1325.0 1 1 2 0 0 4
1330.0 1 2 1 0 0 4
1335.0 0 2 2 0 0 4
1340.0 0 3 2 0 0 5
1345.0 0 4 2 0 0 6
1350.0 0 3 2 0 0 5
1355.0 0 3 2 0 0 5
1360.0 0 3 2 0 0 5
1365.0 0 3 2 0 0 5
1370.0 0 2 2 0 0 4
1375.0 0 1 2 0 0 3
1380.0 1 1 2 0 0 4
1385.0 1 1 2 0 0 4
1390.0 1 1 0 0 0 2
1395.0 0 1 0 0 0 1
1400.0 0 1 0 1 0 2
1405.0 0 1 0 0 0 1
1410.0 0 1 0 0 0 1
1415.0 0 0 0 0 0 0
1420.0 0 0 0 0 0 0
1425.0 0 0 0 0 0 0
1430.0 0 0 0 0 0 0
1435.0 0 0 0 0 0 0
