5.0 0 0 0 0 0 0
10.0 0 0 0 0 0 0
15.0 0 0 0 0 0 0
20.0 0 0 0 0 0 0
25.0 0 0 0 0 0 0
30.0 0 0 0 0 0 0
35.0 0 0 0 0 0 0
40.0 0 0 0 0 0 0
45.0 0 0 0 0 0 0
50.0 0 0 0 0 0 0
55.0 0 0 0 0 0 0
60.0 0 0 0 0 0 0
65.0 0 0 0 0 0 0
70.0 0 0 0 0 0 0
75.0 0 0 0 0 0 0
80.0 0 0 0 0 0 0
85.0 0 0 0 0 0 0
90.0 0 0 0 0 0 0
95.0 0 0 0 0 0 0
100.0 0 0 0 0 0 0
105.0 0 0 0 0 0 0
110.0 0 0 0 0 0 0
115.0 0 0 0 0 0 0
120.0 0 0 0 0 0 0
125.0 0 0 0 0 0 0
130.0 0 0 0 0 0 0
135.0 0 0 0 0 0 0
140.0 0 0 0 0 0 0
145.0 0 0 0 0 0 0
150.0 0 0 0 0 0 0
155.0 0 0 0 0 0 0
160.0 0 0 0 0 0 0
165.0 0 0 0 0 0 0
170.0 0 0 0 0 0 0
175.0 0 0 0 0 0 0
180.0 0 0 0 0 0 0
185.0 0 0 0 0 0 0
190.0 0 0 0 0 0 0
195.0 0 0 0 0 0 0
200.0 0 0 0 0 0 0
205.0 0 0 0 0 0 0
210.0 0 0 0 0 0 0
215.0 0 0 0 0 0 0
220.0 0 0 0 0 0 0
225.0 0 0 0 0 0 0
230.0 0 0 0 0 0 0
235.0 0 0 0 0 0 0
240.0 0 0 0 0 0 0
245.0 0 0 0 0 0 0
250.0 0 0 0 0 0 0
255.0 0 0 0 0 0 0
260.0 0 0 0 0 0 0
265.0 0 0 0 0 0 0
270.0 0 0 0 0 0 0
275.0 0 0 0 0 0 0
280.0 0 0 0 0 0 0
285.0 0 0 0 0 0 0
290.0 0 0 0 0 0 0
295.0 0 0 0 0 0 0
300.0 0 0 0 0 0 0
305.0 0 0 0 0 0 0
310.0 0 0 1 0 0 1
315.0 0 0 1 0 0 1
320.0 0 0 1 0 0 1
325.0 0 0 1 0 0 1
330.0 0 0 1 0 0 1
335.0 0 0 1 0 0 1
340.0 0 0 1 0 0 1
345.0 0 0 1 0 0 1
350.0 0 0 1 0 0 1
355.0 0 0 1 0 0 1
360.0 0 0 1 0 0 1
365.0 0 0 1 0 0 1
370.0 0 0 1 0 0 1
375.0 0 0 1 0 0 1
380.0 0 0 1 0 0 1
385.0 0 0 1 0 0 1
390.0 0 0 1 0 0 1
395.0 0 0 1 0 0 1
400.0 0 0 1 0 0 1
405.0 0 0 2 0 0 2
410.0 0 0 2 0 0 2
415.0 0 0 1 0 0 1
420.0 0 0 1 0 0 1
425.0 0 0 1 1 0 2
430.0 0 0 2 1 0 3
435.0 0 0 1 1 0 2
440.0 0 0 1 1 0 2
445.0 0 0 1 1 0 2
450.0 0 0 1 1 0 2
455.0 1 1 1 0 0 3
460.0 1 1 1 0 0 3
465.0 1 1 2 0 0 4
470.0 1 1 2 0 0 4
475.0 1 1 2 0 0 4
480.0 1 1 2 0 0 4
485.0 2 1 2 1 1 7
490.0 2 2 2 1 1 8
495.0 1 2 3 1 0 7
500.0 2 2 3 1 0 8
505.0 2 1 3 1 0 7
510.0 2 1 4 1 0 8
515.0 2 1 4 1 0 8
520.0 3 1 3 0 0 7
525.0 3 1 3 0 0 7
530.0 2 1 4 0 0 7
535.0 3 2 3 0 0 8
540.0 3 2 3 0 0 8
545.0 2 2 3 2 0 9
550.0 0 2 2 2 0 6
555.0 1 2 2 2 0 7
560.0 2 2 3 2 0 9
565.0 2 2 3 1 0 8
570.0 2 2 3 1 0 8
575.0 2 2 3 1 0 8
580.0 2 1 3 1 0 7
585.0 2 0 3 1 0 6
590.0 2 0 5 2 0 9
595.0 3 0 5 2 0 10
600.0 3 1 5 2 0 11
605.0 3 1 7 2 0 13
610.0 3 1 7 2 0 13
615.0 4 1 7 2 0 14
620.0 4 3 7 3 0 17
625.0 3 3 7 3 0 16
630.0 3 3 5 3 0 14
635.0 3 3 6 2 0 14
640.0 3 2 7 2 0 14
645.0 4 2 6 2 0 14
650.0 3 2 6 2 0 13
655.0 2 2 6 2 0 12
660.0 1 2 8 2 0 13
665.0 1 2 8 2 1 14
670.0 1 2 8 2 1 14
675.0 1 3 7 2 0 13
680.0 1 4 6 2 2 15
685.0 1 4 7 2 2 16
690.0 2 5 8 2 2 19
695.0 2 5 7 3 1 18
700.0 2 4 6 3 0 15
705.0 2 5 6 3 0 16
710.0 1 5 6 3 0 15
715.0 1 3 4 3 0 11
720.0 1 3 3 4 0 11
725.0 2 3 4 2 0 11
730.0 2 3 6 2 0 13
735.0 2 3 6 1 0 12
740.0 4 2 7 1 0 14
745.0 3 1 6 1 0 11
750.0 4 1 6 1 0 12
755.0 4 2 6 1 0 13
760.0 4 2 5 1 0 12
765.0 3 1 4 1 0 9
770.0 2 1 5 1 0 9
775.0 2 3 4 0 0 9
780.0 2 3 3 0 0 8
785.0 2 3 3 0 0 8
790.0 1 5 3 0 0 9
795.0 2 4 2 0 0 8
800.0 2 5 2 0 0 9
805.0 1 6 1 0 0 8
810.0 1 7 1 0 0 9
815.0 1 7 1 0 0 9
820.0 1 7 1 0 0 9
825.0 1 4 1 1 0 7
830.0 1 4 2 1 0 8
835.0 0 3 2 2 0 7
840.0 0 1 2 2 0 5
845.0 1 1 2 2 0 6
850.0 2 0 4 2 0 8
855.0 2 0 4 2 0 8
860.0 1 0 4 1 0 6
865.0 1 0 3 1 0 5
870.0 2 2 3 3 0 10
875.0 1 2 3 3 1 10
880.0 1 2 3 3 1 10
885.0 1 2 2 3 1 9
890.0 1 2 2 2 1 8
895.0 1 2 1 1 1 6
900.0 1 2 1 1 1 6
905.0 1 2 0 1 1 5
910.0 3 3 1 1 0 8
915.0 2 2 1 2 0 7
920.0 2 2 1 2 0 7
925.0 2 2 1 1 0 6
930.0 3 2 1 1 0 7
935.0 4 2 1 1 1 9
940.0 4 2 1 2 1 10
945.0 3 2 1 3 1 10
950.0 3 2 1 3 1 10
955.0 3 2 2 3 1 11
960.0 4 2 3 2 1 12
965.0 4 2 3 2 1 12
970.0 4 2 3 1 1 11
975.0 4 1 3 1 1 10
980.0 5 1 2 1 1 10
985.0 5 2 1 1 1 10
990.0 4 4 1 1 1 11
995.0 5 4 1 1 1 12
1000.0 5 2 0 1 1 9
1005.0 3 2 0 1 1 7
1010.0 3 1 2 1 1 8
1015.0 2 2 2 2 1 9
1020.0 3 1 3 1 1 9
1025.0 2 1 3 2 1 9
1030.0 2 1 4 2 1 10
1035.0 3 2 4 1 1 11
1040.0 3 2 4 1 1 11
1045.0 3 2 3 1 1 10
1050.0 3 2 3 1 2 11
1055.0 3 2 3 1 2 11
1060.0 3 3 3 1 2 12
1065.0 3 1 3 1 1 9
1070.0 3 1 3 1 1 9
1075.0 2 2 2 1 1 8
1080.0 2 2 2 1 1 8
1085.0 1 3 2 1 1 8
1090.0 1 2 4 1 1 9
1095.0 1 2 4 1 1 9
1100.0 1 3 4 1 1 10
1105.0 2 2 4 1 1 10
1110.0 2 2 5 0 1 10
1115.0 3 2 5 1 1 12
1120.0 3 1 6 1 1 12
1125.0 3 1 6 1 1 12
1130.0 3 2 4 1 1 11
1135.0 4 3 3 0 1 11
1140.0 4 3 2 0 1 10
1145.0 3 3 2 2 1 11
1150.0 3 3 3 2 1 12
1155.0 3 3 4 3 2 15
1160.0 1 4 3 4 2 14
1165.0 1 4 3 4 2 14
1170.0 2 4 3 5 2 16
1175.0 3 3 3 3 2 14
1180.0 3 2 4 3 2 14
1185.0 2 2 6 2 2 14
1190.0 2 2 5 2 2 13
1195.0 2 3 4 2 2 13
1200.0 2 2 4 2 1 11
1205.0 2 3 2 2 1 10
1210.0 3 2 1 1 1 8
1215.0 3 1 0 0 1 5
1220.0 3 1 0 0 1 5
1225.0 3 1 1 0 1 6
1230.0 2 1 1 0 1 5
1235.0 3 1 0 0 1 5
1240.0 3 2 0 0 1 6
1245.0 2 2 0 0 1 5
1250.0 2 2 1 0 1 6
1255.0 2 2 1 0 0 5
1260.0 1 2 1 0 0 4
1265.0 1 1 1 0 0 3
1270.0 0 1 1 0 1 3
1275.0 0 1 1 0 1 3
1280.0 0 1 1 0 1 3
1285.0 0 1 2 0 1 4
1290.0 0 1 1 0 1 3
1295.0 0 1 1 0 1 3
1300.0 0 1 1 0 1 3
1305.0 0 1 1 0 1 3
1310.0 0 1 1 0 1 3
1315.0 0 2 0 0 1 3
1320.0 0 2 0 0 1 3
1325.0 0 1 0 1 1 3
1330.0 0 0 0 1 1 2
1335.0 0 0 0 1 0 1
1340.0 0 0 0 1 0 1
1345.0 0 0 0 1 0 1
1350.0 0 0 0 1 0 1
1355.0 0 0 0 1 0 1
1360.0 0 0 0 1 0 1
1365.0 0 0 0 0 0 0
1370.0 0 0 0 0 0 0
1375.0 0 0 0 0 0 0
1380.0 0 0 0 0 0 0
1385.0 0 0 0 0 0 0
1390.0 0 0 0 0 0 0
1395.0 0 0 0 0 0 0
1400.0 0 0 0 0 0 0
1405.0 0 0 0 0 0 0
1410.0 0 0 0 0 0 0
1415.0 0 0 0 0 0 0
1420.0 0 1 0 0 0 1
1425.0 0 1 0 0 0 1
1430.0 0 1 0 0 0 1
1435.0 0 1 0 0 0 1
