5.0 0 0 0 0 0 0
10.0 0 0 0 0 0 0
15.0 0 0 0 0 0 0
20.0 0 0 0 0 0 0
25.0 0 0 0 0 0 0
30.0 0 0 0 0 0 0
35.0 0 0 0 0 0 0
40.0 0 0 0 0 0 0
45.0 0 0 0 0 0 0
50.0 0 0 0 0 0 0
55.0 0 0 0 0 0 0
60.0 0 0 0 0 0 0
65.0 0 0 0 0 0 0
70.0 0 0 0 0 0 0
75.0 0 0 0 0 0 0
80.0 0 0 0 0 0 0
85.0 0 0 0 0 0 0
90.0 0 0 0 0 0 0
95.0 0 0 0 0 0 0
100.0 0 0 0 0 0 0
105.0 0 0 0 0 0 0
110.0 0 0 0 0 0 0
115.0 0 0 0 0 0 0
120.0 0 0 0 0 0 0
125.0 0 0 0 0 0 0
130.0 0 0 0 0 0 0
135.0 0 0 0 0 0 0
140.0 0 0 0 0 0 0
145.0 0 0 0 0 0 0
150.0 0 0 0 0 0 0
155.0 0 0 0 0 0 0
160.0 0 0 0 0 0 0
165.0 0 0 0 0 0 0
170.0 0 0 0 0 0 0
175.0 0 0 0 0 0 0
180.0 0 0 0 0 0 0
185.0 0 0 0 0 0 0
190.0 0 0 0 0 0 0
195.0 0 0 0 0 0 0
200.0 0 0 0 0 0 0
205.0 0 0 0 0 0 0
210.0 0 0 0 0 0 0
215.0 0 0 0 0 0 0
220.0 0 0 0 0 0 0
225.0 0 0 0 0 0 0
230.0 0 0 0 0 0 0
235.0 0 0 0 0 0 0
240.0 0 0 0 0 0 0
245.0 0 0 0 0 0 0
250.0 0 0 0 0 0 0
255.0 0 0 0 0 0 0
260.0 0 0 0 0 0 0
265.0 0 0 0 0 0 0
270.0 0 0 0 0 0 0
275.0 0 0 0 0 0 0
280.0 0 0 0 0 0 0
285.0 0 0 0 0 0 0
290.0 0 0 0 0 0 0
295.0 0 0 0 0 0 0
300.0 0 0 0 0 0 0
305.0 0 0 0 0 0 0
310.0 0 0 0 0 0 0
315.0 0 0 1 0 0 1
320.0 1 1 1 0 0 3
325.0 1 2 2 0 0 5
330.0 1 2 2 0 0 5
335.0 1 2 2 0 0 5
340.0 1 1 2 0 1 5
345.0 3 3 3 0 1 10
350.0 5 3 3 0 1 12
355.0 8 3 4 0 1 16
360.0 7 3 5 0 1 16
365.0 7 3 5 1 2 18
370.0 6 4 5 1 3 19
375.0 9 6 6 1 3 25
380.0 11 6 5 0 3 25
385.0 12 8 6 1 4 31
390.0 11 9 6 2 4 32
395.0 10 9 10 5 5 39
400.0 9 8 13 6 5 41
405.0 9 8 12 6 4 39
410.0 9 8 17 8 5 47
415.0 10 8 16 8 6 48
420.0 9 10 16 7 6 48
425.0 12 16 17 3 6 54
430.0 16 18 16 4 6 60
435.0 19 17 16 6 8 66
440.0 20 20 20 7 10 77
445.0 22 23 22 8 10 85
450.0 28 24 26 8 10 96
455.0 29 24 31 10 9 103
460.0 27 29 36 13 10 115
465.0 27 35 38 16 11 127
470.0 31 34 41 17 10 133
475.0 33 39 42 17 12 143
480.0 38 41 44 19 13 155
485.0 40 42 47 23 12 164
490.0 43 45 47 23 13 171
495.0 45 55 49 28 14 191
500.0 47 64 48 29 15 203
505.0 52 67 50 30 14 213
510.0 51 71 56 33 16 227
515.0 60 74 57 33 18 242
520.0 65 76 59 35 20 255
525.0 69 79 63 40 21 272
530.0 75 78 58 40 25 276
535.0 72 82 64 39 26 283
540.0 65 80 74 41 28 288
545.0 71 85 78 40 29 303
550.0 80 86 78 36 33 313
555.0 89 89 78 37 34 327
560.0 85 88 85 38 36 332
565.0 84 91 84 48 35 342
570.0 79 97 89 58 35 358
575.0 76 92 95 59 37 359
580.0 83 89 103 68 39 382
585.0 82 97 94 67 40 380
590.0 81 97 99 67 42 386
595.0 85 95 102 61 41 384
600.0 88 104 105 56 39 392
605.0 92 107 107 55 41 402
610.0 98 110 119 58 43 428
615.0 101 109 122 54 46 432
620.0 105 108 127 50 47 437
625.0 107 106 127 51 46 437
630.0 103 98 126 57 50 434
635.0 95 98 131 62 48 434
640.0 97 104 121 61 48 431
645.0 100 115 117 56 51 439
650.0 104 120 119 49 52 444
655.0 107 125 113 48 46 439
660.0 108 124 108 51 49 440
665.0 98 116 106 56 49 425
670.0 98 116 105 50 52 421
675.0 90 113 108 53 47 411
680.0 87 111 104 59 44 405
685.0 87 119 100 60 48 414
690.0 81 118 102 59 47 407
695.0 83 111 102 55 46 397
700.0 83 113 97 53 46 392
705.0 84 105 106 52 42 389
710.0 79 101 106 55 43 384
715.0 73 100 106 56 43 378
720.0 78 95 110 51 42 376
725.0 84 97 104 47 37 369
730.0 88 103 99 41 38 369
735.0 93 98 103 38 39 371
740.0 89 89 106 38 36 358
745.0 95 87 102 37 36 357
750.0 87 84 102 36 38 347
755.0 81 84 103 34 39 341
760.0 76 78 105 30 39 328
765.0 69 80 101 28 37 315
770.0 62 81 102 30 35 310
775.0 58 77 96 37 34 302
780.0 62 76 95 40 34 307
785.0 63 78 102 41 38 322
790.0 66 76 105 39 40 326
795.0 69 75 101 44 37 326
800.0 76 70 96 46 40 328
805.0 74 78 96 41 41 330
810.0 70 70 97 45 48 330
815.0 73 64 98 46 44 325
820.0 71 71 102 47 43 334
825.0 76 69 98 45 46 334
830.0 75 71 106 49 46 347
835.0 78 73 105 48 50 354
840.0 77 72 102 49 49 349
845.0 78 75 109 49 50 361
850.0 87 78 111 49 54 379
855.0 91 80 118 45 46 380
860.0 96 79 117 41 45 378
865.0 95 86 120 50 42 393
870.0 90 87 116 52 43 388
875.0 89 84 121 60 43 397
880.0 90 82 131 58 43 404
885.0 87 87 134 57 45 410
890.0 93 94 126 52 43 408
895.0 99 91 125 53 43 411
900.0 100 92 124 53 45 414
905.0 105 95 113 49 46 408
910.0 107 102 115 48 49 421
915.0 100 102 118 47 46 413
920.0 90 103 127 49 45 414
925.0 88 98 124 53 43 406
930.0 94 102 130 52 48 426
935.0 95 107 131 54 47 434
940.0 95 105 121 57 48 426
945.0 98 94 122 54 51 419
950.0 97 85 119 52 49 402
955.0 96 81 117 51 48 393
960.0 91 79 116 50 50 386
965.0 90 81 115 54 48 388
970.0 87 82 120 56 47 392
975.0 96 79 122 52 47 396
980.0 90 88 126 51 45 400
985.0 102 96 133 47 44 422
990.0 96 105 135 45 46 427
995.0 83 103 135 50 45 416
1000.0 86 95 138 51 44 414
1005.0 79 106 131 55 46 417
1010.0 85 108 134 57 50 434
1015.0 86 114 121 58 50 429
1020.0 85 105 120 64 51 425
1025.0 90 110 127 66 55 448
1030.0 95 110 120 64 52 441
1035.0 94 121 124 59 51 449
1040.0 97 119 130 60 50 456
1045.0 96 113 140 60 51 460
1050.0 96 110 149 60 49 464
1055.0 94 114 142 60 49 459
1060.0 95 117 137 58 49 456
1065.0 103 113 131 56 49 452
1070.0 106 109 136 57 49 457
1075.0 111 107 143 58 54 473
1080.0 103 117 135 61 56 472
1085.0 106 124 133 64 51 478
1090.0 107 134 126 66 56 489
1095.0 103 135 128 66 54 486
1100.0 105 130 131 69 56 491
1105.0 115 136 130 75 55 511
1110.0 117 123 137 69 58 504
1115.0 118 131 144 68 57 518
1120.0 121 140 148 71 54 534
1125.0 120 133 147 72 50 522
1130.0 114 138 152 70 52 526
1135.0 118 138 149 62 49 516
1140.0 123 135 151 57 45 511
1145.0 121 133 148 64 47 513
1150.0 120 128 144 67 47 506
1155.0 117 127 130 71 46 491
1160.0 114 118 137 68 49 486
1165.0 108 117 130 65 58 478
1170.0 113 124 124 58 59 478
1175.0 115 132 121 63 58 489
1180.0 111 141 120 57 57 486
1185.0 106 140 118 63 57 484
1190.0 110 130 128 58 55 481
1195.0 104 123 123 54 47 451
1200.0 98 112 137 59 47 453
1205.0 95 109 130 55 47 436
1210.0 87 95 124 53 42 401
1215.0 83 91 130 48 42 394
1220.0 78 84 126 54 37 379
1225.0 82 81 115 46 35 359
1230.0 79 75 110 46 36 346
1235.0 69 69 109 49 37 333
1240.0 63 60 102 49 39 313
1245.0 58 57 95 47 34 291
1250.0 53 51 79 41 34 258
1255.0 51 47 70 41 28 237
1260.0 47 44 68 34 29 222
1265.0 43 41 68 32 28 212
1270.0 45 37 61 32 30 205
1275.0 47 35 51 29 29 191
1280.0 46 32 50 22 27 177
1285.0 45 31 46 22 25 169
1290.0 44 34 40 16 19 153
1295.0 35 30 38 17 20 140
1300.0 32 24 35 16 17 124
1305.0 27 21 31 16 16 111
1310.0 23 20 30 18 13 104
1315.0 19 22 28 16 11 96
1320.0 21 17 24 15 9 86
1325.0 19 18 21 11 8 77
1330.0 20 18 17 11 7 73
1335.0 19 16 13 11 7 66
1340.0 19 11 11 9 6 56
1345.0 15 11 8 9 7 50
1350.0 14 13 6 7 7 47
1355.0 11 9 6 4 6 36
1360.0 10 7 7 6 5 35
1365.0 9 3 5 7 4 28
1370.0 7 0 5 6 6 24
1375.0 6 0 5 5 6 22
1380.0 4 1 5 4 6 20
1385.0 3 2 5 3 6 19
1390.0 3 1 2 3 5 14
1395.0 2 1 2 3 4 12
1400.0 2 3 2 2 4 13
1405.0 1 4 0 2 4 11
1410.0 0 3 0 2 4 9
1415.0 0 1 0 1 3 5
1420.0 0 1 1 2 2 6
1425.0 0 1 1 1 2 5
1430.0 0 1 1 1 2 5
1435.0 0 1 1 1 1 4
