5.0 0 0 0 0 0 0
10.0 0 0 0 0 0 0
15.0 0 0 0 0 0 0
20.0 0 0 0 0 0 0
25.0 0 0 0 0 0 0
30.0 0 0 0 0 0 0
35.0 0 0 0 0 0 0
40.0 0 0 0 0 0 0
45.0 0 0 0 0 0 0
50.0 0 0 0 0 0 0
55.0 0 0 0 0 0 0
60.0 0 0 0 0 0 0
65.0 0 0 0 0 0 0
70.0 0 0 0 0 0 0
75.0 0 0 0 0 0 0
80.0 0 0 0 0 0 0
85.0 0 0 0 0 0 0
90.0 0 0 0 0 0 0
95.0 0 0 0 0 0 0
100.0 0 0 0 0 0 0
105.0 0 0 0 0 0 0
110.0 0 0 0 0 0 0
115.0 0 0 0 0 0 0
120.0 0 0 0 0 0 0
125.0 0 0 0 0 0 0
130.0 0 0 0 0 0 0
135.0 0 0 0 0 0 0
140.0 0 0 0 0 0 0
145.0 0 0 0 0 0 0
150.0 0 0 0 0 0 0
155.0 0 0 0 0 0 0
160.0 0 0 0 0 0 0
165.0 0 0 0 0 0 0
170.0 0 0 0 0 0 0
175.0 0 0 0 0 0 0
180.0 0 0 0 0 0 0
185.0 0 0 0 0 0 0
190.0 0 0 0 0 0 0
195.0 0 0 0 0 0 0
200.0 0 0 0 0 0 0
205.0 0 0 0 0 0 0
210.0 0 0 0 0 0 0
215.0 0 0 0 0 0 0
220.0 0 0 0 0 0 0
225.0 0 0 0 0 0 0
230.0 0 0 0 0 0 0
235.0 0 0 0 0 0 0
240.0 0 0 0 0 0 0
245.0 0 0 0 0 0 0
250.0 0 0 0 0 0 0
255.0 0 0 0 0 0 0
260.0 0 1 0 0 0 1
265.0 0 1 0 0 0 1
270.0 0 1 0 0 0 1
275.0 0 0 2 0 0 2
280.0 0 0 2 0 0 2
285.0 0 0 2 0 0 2
290.0 0 0 2 0 0 2
295.0 0 0 2 0 0 2
300.0 0 1 2 0 0 3
305.0 1 1 1 0 0 3
310.0 1 1 1 0 1 4
315.0 1 1 1 0 1 4
320.0 1 1 1 0 1 4
325.0 2 1 1 0 1 5
330.0 2 1 1 0 1 5
335.0 2 1 1 0 1 5
340.0 2 2 0 0 2 6
345.0 2 2 0 0 2 6
350.0 1 2 0 1 2 6
355.0 3 2 0 1 1 7
360.0 2 1 2 1 1 7
365.0 2 1 2 2 1 8
370.0 3 1 3 3 1 11
375.0 3 1 1 3 1 9
380.0 4 2 1 2 2 11
385.0 5 1 2 2 2 12
390.0 5 2 2 2 2 13
395.0 5 2 2 3 2 14
400.0 5 1 3 4 2 15
405.0 5 2 2 4 2 15
410.0 7 5 4 4 3 23
415.0 7 7 5 5 3 27
420.0 11 8 5 5 2 31
425.0 11 7 7 9 2 36
430.0 13 7 6 10 2 38
435.0 15 8 9 11 4 47
440.0 15 9 12 12 4 52
445.0 15 15 13 12 4 59
450.0 17 17 12 11 4 61
455.0 19 20 12 11 4 66
460.0 21 22 14 10 4 71
465.0 20 24 18 11 4 77
470.0 22 24 24 11 6 87
475.0 22 28 28 11 6 95
480.0 26 26 27 12 6 97
485.0 26 26 28 12 7 99
490.0 22 26 29 10 10 97
495.0 20 27 29 12 13 101
500.0 22 31 32 14 14 113
505.0 24 34 31 16 13 118
510.0 28 32 37 15 15 127
515.0 33 35 38 15 14 135
520.0 41 39 37 19 14 150
525.0 43 43 40 21 14 161
530.0 43 44 37 25 16 165
535.0 41 48 39 26 14 168
540.0 39 46 35 29 15 164
545.0 35 51 40 29 17 172
550.0 36 54 45 31 18 184
555.0 35 51 50 25 17 178
560.0 40 48 52 31 21 192
565.0 41 50 58 33 22 204
570.0 47 47 59 35 25 213
575.0 51 50 59 33 25 218
580.0 51 53 59 33 26 222
585.0 53 53 60 37 24 227
590.0 62 50 55 35 26 228
595.0 67 44 58 37 25 231
600.0 66 49 58 40 26 239
605.0 67 50 63 41 25 246
610.0 67 58 61 42 23 251
615.0 64 60 64 36 28 252
620.0 71 61 66 33 29 260
625.0 76 59 65 31 31 262
630.0 85 59 67 32 34 277
635.0 82 59 66 34 32 273
640.0 76 58 70 33 33 270
645.0 73 60 72 37 33 275
650.0 62 56 75 36 32 261
655.0 54 58 80 34 31 257
660.0 56 58 86 31 31 262
665.0 55 57 84 35 31 262
670.0 52 59 79 34 31 255
675.0 51 56 71 35 32 245
680.0 46 55 73 33 33 240
685.0 44 55 78 36 33 246
690.0 50 50 78 29 29 236
695.0 51 51 79 29 29 239
700.0 51 50 80 29 26 236
705.0 52 46 77 29 28 232
710.0 52 46 73 31 28 230
715.0 47 49 72 30 28 226
720.0 49 45 76 32 29 231
725.0 48 46 76 29 33 232
730.0 49 53 68 20 30 220
735.0 49 52 64 21 26 212
740.0 50 58 64 23 24 219
745.0 46 60 61 24 23 214
750.0 48 59 62 24 26 219
755.0 42 57 62 26 27 214
760.0 43 58 60 25 28 214
765.0 47 55 60 23 25 210
770.0 50 45 57 23 23 198
775.0 47 45 55 25 27 199
780.0 44 41 58 26 21 190
785.0 39 42 55 26 21 183
790.0 39 42 49 26 20 176
795.0 45 48 45 24 21 183
800.0 44 52 49 23 20 188
805.0 49 54 48 20 21 192
810.0 49 50 46 18 20 183
815.0 49 50 49 18 19 185
820.0 45 49 49 20 18 181
825.0 48 46 47 19 20 180
830.0 44 42 56 19 22 183
835.0 44 42 59 19 22 186
840.0 48 40 63 22 23 196
845.0 42 44 65 26 22 199
850.0 43 49 63 27 21 203
855.0 44 51 61 24 20 200
860.0 41 54 62 24 18 199
865.0 39 53 62 26 21 201
870.0 42 57 61 29 20 209
875.0 52 60 55 26 21 214
880.0 55 62 53 29 22 221
885.0 54 64 52 29 21 220
890.0 54 59 53 33 21 220
895.0 54 58 52 35 21 220
900.0 62 61 56 32 21 232
905.0 65 63 58 27 21 234
910.0 71 67 62 27 17 244
915.0 72 64 71 25 15 247
920.0 67 64 77 27 16 251
925.0 59 64 81 31 16 251
930.0 53 64 82 30 18 247
935.0 53 64 83 37 20 257
940.0 47 61 84 38 21 251
945.0 50 55 81 39 20 245
950.0 52 45 85 40 22 244
955.0 56 52 82 39 24 253
960.0 57 51 84 35 24 251
965.0 62 47 83 31 24 247
970.0 63 53 77 32 23 248
975.0 54 52 72 35 22 235
980.0 57 53 67 32 21 230
985.0 57 53 71 34 18 233
990.0 60 52 67 35 18 232
995.0 65 53 64 38 19 239
1000.0 68 53 67 36 20 244
1005.0 70 56 66 36 21 249
1010.0 63 50 74 40 22 249
1015.0 59 51 74 43 24 251
1020.0 61 46 81 43 23 254
1025.0 71 51 76 37 25 260
1030.0 64 59 72 37 25 257
1035.0 65 60 74 35 25 259
1040.0 62 64 78 39 26 269
1045.0 59 57 74 36 30 256
1050.0 57 58 77 36 29 257
1055.0 52 61 73 33 26 245
1060.0 49 65 62 35 28 239
1065.0 55 64 64 34 28 245
1070.0 61 64 65 36 31 257
1075.0 61 61 72 35 29 258
1080.0 60 63 80 32 28 263
1085.0 61 73 77 35 28 274
1090.0 59 76 71 33 28 267
1095.0 57 72 68 35 30 262
1100.0 52 72 69 37 31 261
1105.0 55 72 66 39 32 264
1110.0 59 72 63 35 34 263
1115.0 59 71 64 37 35 266
1120.0 58 65 64 34 36 257
1125.0 57 68 69 34 35 263
1130.0 59 75 73 30 35 272
1135.0 56 78 71 29 34 268
1140.0 59 76 74 33 28 270
1145.0 58 75 74 29 31 267
1150.0 52 76 76 32 32 268
1155.0 48 72 84 32 27 263
1160.0 45 72 76 37 26 256
1165.0 40 72 77 38 25 252
1170.0 42 72 75 35 26 250
1175.0 42 73 69 35 28 247
1180.0 44 68 74 36 24 246
1185.0 49 65 72 33 23 242
1190.0 55 61 72 32 21 241
1195.0 51 55 68 30 24 228
1200.0 49 54 70 29 24 226
1205.0 48 47 68 24 23 210
1210.0 42 47 70 24 21 204
1215.0 35 53 67 25 19 199
1220.0 37 48 62 24 19 190
1225.0 40 49 53 21 21 184
1230.0 37 47 53 18 20 175
1235.0 31 41 51 21 18 162
1240.0 30 40 45 20 17 152
1245.0 25 37 41 22 16 141
1250.0 29 34 42 19 16 140
1255.0 30 37 38 15 16 136
1260.0 32 31 39 15 15 132
1265.0 28 26 35 17 12 118
1270.0 29 22 34 17 13 115
1275.0 32 23 29 16 13 113
1280.0 31 25 26 13 13 108
1285.0 23 29 22 8 13 95
1290.0 23 29 18 5 12 87
1295.0 24 27 15 5 9 80
1300.0 21 27 14 5 7 74
1305.0 16 22 14 4 6 62
1310.0 14 20 12 5 7 58
1315.0 14 15 11 4 7 51
1320.0 12 15 8 3 7 45
1325.0 10 12 7 4 6 39
1330.0 8 9 6 4 5 32
1335.0 7 10 4 4 5 30
1340.0 6 7 4 4 6 27
1345.0 5 6 3 4 5 23
1350.0 4 5 3 4 5 21
1355.0 5 5 3 3 4 20
1360.0 4 3 2 3 4 16
1365.0 2 4 3 1 3 13
1370.0 1 2 4 1 2 10
1375.0 2 2 4 1 2 11
1380.0 2 2 4 1 1 10
1385.0 2 2 3 1 0 8
1390.0 1 2 3 1 0 7
1395.0 0 2 2 2 0 6
1400.0 0 2 2 2 0 6
1405.0 0 1 1 2 0 4
1410.0 1 0 2 0 0 3
1415.0 1 0 2 0 0 3
1420.0 1 0 3 0 0 4
1425.0 1 0 3 0 0 4
1430.0 0 0 1 0 0 1
1435.0 0 0 1 0 0 1
