5.0 0 0 0 0 0 0
10.0 0 0 0 0 0 0
15.0 0 0 0 0 0 0
20.0 0 0 0 0 0 0
25.0 0 0 0 0 0 0
30.0 0 0 0 0 0 0
35.0 0 0 0 0 0 0
40.0 0 0 0 0 0 0
45.0 0 0 0 0 0 0
50.0 0 0 0 0 0 0
55.0 0 0 0 0 0 0
60.0 0 0 0 0 0 0
65.0 0 0 0 0 0 0
70.0 0 0 0 0 0 0
75.0 0 0 0 0 0 0
80.0 0 0 0 0 0 0
85.0 0 0 0 0 0 0
90.0 0 0 0 0 0 0
95.0 0 0 0 0 0 0
100.0 0 0 0 0 0 0
105.0 0 0 0 0 0 0
110.0 0 0 0 0 0 0
115.0 0 0 0 0 0 0
120.0 0 0 0 0 0 0
125.0 0 0 0 0 0 0
130.0 0 0 0 0 0 0
135.0 0 0 0 0 0 0
140.0 0 0 0 0 0 0
145.0 0 0 0 0 0 0
150.0 0 0 0 0 0 0
155.0 0 0 0 0 0 0
160.0 0 0 0 0 0 0
165.0 0 0 0 0 0 0
170.0 0 0 0 0 0 0
175.0 0 0 0 0 0 0
180.0 0 0 0 0 0 0
185.0 0 0 0 0 0 0
190.0 0 0 0 0 0 0
195.0 0 0 0 0 0 0
200.0 0 0 0 0 0 0
205.0 0 0 0 0 0 0
210.0 0 0 0 0 0 0
215.0 0 0 0 0 0 0
220.0 0 0 0 0 0 0
225.0 0 0 0 0 0 0
230.0 0 0 0 0 0 0
235.0 0 0 0 0 0 0
240.0 0 0 0 0 0 0
245.0 0 0 0 0 0 0
250.0 0 0 0 0 0 0
255.0 0 0 0 0 0 0
260.0 0 0 0 0 0 0
265.0 0 0 0 0 0 0
270.0 0 0 0 0 0 0
275.0 0 0 0 0 0 0
280.0 0 0 0 0 0 0
285.0 0 0 0 0 0 0
290.0 0 0 0 0 0 0
295.0 0 0 0 0 0 0
300.0 0 0 0 0 0 0
305.0 0 0 0 0 0 0
310.0 0 0 0 0 0 0
315.0 0 0 0 0 0 0
320.0 0 0 0 0 0 0
325.0 0 0 1 0 0 1
330.0 0 0 1 0 0 1
335.0 0 0 1 0 0 1
340.0 0 0 1 2 0 3
345.0 0 0 2 2 0 4
350.0 0 0 2 2 0 4
355.0 0 0 2 2 0 4
360.0 0 0 3 1 0 4
365.0 0 0 4 1 0 5
370.0 1 1 3 0 0 5
375.0 1 1 3 0 0 5
380.0 1 1 4 0 0 6
385.0 1 2 4 0 0 7
390.0 1 2 4 0 0 7
395.0 2 2 5 0 0 9
400.0 3 2 5 0 0 10
405.0 5 3 4 1 1 14
410.0 6 3 4 1 1 15
415.0 6 4 5 1 1 17
420.0 6 4 7 1 1 19
425.0 6 5 7 3 0 21
430.0 5 5 7 3 0 20
435.0 6 6 7 3 0 22
440.0 5 6 6 4 2 23
445.0 7 6 5 4 2 24
450.0 8 7 5 4 2 26
455.0 9 6 6 3 2 26
460.0 7 8 7 3 2 27
465.0 4 8 7 5 2 26
470.0 4 9 8 7 2 30
475.0 6 11 8 7 3 35
480.0 9 10 14 5 3 41
485.0 9 8 15 5 4 41
490.0 8 8 16 7 4 43
495.0 8 10 16 6 5 45
500.0 10 8 19 6 4 47
505.0 10 9 17 6 4 46
510.0 12 9 19 6 4 50
515.0 12 12 20 7 4 55
520.0 16 11 20 8 5 60
525.0 14 12 22 8 5 61
530.0 14 12 22 10 5 63
535.0 17 12 21 10 9 69
540.0 15 15 22 10 8 70
545.0 16 17 22 11 8 74
550.0 21 19 23 10 9 82
555.0 23 19 22 12 8 84
560.0 25 18 23 12 5 83
565.0 28 20 23 11 7 89
570.0 30 19 22 12 7 90
575.0 25 21 26 12 7 91
580.0 25 22 31 11 9 98
585.0 20 27 38 13 10 108
590.0 20 24 37 13 10 104
595.0 20 26 42 13 10 111
600.0 21 25 41 16 11 114
605.0 23 23 43 13 11 113
610.0 25 29 43 12 11 120
615.0 22 29 36 14 11 112
620.0 21 31 35 16 11 114
625.0 20 32 34 18 11 115
630.0 20 27 36 19 12 114
635.0 14 28 32 19 13 106
640.0 17 27 35 21 13 113
645.0 16 24 35 23 11 109
650.0 20 22 34 24 10 110
655.0 18 24 31 21 10 104
660.0 23 24 31 16 10 104
665.0 24 22 28 17 9 100
670.0 28 24 25 16 8 101
675.0 26 25 27 16 7 101
680.0 25 22 24 16 8 95
685.0 23 23 22 18 10 96
690.0 21 25 20 20 10 96
695.0 21 25 21 19 10 96
700.0 19 24 20 17 9 89
705.0 22 27 24 11 9 93
710.0 21 26 25 12 10 94
715.0 21 25 27 10 9 92
720.0 20 22 27 11 9 89
725.0 21 24 28 9 10 92
730.0 26 21 27 7 11 92
735.0 25 20 27 7 9 88
740.0 23 21 29 6 8 87
745.0 24 23 28 11 8 94
750.0 21 26 31 11 8 97
755.0 20 24 29 11 8 92
760.0 21 24 28 12 8 93
765.0 20 22 24 9 5 80
770.0 24 21 22 10 5 82
775.0 20 21 20 12 5 78
780.0 20 24 18 13 6 81
785.0 18 27 16 11 6 78
790.0 19 25 19 10 7 80
795.0 19 24 22 10 6 81
800.0 24 21 25 11 6 87
805.0 25 21 28 11 6 91
810.0 29 22 28 13 7 99
815.0 34 20 30 12 7 103
820.0 30 19 30 15 7 101
825.0 30 15 33 13 6 97
830.0 32 14 33 11 7 97
835.0 34 17 29 9 6 95
840.0 37 17 30 12 6 102
845.0 36 20 28 15 6 105
850.0 32 20 25 16 6 99
855.0 32 17 26 15 5 95
860.0 34 13 33 15 6 101
865.0 35 15 35 13 6 104
870.0 37 18 34 11 8 108
875.0 32 19 38 11 10 110
880.0 29 21 40 16 10 116
885.0 26 23 38 13 10 110
890.0 21 26 36 15 10 108
895.0 20 24 35 15 10 104
900.0 26 24 35 15 11 111
905.0 27 25 33 15 11 111
910.0 29 26 30 14 11 110
915.0 25 23 32 15 11 106
920.0 25 22 29 11 13 100
925.0 27 22 30 11 13 103
930.0 26 24 29 12 13 104
935.0 27 26 31 12 13 109
940.0 26 24 29 14 12 105
945.0 26 24 29 15 13 107
950.0 27 23 29 15 13 107
955.0 25 26 32 17 14 114
960.0 26 26 34 16 15 117
965.0 32 26 34 11 16 119
970.0 31 22 33 15 15 116
975.0 29 27 36 15 14 121
980.0 29 27 34 12 13 115
985.0 30 29 33 11 11 114
990.0 25 29 33 10 11 108
995.0 22 31 30 11 10 104
1000.0 20 34 32 14 11 111
1005.0 19 34 33 12 11 109
1010.0 21 35 33 15 12 116
1015.0 19 29 41 15 10 114
1020.0 18 30 35 18 11 112
1025.0 17 31 33 20 12 113
1030.0 22 36 33 17 11 119
1035.0 24 38 33 15 11 121
1040.0 28 31 29 16 9 113
1045.0 29 26 31 17 10 113
1050.0 29 27 27 20 9 112
1055.0 31 29 32 21 11 124
1060.0 23 30 31 21 13 118
1065.0 22 29 36 18 12 117
1070.0 21 28 31 15 13 108
1075.0 19 25 34 15 14 107
1080.0 21 30 36 19 15 121
1085.0 18 29 36 17 14 114
1090.0 17 32 33 20 15 117
1095.0 20 28 39 20 15 122
1100.0 20 29 42 21 17 129
1105.0 22 31 41 20 16 130
1110.0 23 34 35 20 14 126
1115.0 23 34 33 21 13 124
1120.0 22 32 32 22 12 120
1125.0 26 35 30 18 12 121
1130.0 25 34 31 20 13 123
1135.0 32 35 32 20 13 132
1140.0 30 39 35 19 12 135
1145.0 29 41 34 21 10 135
1150.0 29 36 32 19 12 128
1155.0 29 29 32 20 13 123
1160.0 32 29 31 19 10 121
1165.0 35 29 26 17 11 118
1170.0 31 27 26 13 9 106
1175.0 32 28 23 13 8 104
1180.0 30 22 25 14 7 98
1185.0 24 24 26 16 9 99
1190.0 25 28 26 14 7 100
1195.0 26 30 24 17 8 105
1200.0 22 30 25 17 8 102
1205.0 19 28 26 18 6 97
1210.0 20 26 25 15 6 92
1215.0 22 25 26 15 4 92
1220.0 22 24 24 15 4 89
1225.0 21 19 24 13 3 80
1230.0 16 19 22 9 2 68
1235.0 13 19 23 7 3 65
1240.0 12 16 21 8 3 60
1245.0 13 14 20 9 3 59
1250.0 13 12 17 9 3 54
1255.0 14 12 14 9 3 52
1260.0 14 9 14 8 4 49
1265.0 12 8 15 8 3 46
1270.0 12 7 14 10 4 47
1275.0 8 6 10 9 3 36
1280.0 6 6 10 8 3 33
1285.0 7 5 9 6 3 30
1290.0 6 5 8 5 3 27
1295.0 6 4 6 4 5 25
1300.0 6 4 4 3 4 21
1305.0 5 4 4 4 2 19
1310.0 5 2 5 4 1 17
1315.0 5 3 5 3 2 18
1320.0 4 2 4 3 2 15
1325.0 3 2 4 2 1 12
1330.0 5 2 4 2 1 14
1335.0 4 1 4 3 1 13
1340.0 3 0 5 3 1 12
1345.0 1 0 4 3 1 9
1350.0 0 0 3 3 1 7
1355.0 0 0 3 2 2 7
1360.0 0 0 2 0 2 4
1365.0 0 0 2 0 2 4
1370.0 0 1 1 0 1 3
1375.0 0 1 2 0 1 4
1380.0 0 1 1 0 0 2
1385.0 0 1 1 0 0 2
1390.0 1 1 0 0 0 2
1395.0 0 1 0 0 0 1
1400.0 0 0 0 0 0 0
1405.0 0 0 0 0 0 0
1410.0 0 0 0 0 0 0
1415.0 0 0 0 0 0 0
1420.0 0 0 0 0 0 0
1425.0 0 0 0 0 0 0
1430.0 0 0 0 0 0 0
1435.0 0 0 0 0 0 0
