5.0 0 0 0 0 0 0
10.0 0 0 0 0 0 0
15.0 0 0 0 0 0 0
20.0 0 0 0 0 0 0
25.0 0 0 0 0 0 0
30.0 0 0 0 0 0 0
35.0 0 0 0 0 0 0
40.0 0 0 0 0 0 0
45.0 0 0 0 0 0 0
50.0 0 0 0 0 0 0
55.0 0 0 0 0 0 0
60.0 0 0 0 0 0 0
65.0 0 0 0 0 0 0
70.0 0 0 0 0 0 0
75.0 0 0 0 0 0 0
80.0 0 0 0 0 0 0
85.0 0 0 0 0 0 0
90.0 0 0 0 0 0 0
95.0 0 0 0 0 0 0
100.0 0 0 0 0 0 0
105.0 0 0 0 0 0 0
110.0 0 0 0 0 0 0
115.0 0 0 0 0 0 0
120.0 0 0 0 0 0 0
125.0 0 0 0 0 0 0
130.0 0 0 0 0 0 0
135.0 0 0 0 0 0 0
140.0 0 0 0 0 0 0
145.0 0 0 0 0 0 0
150.0 0 0 0 0 0 0
155.0 0 0 0 0 0 0
160.0 0 0 0 0 0 0
165.0 0 0 0 0 0 0
170.0 0 0 0 0 0 0
175.0 0 0 0 0 0 0
180.0 0 0 0 0 0 0
185.0 0 0 0 0 0 0
190.0 0 0 0 0 0 0
195.0 0 0 0 0 0 0
200.0 0 0 0 0 0 0
205.0 0 0 0 0 0 0
210.0 0 0 0 0 0 0
215.0 0 0 0 0 0 0
220.0 0 0 0 0 0 0
225.0 0 0 0 0 0 0
230.0 0 0 0 0 0 0
235.0 0 0 0 0 0 0
240.0 0 0 0 0 0 0
245.0 0 0 0 0 0 0
250.0 0 0 0 0 0 0
255.0 0 0 0 0 0 0
260.0 0 0 0 0 0 0
265.0 0 0 0 0 0 0
270.0 0 0 0 0 0 0
275.0 0 0 0 0 0 0
280.0 0 0 0 0 0 0
285.0 1 0 0 0 0 1
290.0 1 0 0 0 0 1
295.0 1 0 0 0 0 1
300.0 1 0 0 0 1 2
305.0 1 0 0 0 1 2
310.0 1 0 0 0 1 2
315.0 1 0 0 0 1 2
320.0 1 0 0 0 1 2
325.0 1 0 0 0 1 2
330.0 1 0 0 0 1 2
335.0 1 0 0 0 1 2
340.0 1 0 0 0 1 2
345.0 1 0 0 0 1 2
350.0 1 0 0 0 1 2
355.0 2 1 0 0 1 4
360.0 2 1 1 0 1 5
365.0 1 1 2 1 1 6
370.0 1 1 2 1 1 6
375.0 1 1 2 2 1 7
380.0 1 2 1 3 1 8
385.0 1 2 2 3 1 9
390.0 2 2 2 3 1 10
395.0 2 2 2 3 0 9
400.0 2 1 2 3 0 8
405.0 1 2 2 3 0 8
410.0 2 3 2 1 1 9
415.0 2 3 3 2 1 11
420.0 3 4 6 1 1 15
425.0 3 7 7 3 1 21
430.0 5 7 8 2 1 23
435.0 5 7 10 3 1 26
440.0 5 7 14 4 1 31
445.0 5 7 16 5 1 34
450.0 6 8 16 4 1 35
455.0 6 8 18 4 1 37
460.0 7 10 22 4 2 45
465.0 7 10 20 7 3 47
470.0 6 10 18 7 4 45
475.0 7 10 17 6 5 45
480.0 8 9 20 7 5 49
485.0 9 8 22 6 5 50
490.0 12 11 22 5 5 55
495.0 13 12 20 5 5 55
500.0 15 12 22 5 7 61
505.0 17 14 22 7 7 67
510.0 19 15 16 7 9 66
515.0 22 13 17 10 9 71
520.0 30 14 16 7 10 77
525.0 27 12 19 10 10 78
530.0 29 12 19 16 11 87
535.0 29 17 15 17 12 90
540.0 27 25 16 20 11 99
545.0 28 28 18 21 12 107
550.0 22 29 19 20 12 102
555.0 23 28 17 19 16 103
560.0 20 31 20 17 20 108
565.0 22 30 23 17 20 112
570.0 23 32 26 16 19 116
575.0 23 30 24 15 18 110
580.0 23 31 28 17 17 116
585.0 23 35 28 19 18 123
590.0 25 35 33 17 21 131
595.0 29 36 33 17 22 137
600.0 33 44 39 15 20 151
605.0 33 46 38 17 20 154
610.0 31 42 42 16 21 152
615.0 29 41 41 18 19 148
620.0 27 42 39 17 19 144
625.0 27 42 41 16 17 143
630.0 27 37 45 12 18 139
635.0 30 36 42 13 18 139
640.0 27 38 43 12 18 138
645.0 27 37 36 13 17 130
650.0 24 40 33 14 18 129
655.0 26 35 39 16 18 134
660.0 25 27 40 18 16 126
665.0 23 26 39 20 18 126
670.0 24 24 43 18 21 130
675.0 25 24 44 16 22 131
680.0 26 30 45 18 21 140
685.0 28 25 46 15 22 136
690.0 27 23 47 17 21 135
695.0 31 21 51 19 21 143
700.0 29 22 46 19 19 135
705.0 24 27 47 20 17 135
710.0 21 23 45 19 17 125
715.0 19 24 47 18 17 125
720.0 20 23 43 16 18 120
725.0 22 27 39 15 18 121
730.0 20 25 42 16 17 120
735.0 20 23 42 13 18 116
740.0 20 22 48 16 18 124
745.0 25 20 43 16 20 124
750.0 23 20 41 17 20 121
755.0 23 23 36 19 21 122
760.0 23 20 33 16 22 114
765.0 23 18 36 14 22 113
770.0 20 20 36 15 19 110
775.0 19 21 35 12 13 100
780.0 18 24 32 12 12 98
785.0 17 25 32 8 14 96
790.0 16 23 33 7 11 90
795.0 15 20 28 10 11 84
800.0 15 23 30 9 11 88
805.0 15 25 30 10 11 91
810.0 18 34 26 13 12 103
815.0 21 35 28 12 10 106
820.0 21 32 30 14 10 107
825.0 20 30 30 18 9 107
830.0 20 29 28 19 10 106
835.0 23 27 30 17 8 105
840.0 22 29 28 16 7 102
845.0 20 29 29 14 7 99
850.0 24 27 29 13 7 100
855.0 25 24 34 13 8 104
860.0 28 30 36 13 9 116
865.0 30 33 36 14 9 122
870.0 33 35 33 16 9 126
875.0 34 31 29 20 10 124
880.0 36 26 28 22 10 122
885.0 33 25 30 23 8 119
890.0 35 27 33 21 7 123
895.0 28 26 41 24 8 127
900.0 28 25 39 24 9 125
905.0 30 26 32 24 9 121
910.0 31 23 28 25 9 116
915.0 32 28 31 25 8 124
920.0 30 26 34 26 9 125
925.0 31 24 34 30 9 128
930.0 32 25 36 27 11 131
935.0 30 26 38 26 12 132
940.0 35 28 35 22 11 131
945.0 33 23 36 25 10 127
950.0 35 24 43 21 10 133
955.0 38 19 46 21 10 134
960.0 39 21 47 21 10 138
965.0 37 26 45 21 10 139
970.0 36 28 44 19 10 137
975.0 36 30 38 19 10 133
980.0 40 33 35 17 11 136
985.0 41 34 34 17 12 138
990.0 37 36 39 20 12 144
995.0 38 36 37 21 12 144
1000.0 32 35 37 24 12 140
1005.0 34 36 37 20 11 138
1010.0 32 36 36 23 11 138
1015.0 32 33 34 24 11 134
1020.0 34 32 34 24 12 136
1025.0 39 31 36 22 14 142
1030.0 38 34 38 20 16 146
1035.0 35 31 42 18 18 144
1040.0 32 31 46 17 19 145
1045.0 31 30 45 17 20 143
1050.0 29 34 40 20 20 143
1055.0 24 36 39 18 17 134
1060.0 30 34 37 19 18 138
1065.0 31 36 40 22 18 147
1070.0 29 38 42 22 16 147
1075.0 31 36 42 22 16 147
1080.0 29 40 45 21 18 153
1085.0 31 37 45 21 19 153
1090.0 31 38 41 29 19 158
1095.0 31 43 40 28 20 162
1100.0 31 43 37 29 21 161
1105.0 32 48 41 30 22 173
1110.0 33 42 49 27 22 173
1115.0 37 44 50 27 23 181
1120.0 36 46 48 25 20 175
1125.0 39 45 43 26 21 174
1130.0 39 43 44 25 21 172
1135.0 38 41 49 27 24 179
1140.0 38 41 51 23 25 178
1145.0 41 45 48 21 26 181
1150.0 42 48 50 21 25 186
1155.0 39 49 48 24 24 184
1160.0 34 49 51 21 24 179
1165.0 36 52 48 19 24 179
1170.0 33 52 40 19 21 165
1175.0 34 49 45 19 18 165
1180.0 30 50 49 19 20 168
1185.0 27 52 45 20 18 162
1190.0 29 49 42 24 17 161
1195.0 29 46 46 20 18 159
1200.0 26 46 49 18 16 155
1205.0 30 39 43 14 15 141
1210.0 32 32 45 13 13 135
1215.0 32 29 43 12 12 128
1220.0 30 27 45 15 11 128
1225.0 35 24 40 13 11 123
1230.0 30 26 32 14 7 109
1235.0 31 22 33 10 8 104
1240.0 30 20 30 10 9 99
1245.0 30 19 26 7 7 89
1250.0 28 20 22 8 9 87
1255.0 24 19 23 5 7 78
1260.0 19 19 20 6 7 71
1265.0 17 20 20 7 6 70
1270.0 12 17 18 7 3 57
1275.0 12 14 17 6 4 53
1280.0 6 7 16 6 3 38
1285.0 3 6 11 7 2 29
1290.0 4 8 9 9 2 32
1295.0 3 8 13 9 2 35
1300.0 3 9 8 9 5 34
1305.0 4 7 7 7 3 28
1310.0 6 5 5 6 3 25
1315.0 6 5 5 5 3 24
1320.0 4 6 5 5 3 23
1325.0 4 5 5 5 3 22
1330.0 3 4 3 4 2 16
1335.0 3 4 3 2 1 13
1340.0 2 2 3 3 0 10
1345.0 1 2 4 3 0 10
1350.0 1 2 4 4 0 11
1355.0 1 2 3 4 0 10
1360.0 1 2 3 3 0 9
1365.0 1 3 3 2 0 9
1370.0 1 3 3 2 0 9
1375.0 2 1 3 2 0 8
1380.0 2 1 3 2 0 8
1385.0 1 1 3 2 0 7
1390.0 1 1 2 2 0 6
1395.0 0 1 3 1 0 5
1400.0 0 1 2 1 0 4
1405.0 0 1 2 1 0 4
1410.0 0 1 2 1 0 4
1415.0 0 1 2 1 0 4
1420.0 0 1 1 1 0 3
1425.0 0 1 1 1 0 3
1430.0 0 1 1 1 0 3
1435.0 0 0 0 1 0 1
