5.0 0 0 0 0 0 0
10.0 0 0 0 0 0 0
15.0 0 0 0 0 0 0
20.0 0 0 0 0 0 0
25.0 0 0 0 0 0 0
30.0 0 0 0 0 0 0
35.0 0 0 0 0 0 0
40.0 0 0 0 0 0 0
45.0 0 0 0 0 0 0
50.0 0 0 0 0 0 0
55.0 0 0 0 0 0 0
60.0 0 0 0 0 0 0
65.0 0 0 0 0 0 0
70.0 0 0 0 0 0 0
75.0 0 0 0 0 0 0
80.0 0 0 0 0 0 0
85.0 0 0 0 0 0 0
90.0 0 0 0 0 0 0
95.0 0 0 0 0 0 0
100.0 0 0 0 0 0 0
105.0 0 0 0 0 0 0
110.0 0 0 0 0 0 0
115.0 0 0 0 0 0 0
120.0 0 0 0 0 0 0
125.0 0 0 0 0 0 0
130.0 0 0 0 0 0 0
135.0 0 0 0 0 0 0
140.0 0 0 0 0 0 0
145.0 0 0 0 0 0 0
150.0 0 0 0 0 0 0
155.0 0 0 0 0 0 0
160.0 0 0 0 0 0 0
165.0 0 0 0 0 0 0
170.0 0 0 0 0 0 0
175.0 0 0 0 0 0 0
180.0 0 0 0 0 0 0
185.0 0 0 0 0 0 0
190.0 0 0 0 0 0 0
195.0 0 0 0 0 0 0
200.0 0 0 0 0 0 0
205.0 0 0 0 0 0 0
210.0 0 0 0 0 0 0
215.0 0 0 0 0 0 0
220.0 0 0 0 0 0 0
225.0 0 0 0 0 0 0
230.0 0 0 0 0 0 0
235.0 0 0 0 0 0 0
240.0 0 0 0 0 0 0
245.0 0 0 0 0 0 0
250.0 0 0 0 0 0 0
255.0 0 0 0 0 0 0
260.0 0 0 0 0 0 0
265.0 0 0 0 0 0 0
270.0 0 0 0 0 0 0
275.0 0 0 0 0 0 0
280.0 0 0 0 0 0 0
285.0 0 0 0 0 0 0
290.0 0 0 0 0 0 0
295.0 0 0 0 0 0 0
300.0 0 0 0 0 0 0
305.0 0 0 0 0 0 0
310.0 0 0 0 0 0 0
315.0 0 0 0 0 0 0
320.0 0 0 0 0 0 0
325.0 0 0 0 0 0 0
330.0 0 0 0 0 0 0
335.0 0 0 0 0 0 0
340.0 0 0 0 0 0 0
345.0 0 0 0 0 0 0
350.0 0 0 0 0 0 0
355.0 0 0 0 0 0 0
360.0 0 0 0 0 0 0
365.0 0 0 0 0 0 0
370.0 0 0 0 0 0 0
375.0 0 0 0 0 0 0
380.0 0 0 0 0 0 0
385.0 0 0 0 1 0 1
390.0 0 0 0 1 0 1
395.0 1 0 0 1 0 2
400.0 1 0 0 1 1 3
405.0 1 0 0 1 1 3
410.0 1 0 0 1 1 3
415.0 1 0 0 1 1 3
420.0 1 0 0 1 1 3
425.0 1 0 0 1 1 3
430.0 1 0 0 0 1 2
435.0 1 0 0 0 1 2
440.0 1 0 0 0 1 2
445.0 1 0 0 0 1 2
450.0 0 0 0 0 1 1
455.0 0 0 0 0 1 1
460.0 0 0 0 0 0 0
465.0 0 0 0 0 0 0
470.0 0 0 0 0 0 0
475.0 0 0 0 0 0 0
480.0 0 0 0 0 0 0
485.0 0 0 2 0 0 2
490.0 0 1 3 0 0 4
495.0 1 1 3 0 0 5
500.0 1 1 3 1 0 6
505.0 1 1 2 1 0 5
510.0 0 1 2 2 0 5
515.0 0 1 1 3 1 6
520.0 0 1 2 3 1 7
525.0 0 1 2 3 1 7
530.0 1 2 2 2 1 8
535.0 2 3 2 1 1 9
540.0 1 3 4 1 1 10
545.0 2 3 3 1 1 10
550.0 2 4 3 0 1 10
555.0 2 3 3 0 1 9
560.0 3 3 2 0 1 9
565.0 1 3 2 3 0 9
570.0 1 3 2 3 0 9
575.0 1 3 2 3 0 9
580.0 1 1 3 3 0 8
585.0 2 1 2 3 0 8
590.0 3 1 3 3 1 11
595.0 3 1 3 3 1 11
600.0 3 2 4 4 1 14
605.0 3 2 4 3 1 13
610.0 4 2 3 3 1 13
615.0 5 2 3 2 1 13
620.0 7 1 2 1 1 12
625.0 7 2 1 1 1 12
630.0 8 2 1 1 1 13
635.0 9 3 1 0 1 14
640.0 9 3 1 0 1 14
645.0 9 3 1 0 1 14
650.0 8 2 1 2 1 14
655.0 5 2 1 3 1 12
660.0 6 2 1 3 2 14
665.0 6 3 1 3 2 15
670.0 6 4 1 3 2 16
675.0 3 4 2 3 2 14
680.0 3 4 2 4 2 15
685.0 2 4 2 5 2 15
690.0 2 4 1 5 2 14
695.0 2 5 1 6 2 16
700.0 3 5 2 5 2 17
705.0 2 5 2 5 2 16
710.0 2 4 3 4 2 15
715.0 0 4 4 4 2 14
720.0 0 5 5 4 2 16
725.0 1 6 6 3 2 18
730.0 3 5 6 2 2 18
735.0 4 5 4 2 2 17
740.0 4 5 3 2 1 15
745.0 3 4 4 2 1 14
750.0 3 3 3 2 1 12
755.0 3 3 1 2 1 10
760.0 2 2 1 2 1 8
765.0 2 2 3 1 1 9
770.0 2 2 3 1 1 9
775.0 1 1 3 1 1 7
780.0 1 1 3 1 1 7
785.0 1 2 6 1 1 11
790.0 0 3 6 1 1 11
795.0 0 4 6 1 0 11
800.0 1 5 4 1 0 11
805.0 1 3 4 2 1 11
810.0 1 2 5 1 1 10
815.0 1 2 5 1 1 10
820.0 1 2 5 2 1 11
825.0 1 1 4 4 2 12
830.0 1 1 3 4 2 11
835.0 1 1 3 2 3 10
840.0 1 1 4 2 2 10
845.0 0 1 5 2 2 10
850.0 1 1 4 1 2 9
855.0 1 2 3 1 2 9
860.0 2 2 4 0 1 9
865.0 1 1 4 0 1 7
870.0 1 1 3 0 1 6
875.0 1 1 3 0 1 6
880.0 1 1 3 0 1 6
885.0 1 0 3 0 1 5
890.0 1 0 3 0 1 5
895.0 2 0 3 0 1 6
900.0 3 0 2 0 1 6
905.0 3 2 2 0 1 8
910.0 2 2 2 0 1 7
915.0 1 2 2 0 1 6
920.0 1 1 3 0 1 6
925.0 1 1 2 0 1 5
930.0 1 1 2 0 1 5
935.0 1 1 1 1 1 5
940.0 1 2 0 1 1 5
945.0 0 5 0 1 1 7
950.0 0 6 0 1 1 8
955.0 1 6 0 0 1 8
960.0 1 5 0 0 1 7
965.0 2 4 1 0 1 8
970.0 3 4 1 0 1 9
975.0 3 3 2 1 1 10
980.0 1 4 2 0 1 8
985.0 2 4 3 0 1 10
990.0 1 4 3 0 1 9
995.0 1 4 4 0 1 10
1000.0 0 4 4 0 2 10
1005.0 0 4 3 0 2 9
1010.0 0 4 3 0 2 9
1015.0 1 3 2 1 3 10
1020.0 1 3 0 1 3 8
1025.0 1 2 1 1 3 8
1030.0 1 2 1 1 2 7
1035.0 1 2 1 1 2 7
1040.0 1 2 2 1 2 8
1045.0 1 2 2 1 2 8
1050.0 1 3 2 1 2 9
1055.0 1 3 2 1 2 9
1060.0 1 3 2 1 3 10
1065.0 1 5 1 1 2 10
1070.0 1 5 1 1 2 10
1075.0 1 4 2 1 2 10
1080.0 1 4 1 2 2 10
1085.0 2 2 1 2 1 8
1090.0 3 2 1 1 1 8
1095.0 3 3 0 1 1 8
1100.0 4 3 0 1 0 8
1105.0 5 3 0 1 0 9
1110.0 4 2 0 1 1 8
1115.0 4 2 0 1 1 8
1120.0 2 2 1 2 1 8
1125.0 2 2 1 2 1 8
1130.0 1 3 1 3 1 9
1135.0 1 2 1 3 1 8
1140.0 1 2 2 2 1 8
1145.0 1 4 2 1 1 9
1150.0 1 5 2 1 1 10
1155.0 2 5 2 0 1 10
1160.0 1 5 4 0 1 11
1165.0 1 5 4 0 1 11
1170.0 0 5 4 0 1 10
1175.0 0 3 5 0 1 9
1180.0 0 3 5 0 1 9
1185.0 0 3 5 0 1 9
1190.0 2 5 3 0 1 11
1195.0 2 4 4 0 1 11
1200.0 3 4 3 0 1 11
1205.0 4 4 2 0 0 10
1210.0 3 2 2 1 0 8
1215.0 2 2 1 1 0 6
1220.0 2 3 1 1 0 7
1225.0 2 3 1 1 0 7
1230.0 2 1 1 1 0 5
1235.0 2 1 0 1 0 4
1240.0 1 1 1 1 0 4
1245.0 1 2 1 1 0 5
1250.0 0 2 1 1 0 4
1255.0 0 2 0 1 1 4
1260.0 0 2 0 1 0 3
1265.0 0 1 0 1 0 2
1270.0 1 1 0 0 0 2
1275.0 1 1 0 0 0 2
1280.0 0 1 0 0 0 1
1285.0 1 0 0 0 0 1
1290.0 1 0 0 0 0 1
1295.0 1 0 0 0 0 1
1300.0 1 0 0 0 0 1
1305.0 1 0 0 0 0 1
1310.0 1 0 0 0 0 1
1315.0 1 0 0 0 0 1
1320.0 1 0 0 0 0 1
1325.0 1 0 0 0 0 1
1330.0 1 0 0 0 0 1
1335.0 1 0 0 0 0 1
1340.0 1 0 0 0 0 1
1345.0 1 0 0 0 0 1
1350.0 1 0 0 0 0 1
1355.0 1 0 0 0 0 1
1360.0 1 0 0 0 0 1
1365.0 0 0 1 0 0 1
1370.0 0 0 1 0 0 1
1375.0 0 0 1 0 0 1
1380.0 0 0 1 0 0 1
1385.0 0 0 1 0 0 1
1390.0 0 0 1 0 0 1
1395.0 0 0 1 0 0 1
1400.0 0 0 1 0 0 1
1405.0 0 0 0 0 0 0
1410.0 0 0 0 0 0 0
1415.0 0 0 0 0 0 0
1420.0 0 0 0 0 0 0
1425.0 0 0 0 0 0 0
1430.0 0 0 0 0 0 0
1435.0 0 0 0 0 0 0
