5.0 0 0 0 0 0 0
10.0 0 0 0 0 0 0
15.0 0 0 0 0 0 0
20.0 0 0 0 0 0 0
25.0 0 0 0 0 0 0
30.0 0 0 0 0 0 0
35.0 0 0 0 0 0 0
40.0 0 0 0 0 0 0
45.0 0 0 0 0 0 0
50.0 0 0 0 0 0 0
55.0 0 0 0 0 0 0
60.0 0 0 0 0 0 0
65.0 0 0 0 0 0 0
70.0 0 0 0 0 0 0
75.0 0 0 0 0 0 0
80.0 0 0 0 0 0 0
85.0 0 0 0 0 0 0
90.0 0 0 0 0 0 0
95.0 0 0 0 0 0 0
100.0 0 0 0 0 0 0
105.0 0 0 0 0 0 0
110.0 0 0 0 0 0 0
115.0 0 0 0 0 0 0
120.0 0 0 0 0 0 0
125.0 0 0 0 0 0 0
130.0 0 0 0 0 0 0
135.0 0 0 0 0 0 0
140.0 0 0 0 0 0 0
145.0 0 0 0 0 0 0
150.0 0 0 0 0 0 0
155.0 0 0 0 0 0 0
160.0 0 0 0 0 0 0
165.0 0 0 0 0 0 0
170.0 0 0 0 0 0 0
175.0 0 0 0 0 0 0
180.0 0 0 0 0 0 0
185.0 0 0 0 0 0 0
190.0 0 0 0 0 0 0
195.0 0 0 0 0 0 0
200.0 0 0 0 0 0 0
205.0 0 0 0 0 0 0
210.0 0 0 0 0 0 0
215.0 0 0 0 0 0 0
220.0 0 0 0 0 0 0
225.0 0 0 0 0 0 0
230.0 0 0 0 0 0 0
235.0 0 0 0 0 0 0
240.0 0 0 0 0 0 0
245.0 0 0 0 0 0 0
250.0 0 0 0 0 0 0
255.0 0 0 0 0 0 0
260.0 0 0 0 0 0 0
265.0 0 0 0 0 0 0
270.0 0 0 0 0 0 0
275.0 0 0 0 0 0 0
280.0 0 0 0 0 0 0
285.0 0 0 0 0 0 0
290.0 0 0 0 0 0 0
295.0 0 0 0 0 0 0
300.0 0 0 0 0 0 0
305.0 0 0 0 0 0 0
310.0 0 0 0 0 0 0
315.0 0 1 0 0 0 1
320.0 0 1 0 0 0 1
325.0 0 2 0 0 0 2
330.0 0 2 0 1 0 3
335.0 0 2 0 1 0 3
340.0 0 1 0 1 0 2
345.0 0 1 0 1 1 3
350.0 0 1 0 1 1 3
355.0 0 1 0 1 1 3
360.0 0 1 0 1 1 3
365.0 0 1 1 1 1 4
370.0 0 2 2 1 1 6
375.0 0 2 3 1 1 7
380.0 0 3 4 1 1 9
385.0 0 4 4 1 1 10
390.0 0 4 5 1 1 11
395.0 0 4 5 1 1 11
400.0 0 4 8 1 1 14
405.0 0 4 8 1 2 15
410.0 0 3 7 2 2 14
415.0 0 3 6 2 2 13
420.0 0 4 4 3 2 13
425.0 0 6 4 2 2 14
430.0 1 6 2 3 1 13
435.0 1 5 2 4 1 13
440.0 1 6 3 4 2 16
445.0 3 7 3 4 2 19
450.0 4 5 3 5 2 19
455.0 6 6 4 5 2 23
460.0 6 7 6 5 2 26
465.0 8 9 7 6 3 33
470.0 10 8 8 6 3 35
475.0 11 9 7 8 3 38
480.0 11 10 8 8 3 40
485.0 10 13 9 9 3 44
490.0 13 19 12 7 3 54
495.0 12 22 11 7 3 55
500.0 11 24 14 10 5 64
505.0 14 22 13 9 5 63
510.0 17 20 13 11 6 67
515.0 14 19 14 12 7 66
520.0 13 17 16 12 7 65
525.0 12 17 17 13 7 66
530.0 12 17 18 14 5 66
535.0 9 18 18 14 5 64
540.0 10 15 21 14 4 64
545.0 10 14 23 14 5 66
550.0 10 19 23 15 5 72
555.0 14 18 24 14 5 75
560.0 18 18 24 16 5 81
565.0 22 23 21 17 5 88
570.0 21 25 20 19 7 92
575.0 23 24 30 18 8 103
580.0 24 25 36 19 7 111
585.0 25 23 38 20 7 113
590.0 24 20 36 21 7 108
595.0 22 20 33 21 7 103
600.0 20 25 33 22 7 107
605.0 23 28 29 18 7 105
610.0 28 28 23 16 8 103
615.0 25 25 23 20 8 101
620.0 26 27 26 18 7 104
625.0 32 23 27 17 7 106
630.0 37 27 29 16 7 116
635.0 36 26 27 16 7 112
640.0 36 29 27 16 7 115
645.0 34 27 29 15 7 112
650.0 33 30 29 12 8 112
655.0 33 32 28 12 8 113
660.0 29 31 31 13 7 111
665.0 28 30 31 16 6 111
670.0 26 30 32 14 4 106
675.0 27 33 35 9 5 109
680.0 27 32 35 8 5 107
685.0 23 33 37 9 5 107
690.0 19 28 38 9 7 101
695.0 17 30 36 9 7 99
700.0 19 28 39 9 9 104
705.0 20 28 37 8 8 101
710.0 17 26 34 9 8 94
715.0 16 27 29 10 9 91
720.0 14 27 24 10 8 83
725.0 16 27 20 8 8 79
730.0 13 26 22 7 8 76
735.0 12 24 26 6 8 76
740.0 12 24 25 7 9 77
745.0 11 19 22 8 11 71
750.0 9 18 20 9 13 69
755.0 5 22 22 11 13 73
760.0 9 25 20 11 12 77
765.0 8 27 21 8 11 75
770.0 8 23 27 5 11 74
775.0 9 23 25 4 13 74
780.0 10 21 22 5 11 69
785.0 12 22 23 7 12 76
790.0 13 25 22 6 13 79
795.0 17 24 24 5 14 84
800.0 20 25 27 2 14 88
805.0 20 24 25 2 13 84
810.0 14 25 21 4 13 77
815.0 14 26 20 5 11 76
820.0 13 26 23 8 11 81
825.0 13 29 19 8 12 81
830.0 12 27 20 8 12 79
835.0 11 30 22 8 10 81
840.0 9 32 23 6 10 80
845.0 12 28 23 11 9 83
850.0 11 24 20 12 9 76
855.0 13 25 21 14 7 80
860.0 15 21 21 17 10 84
865.0 15 19 24 17 9 84
870.0 19 17 28 14 10 88
875.0 14 18 31 14 10 87
880.0 12 20 35 15 9 91
885.0 11 18 36 12 9 86
890.0 10 20 40 13 9 92
895.0 13 20 42 10 8 93
900.0 13 20 41 11 10 95
905.0 14 20 38 12 12 96
910.0 17 18 32 11 10 88
915.0 17 16 32 12 10 87
920.0 17 18 35 13 10 93
925.0 22 21 32 13 10 98
930.0 20 19 34 17 10 100
935.0 19 19 37 17 9 101
940.0 19 23 34 17 8 101
945.0 20 23 31 18 8 100
950.0 21 26 28 12 7 94
955.0 20 24 29 15 9 97
960.0 18 20 31 15 10 94
965.0 21 19 34 11 10 95
970.0 19 23 34 12 11 99
975.0 21 24 30 11 14 100
980.0 21 22 31 11 14 99
985.0 23 29 30 12 15 109
990.0 22 28 27 16 14 107
995.0 21 28 27 18 13 107
1000.0 25 27 29 18 11 110
1005.0 27 24 31 18 12 112
1010.0 30 27 31 15 11 114
1015.0 30 26 28 18 11 113
1020.0 29 23 26 17 10 105
1025.0 29 20 27 19 8 103
1030.0 30 18 30 21 9 108
1035.0 28 22 27 21 7 105
1040.0 28 24 25 20 9 106
1045.0 32 21 22 21 9 105
1050.0 32 24 21 22 10 109
1055.0 32 24 24 22 14 116
1060.0 30 27 25 20 14 116
1065.0 25 27 24 21 16 113
1070.0 20 30 26 23 15 114
1075.0 19 29 25 21 16 110
1080.0 24 30 25 21 19 119
1085.0 25 28 31 22 19 125
1090.0 26 27 32 16 18 119
1095.0 26 29 37 14 20 126
1100.0 26 33 36 14 18 127
1105.0 30 31 37 15 17 130
1110.0 29 30 38 13 16 126
1115.0 29 26 38 13 15 121
1120.0 28 23 39 14 15 119
1125.0 25 25 39 17 18 124
1130.0 28 27 38 13 19 125
1135.0 27 26 39 10 21 123
1140.0 27 27 40 14 20 128
1145.0 28 28 43 16 19 134
1150.0 26 24 40 22 19 131
1155.0 27 22 41 19 20 129
1160.0 31 21 38 17 19 126
1165.0 29 21 35 15 17 117
1170.0 29 24 34 16 17 120
1175.0 31 25 34 14 14 118
1180.0 26 23 28 13 14 104
1185.0 28 24 28 10 13 103
1190.0 25 25 30 12 14 106
1195.0 23 27 32 10 16 108
1200.0 24 26 38 10 15 113
1205.0 24 26 31 11 14 106
1210.0 23 24 31 9 15 102
1215.0 20 24 32 8 13 97
1220.0 18 18 30 8 12 86
1225.0 16 16 29 7 14 82
1230.0 18 14 27 9 14 82
1235.0 18 15 22 10 10 75
1240.0 14 14 21 14 9 72
1245.0 12 13 15 15 9 64
1250.0 7 17 14 14 8 60
1255.0 9 19 13 12 7 60
1260.0 10 19 9 11 7 56
1265.0 9 13 7 9 6 44
1270.0 9 9 7 7 6 38
1275.0 10 10 6 5 4 35
1280.0 10 8 6 5 4 33
1285.0 8 6 8 7 5 34
1290.0 8 5 9 6 4 32
1295.0 10 5 5 7 3 30
1300.0 9 2 6 7 2 26
1305.0 6 3 6 7 2 24
1310.0 5 4 7 7 2 25
1315.0 7 4 7 5 2 25
1320.0 7 4 5 5 2 23
1325.0 3 3 5 7 1 19
1330.0 3 3 5 6 1 18
1335.0 2 3 6 6 1 18
1340.0 1 1 7 4 1 14
1345.0 1 3 7 2 1 14
1350.0 0 3 4 2 0 9
1355.0 0 2 4 2 0 8
1360.0 1 1 2 2 0 6
1365.0 1 1 2 2 0 6
1370.0 1 1 1 1 0 4
1375.0 2 1 0 1 0 4
1380.0 3 1 0 0 0 4
1385.0 3 0 0 0 0 3
1390.0 3 0 0 0 0 3
1395.0 2 1 0 0 0 3
1400.0 2 1 0 0 0 3
1405.0 2 1 0 0 0 3
1410.0 2 1 0 0 0 3
1415.0 2 0 0 0 0 2
1420.0 1 0 0 0 0 1
1425.0 1 0 0 0 0 1
1430.0 1 0 0 0 0 1
1435.0 1 0 0 0 0 1
