5.0 0 0 0 0 0 0
10.0 0 0 0 0 0 0
15.0 0 0 0 0 0 0
20.0 0 0 0 0 0 0
25.0 0 0 0 0 0 0
30.0 0 0 0 0 0 0
35.0 0 0 0 0 0 0
40.0 0 0 0 0 0 0
45.0 0 0 0 0 0 0
50.0 0 0 0 0 0 0
55.0 0 0 0 0 0 0
60.0 0 0 0 0 0 0
65.0 0 0 0 0 0 0
70.0 0 0 0 0 0 0
75.0 0 0 0 0 0 0
80.0 0 0 0 0 0 0
85.0 0 0 0 0 0 0
90.0 0 0 0 0 0 0
95.0 0 0 0 0 0 0
100.0 0 0 0 0 0 0
105.0 0 0 0 0 0 0
110.0 0 0 0 0 0 0
115.0 0 0 0 0 0 0
120.0 0 0 0 0 0 0
125.0 0 0 0 0 0 0
130.0 0 0 0 0 0 0
135.0 0 0 0 0 0 0
140.0 0 0 0 0 0 0
145.0 0 0 0 0 0 0
150.0 0 0 0 0 0 0
155.0 0 0 0 0 0 0
160.0 0 0 0 0 0 0
165.0 0 0 0 0 0 0
170.0 0 0 0 0 0 0
175.0 0 0 0 0 0 0
180.0 0 0 0 0 0 0
185.0 0 0 0 0 0 0
190.0 0 0 0 0 0 0
195.0 0 0 0 0 0 0
200.0 0 0 0 0 0 0
205.0 0 0 0 0 0 0
210.0 0 0 0 0 0 0
215.0 0 0 0 0 0 0
220.0 0 0 0 0 0 0
225.0 0 0 0 0 0 0
230.0 1 0 0 0 0 1
235.0 1 0 0 0 0 1
240.0 1 0 0 0 0 1
245.0 1 0 0 1 0 2
250.0 1 0 0 1 0 2
255.0 1 1 0 1 0 3
260.0 1 1 0 1 0 3
265.0 1 1 0 1 0 3
270.0 1 1 0 1 0 3
275.0 1 0 0 1 0 2
280.0 1 0 0 1 0 2
285.0 1 1 0 0 0 2
290.0 2 1 0 0 0 3
295.0 1 1 1 0 0 3
300.0 2 1 1 0 0 4
305.0 2 1 2 0 0 5
310.0 2 1 2 0 0 5
315.0 1 1 4 0 0 6
320.0 1 2 4 0 2 9
325.0 1 3 4 0 2 10
330.0 2 3 3 0 2 10
335.0 2 2 5 0 2 11
340.0 2 1 6 0 2 11
345.0 2 1 6 0 3 12
350.0 2 3 6 1 3 15
355.0 2 4 7 1 3 17
360.0 2 3 9 1 3 18
365.0 2 6 8 1 3 20
370.0 4 7 8 0 3 22
375.0 4 11 7 0 3 25
380.0 5 11 8 2 3 29
385.0 5 12 10 2 3 32
390.0 4 15 9 3 4 35
395.0 4 13 10 4 5 36
400.0 7 13 11 4 5 40
405.0 10 15 13 5 5 48
410.0 13 17 14 7 7 58
415.0 16 17 17 8 7 65
420.0 23 18 20 9 7 77
425.0 24 16 25 8 9 82
430.0 22 17 26 11 9 85
435.0 24 20 26 11 10 91
440.0 23 17 29 13 12 94
445.0 29 20 33 13 13 108
450.0 28 23 38 14 14 117
455.0 36 28 39 14 13 130
460.0 39 31 40 16 17 143
465.0 39 38 44 18 18 157
470.0 41 39 47 23 18 168
475.0 40 40 52 27 20 179
480.0 40 46 59 27 22 194
485.0 48 53 57 27 22 207
490.0 48 54 57 26 22 207
495.0 47 55 68 28 26 224
500.0 53 62 75 25 27 242
505.0 53 69 95 29 27 273
510.0 57 78 99 31 24 289
515.0 59 84 99 33 24 299
520.0 72 88 107 35 30 332
525.0 72 86 105 37 30 330
530.0 72 86 108 41 31 338
535.0 74 88 106 44 34 346
540.0 82 90 111 51 37 371
545.0 80 90 114 53 40 377
550.0 83 96 117 56 43 395
555.0 90 102 121 58 46 417
560.0 92 109 130 62 42 435
565.0 101 108 137 65 40 451
570.0 107 122 136 64 38 467
575.0 106 125 135 66 41 473
580.0 113 129 137 69 41 489
585.0 114 129 146 67 44 500
590.0 121 124 144 66 47 502
595.0 121 127 149 69 46 512
600.0 129 128 148 66 48 519
605.0 127 126 154 71 49 527
610.0 129 124 161 78 49 541
615.0 128 126 175 76 49 554
620.0 124 131 166 83 49 553
625.0 125 130 166 79 52 552
630.0 120 133 165 74 52 544
635.0 125 126 160 76 57 544
640.0 128 118 170 81 62 559
645.0 132 117 175 74 67 565
650.0 130 120 168 77 65 560
655.0 129 123 163 75 67 557
660.0 134 125 155 81 70 565
665.0 133 130 154 82 67 566
670.0 128 133 149 77 66 553
675.0 126 135 138 81 63 543
680.0 121 145 136 82 64 548
685.0 124 136 140 85 65 550
690.0 111 127 143 93 61 535
695.0 103 124 144 98 59 528
700.0 98 130 152 92 62 534
705.0 97 122 149 87 60 515
710.0 98 124 142 88 61 513
715.0 99 132 131 84 64 510
720.0 102 119 129 81 60 491
725.0 103 124 124 71 64 486
730.0 96 126 125 73 60 480
735.0 91 124 130 74 56 475
740.0 90 122 129 73 56 470
745.0 88 125 126 66 58 463
750.0 81 122 129 59 55 446
755.0 86 120 120 55 56 437
760.0 92 116 121 55 55 439
765.0 92 115 115 59 53 434
770.0 101 109 119 61 52 442
775.0 103 111 114 56 54 438
780.0 99 101 115 51 50 416
785.0 98 98 122 52 51 421
790.0 96 104 123 49 50 422
795.0 90 104 126 58 49 427
800.0 90 106 127 53 53 429
805.0 88 100 132 61 54 435
810.0 85 99 137 59 43 423
815.0 81 103 135 59 43 421
820.0 81 97 137 52 41 408
825.0 81 99 138 54 41 413
830.0 86 101 131 56 43 417
835.0 91 111 130 51 48 431
840.0 90 110 132 51 46 429
845.0 95 108 127 61 43 434
850.0 91 118 124 65 42 440
855.0 92 124 126 64 43 449
860.0 91 119 131 66 47 454
865.0 93 117 131 66 48 455
870.0 94 125 143 62 45 469
875.0 100 120 150 63 47 480
880.0 105 119 150 61 48 483
885.0 111 126 143 62 48 490
890.0 113 124 149 66 48 500
895.0 112 125 146 70 45 498
900.0 115 125 137 74 47 498
905.0 105 124 135 74 48 486
910.0 109 126 143 76 52 506
915.0 113 132 148 68 54 515
920.0 114 134 148 69 52 517
925.0 114 142 146 65 53 520
930.0 117 140 140 60 49 506
935.0 113 141 148 57 45 504
940.0 115 146 149 55 41 506
945.0 116 147 156 55 39 513
950.0 125 153 152 53 47 530
955.0 121 146 167 54 50 538
960.0 119 156 160 55 48 538
965.0 119 154 160 54 52 539
970.0 119 147 161 59 54 540
975.0 118 147 154 63 52 534
980.0 117 146 153 60 50 526
985.0 112 145 159 65 46 527
990.0 111 144 159 63 50 527
995.0 115 146 166 67 50 544
1000.0 118 146 169 71 47 551
1005.0 117 141 161 78 47 544
1010.0 119 134 156 77 48 534
1015.0 116 129 162 73 49 529
1020.0 109 128 162 74 50 523
1025.0 111 133 159 73 49 525
1030.0 114 138 156 73 53 534
1035.0 121 135 161 76 49 542
1040.0 116 134 169 77 49 545
1045.0 116 142 176 81 51 566
1050.0 120 142 172 78 54 566
1055.0 125 142 171 69 54 561
1060.0 137 138 177 59 52 563
1065.0 131 132 182 60 52 557
1070.0 128 132 175 68 50 553
1075.0 139 135 175 76 55 580
1080.0 151 135 171 75 56 588
1085.0 150 135 177 77 57 596
1090.0 151 135 180 69 60 595
1095.0 148 143 181 70 60 602
1100.0 140 145 184 75 56 600
1105.0 137 149 186 74 61 607
1110.0 137 153 189 77 59 615
1115.0 137 152 178 75 60 602
1120.0 125 154 173 79 57 588
1125.0 134 153 169 78 56 590
1130.0 148 152 186 74 58 618
1135.0 151 159 188 73 59 630
1140.0 151 159 191 68 57 626
1145.0 153 162 177 68 58 618
1150.0 145 158 171 70 58 602
1155.0 147 152 154 68 59 580
1160.0 138 154 157 64 57 570
1165.0 125 141 170 65 57 558
1170.0 118 139 168 64 55 544
1175.0 120 144 167 62 53 546
1180.0 108 151 166 58 56 539
1185.0 103 157 162 55 57 534
1190.0 99 148 145 57 56 505
1195.0 100 138 138 54 58 488
1200.0 83 133 139 53 62 470
1205.0 80 134 130 53 62 459
1210.0 85 114 131 56 66 452
1215.0 80 110 120 60 68 438
1220.0 79 102 120 60 64 425
1225.0 77 99 115 54 59 404
1230.0 81 88 118 46 58 391
1235.0 79 81 114 38 57 369
1240.0 71 76 106 39 59 351
1245.0 69 75 104 44 55 347
1250.0 70 70 96 35 48 319
1255.0 72 66 85 37 46 306
1260.0 69 67 80 35 42 293
1265.0 65 67 72 33 37 274
1270.0 61 72 56 28 33 250
1275.0 61 60 55 26 30 232
1280.0 56 51 52 29 28 216
1285.0 54 48 45 26 24 197
1290.0 47 39 44 24 22 176
1295.0 41 35 43 24 18 161
1300.0 37 32 35 23 18 145
1305.0 36 31 35 20 18 140
1310.0 25 22 31 16 15 109
1315.0 21 21 33 15 12 102
1320.0 20 17 32 13 9 91
1325.0 19 14 28 11 10 82
1330.0 15 13 26 11 9 74
1335.0 13 12 25 8 10 68
1340.0 13 13 19 7 12 64
1345.0 10 10 15 4 7 46
1350.0 6 8 17 4 6 41
1355.0 3 7 12 5 5 32
1360.0 4 4 11 5 5 29
1365.0 2 3 10 4 4 23
1370.0 3 3 10 2 4 22
1375.0 4 3 8 2 3 20
1380.0 4 3 6 2 1 16
1385.0 5 4 4 2 0 15
1390.0 4 3 4 2 0 13
1395.0 4 2 3 0 1 10
1400.0 4 1 1 0 1 7
1405.0 2 0 0 0 1 3
1410.0 2 0 0 0 1 3
1415.0 2 0 1 0 0 3
1420.0 1 1 1 0 0 3
1425.0 1 1 2 0 0 4
1430.0 1 1 3 0 0 5
1435.0 0 1 2 1 0 4
