5.0 0 0 0 0 0 0
10.0 0 0 0 0 0 0
15.0 0 0 0 0 0 0
20.0 0 0 0 0 0 0
25.0 0 0 0 0 0 0
30.0 0 0 0 0 0 0
35.0 0 0 0 0 0 0
40.0 0 0 0 0 0 0
45.0 0 0 0 0 0 0
50.0 0 0 0 0 0 0
55.0 0 0 0 0 0 0
60.0 0 0 0 0 0 0
65.0 0 0 0 0 0 0
70.0 0 0 0 0 0 0
75.0 0 0 0 0 0 0
80.0 0 0 0 0 0 0
85.0 0 0 0 0 0 0
90.0 0 0 0 0 0 0
95.0 0 0 0 0 0 0
100.0 0 0 0 0 0 0
105.0 0 0 0 0 0 0
110.0 0 0 0 0 0 0
115.0 0 0 0 0 0 0
120.0 0 0 0 0 0 0
125.0 0 0 0 0 0 0
130.0 0 0 0 0 0 0
135.0 0 0 0 0 0 0
140.0 0 0 0 0 0 0
145.0 0 0 0 0 0 0
150.0 0 0 0 0 0 0
155.0 0 0 0 0 0 0
160.0 0 0 0 0 0 0
165.0 0 0 0 0 0 0
170.0 0 0 0 0 0 0
175.0 0 0 0 0 0 0
180.0 0 0 0 0 0 0
185.0 0 0 0 0 0 0
190.0 0 0 0 0 0 0
195.0 0 0 0 0 0 0
200.0 0 0 0 0 0 0
205.0 0 0 0 0 0 0
210.0 0 0 0 0 0 0
215.0 0 0 0 0 0 0
220.0 0 0 0 0 0 0
225.0 0 0 0 0 0 0
230.0 0 0 0 0 0 0
235.0 0 0 0 0 0 0
240.0 0 0 0 0 0 0
245.0 0 0 0 0 0 0
250.0 0 0 0 0 0 0
255.0 0 0 0 0 0 0
260.0 0 0 0 0 0 0
265.0 0 0 0 0 0 0
270.0 0 0 0 0 0 0
275.0 0 0 0 0 0 0
280.0 0 0 0 0 0 0
285.0 0 0 0 0 0 0
290.0 0 0 0 0 0 0
295.0 0 0 0 0 0 0
300.0 0 0 0 0 0 0
305.0 0 0 0 0 0 0
310.0 1 0 0 0 0 1
315.0 2 0 1 0 0 3
320.0 1 1 1 0 0 3
325.0 1 1 1 0 0 3
330.0 1 1 1 0 0 3
335.0 1 1 2 0 0 4
340.0 0 1 4 0 0 5
345.0 1 2 5 0 0 8
350.0 2 2 6 0 0 10
355.0 2 3 6 0 0 11
360.0 3 3 6 0 0 12
365.0 3 3 6 0 0 12
370.0 3 1 7 0 0 11
375.0 3 2 6 0 0 11
380.0 3 3 6 0 0 12
385.0 3 2 7 0 0 12
390.0 5 2 8 0 0 15
395.0 6 3 6 0 0 15
400.0 7 3 5 1 0 16
405.0 7 4 4 1 0 16
410.0 8 7 3 3 0 21
415.0 8 7 6 3 1 25
420.0 7 10 5 4 1 27
425.0 5 11 6 5 3 30
430.0 7 10 7 5 4 33
435.0 9 10 12 4 3 38
440.0 9 8 15 6 4 42
445.0 12 8 17 9 4 50
450.0 13 9 19 8 4 53
455.0 13 9 21 12 6 61
460.0 14 10 19 11 7 61
465.0 15 12 20 14 8 69
470.0 16 14 21 16 7 74
475.0 17 16 22 13 8 76
480.0 18 18 23 11 9 79
485.0 20 17 24 12 10 83
490.0 23 18 29 15 12 97
495.0 25 20 32 17 14 108
500.0 26 26 36 18 13 119
505.0 29 31 41 17 14 132
510.0 36 32 45 17 14 144
515.0 36 40 45 18 15 154
520.0 39 41 51 19 14 164
525.0 40 47 41 25 17 170
530.0 41 53 43 24 19 180
535.0 47 49 44 26 24 190
540.0 46 47 43 24 25 185
545.0 47 48 45 27 26 193
550.0 52 48 51 30 25 206
555.0 50 44 51 30 26 201
560.0 54 47 45 31 24 201
565.0 57 48 52 34 28 219
570.0 62 45 50 37 27 221
575.0 65 44 51 39 27 226
580.0 63 46 57 38 26 230
585.0 61 47 60 38 28 234
590.0 58 48 66 41 30 243
595.0 58 50 70 41 32 251
600.0 57 53 67 42 28 247
605.0 59 52 65 41 28 245
610.0 57 49 72 40 31 249
615.0 53 50 75 39 29 246
620.0 55 50 78 36 31 250
625.0 54 54 71 37 31 247
630.0 49 58 72 38 30 247
635.0 46 62 80 38 28 254
640.0 48 59 80 32 26 245
645.0 50 67 81 31 23 252
650.0 51 63 86 25 23 248
655.0 50 63 79 24 25 241
660.0 44 58 78 26 28 234
665.0 40 60 81 26 29 236
670.0 45 66 76 23 27 237
675.0 48 58 72 25 30 233
680.0 51 57 70 24 30 232
685.0 51 55 66 26 31 229
690.0 47 48 66 26 30 217
695.0 50 48 63 28 27 216
700.0 54 52 68 29 23 226
705.0 56 56 59 27 22 220
710.0 49 56 55 27 22 209
715.0 53 52 59 22 24 210
720.0 53 50 52 20 22 197
725.0 49 49 54 21 18 191
730.0 50 53 53 17 19 192
735.0 54 50 47 17 15 183
740.0 53 51 51 19 17 191
745.0 47 44 63 21 18 193
750.0 43 45 64 20 18 190
755.0 43 39 61 21 18 182
760.0 38 42 59 21 18 178
765.0 40 41 54 22 17 174
770.0 39 43 58 21 15 176
775.0 43 45 58 20 15 181
780.0 42 43 55 25 13 178
785.0 42 38 58 26 14 178
790.0 42 41 58 31 12 184
795.0 39 40 52 33 14 178
800.0 43 38 51 33 13 178
805.0 39 44 47 31 12 173
810.0 36 46 46 27 14 169
815.0 35 42 47 24 14 162
820.0 36 47 46 22 15 166
825.0 39 42 45 22 15 163
830.0 37 43 46 26 16 168
835.0 37 45 52 28 15 177
840.0 45 47 57 26 17 192
845.0 49 47 55 20 17 188
850.0 55 48 55 20 16 194
855.0 49 50 54 22 16 191
860.0 48 50 51 25 20 194
865.0 45 47 52 27 20 191
870.0 48 48 48 26 19 189
875.0 45 47 50 29 21 192
880.0 46 53 50 28 21 198
885.0 41 53 55 28 18 195
890.0 43 52 55 23 22 195
895.0 43 55 53 21 22 194
900.0 42 61 54 22 22 201
905.0 43 59 59 23 22 206
910.0 44 58 56 27 23 208
915.0 46 56 51 28 25 206
920.0 50 58 48 23 26 205
925.0 52 53 49 20 27 201
930.0 53 56 47 22 28 206
935.0 49 55 47 26 27 204
940.0 53 60 47 25 26 211
945.0 51 59 48 26 28 212
950.0 53 58 52 27 26 216
955.0 50 58 54 31 29 222
960.0 50 55 58 30 29 222
965.0 50 55 64 29 30 228
970.0 45 56 61 30 30 222
975.0 53 65 60 25 28 231
980.0 54 64 59 29 29 235
985.0 60 64 55 28 33 240
990.0 62 61 61 28 33 245
995.0 60 56 64 27 34 241
1000.0 60 56 64 29 36 245
1005.0 56 47 62 25 40 230
1010.0 49 45 59 29 37 219
1015.0 50 43 60 26 36 215
1020.0 46 51 68 24 32 221
1025.0 50 53 67 23 34 227
1030.0 52 68 58 21 32 231
1035.0 54 71 61 24 34 244
1040.0 53 73 64 28 30 248
1045.0 57 78 66 28 28 257
1050.0 57 73 67 28 29 254
1055.0 59 68 65 28 29 249
1060.0 56 63 69 30 29 247
1065.0 59 63 76 30 30 258
1070.0 55 74 82 28 30 269
1075.0 54 75 84 31 30 274
1080.0 57 76 81 32 32 278
1085.0 67 82 78 31 32 290
1090.0 70 82 83 31 33 299
1095.0 69 83 81 30 36 299
1100.0 62 76 82 30 35 285
1105.0 60 74 83 31 33 281
1110.0 65 71 83 26 31 276
1115.0 63 75 81 31 32 282
1120.0 64 79 83 29 34 289
1125.0 57 64 82 27 32 262
1130.0 67 66 79 24 32 268
1135.0 61 64 84 23 27 259
1140.0 58 67 79 25 25 254
1145.0 55 71 75 25 25 251
1150.0 64 71 73 27 24 259
1155.0 64 78 78 26 22 268
1160.0 64 72 75 27 24 262
1165.0 67 64 71 27 21 250
1170.0 61 63 70 29 20 243
1175.0 60 56 74 27 21 238
1180.0 58 54 77 27 24 240
1185.0 59 54 77 26 22 238
1190.0 53 52 78 29 25 237
1195.0 50 59 67 29 27 232
1200.0 44 55 61 29 27 216
1205.0 45 54 60 25 30 214
1210.0 37 52 56 25 29 199
1215.0 33 51 52 25 29 190
1220.0 31 48 53 24 25 181
1225.0 31 45 49 23 23 171
1230.0 29 42 54 22 18 165
1235.0 26 40 49 20 16 151
1240.0 28 39 46 17 17 147
1245.0 25 37 47 19 16 144
1250.0 20 35 41 20 15 131
1255.0 24 32 38 19 13 126
1260.0 22 26 34 18 11 111
1265.0 21 24 32 18 11 106
1270.0 20 21 28 17 10 96
1275.0 14 24 27 14 8 87
1280.0 20 23 23 11 4 81
1285.0 20 21 23 13 4 81
1290.0 22 18 22 12 5 79
1295.0 18 16 23 10 5 72
1300.0 18 13 25 10 4 70
1305.0 14 14 16 5 4 53
1310.0 13 8 12 3 3 39
1315.0 7 8 9 4 2 30
1320.0 7 8 9 3 2 29
1325.0 5 5 8 2 1 21
1330.0 4 5 7 1 1 18
1335.0 4 5 8 0 1 18
1340.0 4 6 6 0 1 17
1345.0 6 4 5 0 1 16
1350.0 5 3 8 0 1 17
1355.0 6 2 7 1 1 17
1360.0 4 1 6 1 1 13
1365.0 4 1 5 1 1 12
1370.0 3 4 3 1 1 12
1375.0 2 4 3 0 1 10
1380.0 1 4 2 0 1 8
1385.0 2 4 2 0 0 8
1390.0 2 4 2 0 0 8
1395.0 2 2 1 0 0 5
1400.0 1 1 3 0 0 5
1405.0 1 1 2 0 0 4
1410.0 1 1 2 0 0 4
1415.0 1 1 2 0 0 4
1420.0 1 1 2 0 0 4
1425.0 1 1 1 0 0 3
1430.0 1 0 1 0 0 2
1435.0 0 0 1 0 0 1
