5.0 0 0 0 0 0 0
10.0 0 0 0 0 0 0
15.0 0 0 0 0 0 0
20.0 0 0 0 0 0 0
25.0 0 0 0 0 0 0
30.0 0 0 0 0 0 0
35.0 0 0 0 0 0 0
40.0 0 0 0 0 0 0
45.0 0 0 0 0 0 0
50.0 0 0 0 0 0 0
55.0 0 0 0 0 0 0
60.0 0 0 0 0 0 0
65.0 0 0 0 0 0 0
70.0 0 0 0 0 0 0
75.0 0 0 0 0 0 0
80.0 0 0 0 0 0 0
85.0 0 0 0 0 0 0
90.0 0 0 0 0 0 0
95.0 0 0 0 0 0 0
100.0 0 0 0 0 0 0
105.0 0 0 0 0 0 0
110.0 0 0 0 0 0 0
115.0 0 0 0 0 0 0
120.0 0 0 0 0 0 0
125.0 0 0 0 0 0 0
130.0 0 0 0 0 0 0
135.0 0 0 0 0 0 0
140.0 0 0 0 0 0 0
145.0 0 0 0 0 0 0
150.0 0 0 0 0 0 0
155.0 0 0 0 0 0 0
160.0 0 0 0 0 0 0
165.0 0 0 0 0 0 0
170.0 0 0 0 0 0 0
175.0 0 0 0 0 0 0
180.0 0 0 0 0 0 0
185.0 0 0 0 0 0 0
190.0 0 0 0 0 0 0
195.0 0 0 0 0 0 0
200.0 0 0 0 0 0 0
205.0 0 0 0 0 0 0
210.0 0 0 0 0 0 0
215.0 0 0 0 0 0 0
220.0 0 0 0 0 1 1
225.0 0 0 0 0 1 1
230.0 0 0 0 0 1 1
235.0 0 0 0 0 1 1
240.0 0 0 0 0 1 1
245.0 0 0 0 0 1 1
250.0 0 0 0 0 1 1
255.0 0 0 0 0 1 1
260.0 0 0 0 0 1 1
265.0 0 0 0 0 1 1
270.0 0 0 0 0 1 1
275.0 0 0 0 0 1 1
280.0 0 0 0 0 1 1
285.0 0 0 0 0 1 1
290.0 0 0 0 0 1 1
295.0 0 0 0 0 1 1
300.0 0 0 0 0 1 1
305.0 0 0 0 0 1 1
310.0 0 0 0 0 1 1
315.0 0 0 0 0 1 1
320.0 0 0 1 0 1 2
325.0 0 0 1 0 1 2
330.0 0 0 1 0 1 2
335.0 0 0 1 0 1 2
340.0 0 0 2 0 1 3
345.0 0 0 4 0 1 5
350.0 0 0 3 1 1 5
355.0 1 0 3 1 1 6
360.0 1 0 4 1 1 7
365.0 2 0 6 1 2 11
370.0 1 3 5 2 2 13
375.0 1 5 6 3 2 17
380.0 2 6 6 3 2 19
385.0 2 6 7 3 2 20
390.0 2 7 6 3 2 20
395.0 2 7 5 2 2 18
400.0 2 7 8 2 2 21
405.0 3 9 9 4 2 27
410.0 2 9 12 3 2 28
415.0 3 8 12 4 2 29
420.0 5 10 12 4 4 35
425.0 7 10 11 5 4 37
430.0 8 12 16 4 4 44
435.0 10 15 18 4 4 51
440.0 11 14 20 6 4 55
445.0 10 14 21 7 4 56
450.0 10 15 19 6 5 55
455.0 9 15 20 8 4 56
460.0 13 17 23 7 5 65
465.0 15 20 22 7 5 69
470.0 22 17 22 8 6 75
475.0 24 18 23 11 7 83
480.0 26 18 22 14 9 89
485.0 31 17 25 15 8 96
490.0 34 17 29 19 11 110
495.0 37 21 31 18 13 120
500.0 37 21 31 19 16 124
505.0 34 22 34 19 17 126
510.0 34 23 39 18 17 131
515.0 30 28 43 20 17 138
520.0 34 31 33 19 19 136
525.0 39 31 33 19 16 138
530.0 42 37 32 18 17 146
535.0 44 38 36 21 16 155
540.0 40 48 37 24 15 164
545.0 41 44 41 31 16 173
550.0 37 47 48 32 17 181
555.0 40 54 49 30 18 191
560.0 42 53 56 31 20 202
565.0 47 54 55 33 22 211
570.0 46 54 58 32 24 214
575.0 45 56 58 34 21 214
580.0 45 56 59 34 22 216
585.0 48 56 64 36 19 223
590.0 49 59 66 38 19 231
595.0 49 59 63 40 19 230
600.0 49 64 60 46 20 239
605.0 46 70 65 50 22 253
610.0 46 69 66 51 21 253
615.0 49 73 80 48 21 271
620.0 50 75 77 46 19 267
625.0 54 74 74 43 19 264
630.0 55 74 73 42 20 264
635.0 53 77 73 35 22 260
640.0 56 77 78 35 23 269
645.0 61 78 75 36 25 275
650.0 56 79 72 30 28 265
655.0 56 75 72 30 32 265
660.0 55 71 75 31 33 265
665.0 56 79 70 31 35 271
670.0 51 77 82 29 35 274
675.0 55 73 82 32 36 278
680.0 55 74 84 34 35 282
685.0 52 64 83 33 29 261
690.0 51 60 80 35 27 253
695.0 51 61 73 33 26 244
700.0 44 57 63 32 26 222
705.0 42 56 66 29 28 221
710.0 42 59 63 31 29 224
715.0 48 64 62 28 28 230
720.0 45 53 65 29 30 222
725.0 49 51 62 28 32 222
730.0 46 44 64 24 34 212
735.0 45 43 62 23 35 208
740.0 42 46 62 23 36 209
745.0 40 46 65 23 37 211
750.0 42 44 61 21 40 208
755.0 43 42 60 17 35 197
760.0 41 44 58 16 34 193
765.0 40 41 65 15 36 197
770.0 42 46 57 13 32 190
775.0 41 45 59 17 31 193
780.0 41 42 61 20 30 194
785.0 38 43 61 23 27 192
790.0 38 46 61 22 29 196
795.0 41 42 58 22 31 194
800.0 39 40 55 25 30 189
805.0 40 35 61 21 30 187
810.0 45 40 54 20 29 188
815.0 46 41 52 22 26 187
820.0 47 48 49 24 28 196
825.0 45 58 54 28 25 210
830.0 45 58 56 30 24 213
835.0 41 55 53 30 27 206
840.0 41 51 52 33 28 205
845.0 38 55 51 32 30 206
850.0 39 60 50 28 31 208
855.0 41 61 49 28 32 211
860.0 46 61 55 28 33 223
865.0 49 65 53 26 35 228
870.0 51 71 51 25 34 232
875.0 52 75 53 27 34 241
880.0 44 65 68 28 35 240
885.0 41 64 72 30 35 242
890.0 49 66 79 31 36 261
895.0 55 61 72 31 35 254
900.0 57 56 69 28 35 245
905.0 52 56 75 28 34 245
910.0 50 54 72 30 34 240
915.0 44 56 69 30 33 232
920.0 38 53 67 33 33 224
925.0 39 51 73 31 37 231
930.0 40 51 78 37 36 242
935.0 42 59 72 34 35 242
940.0 41 59 67 35 31 233
945.0 40 61 68 33 31 233
950.0 40 66 74 39 31 250
955.0 47 69 73 40 31 260
960.0 49 71 72 39 31 262
965.0 58 73 70 33 31 265
970.0 61 65 76 33 32 267
975.0 60 63 80 31 30 264
980.0 61 61 84 28 30 264
985.0 57 65 80 30 28 260
990.0 51 65 82 34 27 259
995.0 46 67 77 34 26 250
1000.0 49 67 77 32 25 250
1005.0 52 65 80 30 27 254
1010.0 51 66 81 25 26 249
1015.0 52 68 78 22 25 245
1020.0 51 73 78 24 27 253
1025.0 52 75 78 28 26 259
1030.0 52 78 80 31 31 272
1035.0 54 73 74 36 33 270
1040.0 51 72 74 37 31 265
1045.0 55 66 72 41 34 268
1050.0 58 72 79 36 37 282
1055.0 61 64 88 34 35 282
1060.0 69 68 86 30 34 287
1065.0 66 59 89 36 32 282
1070.0 54 59 81 40 31 265
1075.0 50 61 85 44 32 272
1080.0 47 58 86 43 29 263
1085.0 47 58 81 40 25 251
1090.0 46 66 80 41 23 256
1095.0 50 68 75 37 25 255
1100.0 52 67 75 32 32 258
1105.0 49 66 83 35 33 266
1110.0 55 71 82 34 34 276
1115.0 62 72 78 34 34 280
1120.0 61 78 76 33 32 280
1125.0 61 80 72 31 30 274
1130.0 62 70 72 32 30 266
1135.0 68 68 73 33 29 271
1140.0 67 61 77 34 27 266
1145.0 64 60 70 35 29 258
1150.0 62 65 72 35 26 260
1155.0 63 67 70 38 26 264
1160.0 60 72 76 39 28 275
1165.0 58 69 72 43 30 272
1170.0 50 69 71 41 30 261
1175.0 46 69 64 39 31 249
1180.0 43 63 60 38 29 233
1185.0 46 61 56 36 30 229
1190.0 46 62 53 34 30 225
1195.0 45 56 49 33 31 214
1200.0 45 55 48 25 23 196
1205.0 45 57 49 26 22 199
1210.0 43 54 48 27 25 197
1215.0 37 51 51 27 21 187
1220.0 40 45 45 28 23 181
1225.0 43 39 35 27 21 165
1230.0 45 41 37 22 18 163
1235.0 45 44 37 21 15 162
1240.0 42 44 39 22 13 160
1245.0 34 39 39 24 15 151
1250.0 30 40 35 23 15 143
1255.0 26 37 32 24 15 134
1260.0 22 37 29 24 13 125
1265.0 23 38 31 21 13 126
1270.0 18 30 29 17 12 106
1275.0 22 25 24 15 10 96
1280.0 22 20 23 13 8 86
1285.0 23 21 19 12 7 82
1290.0 24 22 18 10 8 82
1295.0 25 21 12 10 8 76
1300.0 22 19 12 10 6 69
1305.0 17 16 9 10 6 58
1310.0 18 13 8 12 7 58
1315.0 17 14 7 10 7 55
1320.0 9 11 9 8 7 44
1325.0 10 10 6 7 8 41
1330.0 9 9 8 5 6 37
1335.0 8 8 5 5 5 31
1340.0 7 6 5 5 5 28
1345.0 7 6 5 4 4 26
1350.0 7 4 6 4 4 25
1355.0 7 1 5 2 3 18
1360.0 5 2 5 2 3 17
1365.0 4 2 3 2 3 14
1370.0 1 2 5 2 1 11
1375.0 1 2 3 2 1 9
1380.0 0 1 5 2 1 9
1385.0 0 0 5 0 0 5
1390.0 0 0 4 0 0 4
1395.0 0 1 2 0 0 3
1400.0 0 1 1 0 0 2
1405.0 0 1 1 0 0 2
1410.0 0 1 1 0 0 2
1415.0 0 0 1 0 0 1
1420.0 0 0 1 0 0 1
1425.0 0 0 1 0 1 2
1430.0 0 0 2 0 1 3
1435.0 0 0 2 0 1 3
