5.0 0 0 0 0 0 0
10.0 0 0 0 0 0 0
15.0 0 0 0 0 0 0
20.0 0 0 0 0 0 0
25.0 0 0 0 0 0 0
30.0 0 0 0 0 0 0
35.0 0 0 0 0 0 0
40.0 0 0 0 0 0 0
45.0 0 0 0 0 0 0
50.0 0 0 0 0 0 0
55.0 0 0 0 0 0 0
60.0 0 0 0 0 0 0
65.0 0 0 0 0 0 0
70.0 0 0 0 0 0 0
75.0 0 0 0 0 0 0
80.0 0 0 0 0 0 0
85.0 0 0 0 0 0 0
90.0 0 0 0 0 0 0
95.0 0 0 0 0 0 0
100.0 0 0 0 0 0 0
105.0 0 0 0 0 0 0
110.0 0 0 0 0 0 0
115.0 0 0 0 0 0 0
120.0 0 0 0 0 0 0
125.0 0 0 0 0 0 0
130.0 0 0 0 0 0 0
135.0 0 0 0 0 0 0
140.0 0 0 0 0 0 0
145.0 0 0 0 0 0 0
150.0 0 0 0 0 0 0
155.0 0 0 0 0 0 0
160.0 0 0 0 0 0 0
165.0 0 0 0 0 0 0
170.0 0 0 0 0 0 0
175.0 0 0 0 0 0 0
180.0 0 0 0 0 0 0
185.0 0 0 0 0 0 0
190.0 0 0 0 0 0 0
195.0 0 0 0 0 0 0
200.0 0 0 0 0 0 0
205.0 0 0 0 0 0 0
210.0 0 0 0 0 0 0
215.0 0 0 0 0 0 0
220.0 0 0 0 0 0 0
225.0 0 0 0 0 0 0
230.0 0 0 0 0 0 0
235.0 0 0 0 0 0 0
240.0 0 0 0 0 0 0
245.0 0 0 0 0 0 0
250.0 0 0 0 0 0 0
255.0 0 0 0 0 0 0
260.0 0 0 0 0 0 0
265.0 0 0 0 0 0 0
270.0 0 0 0 0 0 0
275.0 0 0 0 0 0 0
280.0 0 0 0 0 0 0
285.0 0 0 0 0 0 0
290.0 0 0 0 0 0 0
295.0 0 0 0 0 0 0
300.0 0 0 0 0 0 0
305.0 0 0 0 0 0 0
310.0 0 0 0 0 0 0
315.0 0 0 0 0 0 0
320.0 0 0 0 0 0 0
325.0 0 0 0 0 0 0
330.0 0 0 0 0 0 0
335.0 0 0 0 0 0 0
340.0 0 0 0 0 0 0
345.0 0 0 0 0 0 0
350.0 0 0 0 0 0 0
355.0 0 0 0 0 0 0
360.0 0 0 0 0 0 0
365.0 0 0 0 0 0 0
370.0 0 0 0 0 0 0
375.0 0 0 0 0 0 0
380.0 0 0 0 0 0 0
385.0 0 0 0 0 0 0
390.0 0 0 0 0 0 0
395.0 0 0 0 0 0 0
400.0 0 0 0 0 0 0
405.0 0 0 0 0 0 0
410.0 0 0 0 0 0 0
415.0 0 0 0 0 0 0
420.0 0 0 0 0 0 0
425.0 0 0 0 0 0 0
430.0 0 0 0 0 0 0
435.0 0 0 0 0 0 0
440.0 0 1 0 0 0 1
445.0 0 1 0 0 0 1
450.0 0 1 0 0 0 1
455.0 0 1 0 0 0 1
460.0 0 1 0 0 0 1
465.0 1 0 0 1 0 2
470.0 2 0 0 1 0 3
475.0 2 0 0 1 0 3
480.0 1 0 0 1 0 2
485.0 1 0 1 1 0 3
490.0 1 0 1 1 0 3
495.0 1 0 2 0 0 3
500.0 1 0 2 0 0 3
505.0 1 0 1 0 0 2
510.0 1 0 0 0 0 1
515.0 1 1 0 0 0 2
520.0 1 1 1 1 0 4
525.0 2 1 2 1 0 6
530.0 2 1 2 1 0 6
535.0 3 1 2 1 0 7
540.0 2 1 4 1 0 8
545.0 2 1 4 1 0 8
550.0 2 2 3 1 0 8
555.0 3 2 3 1 0 9
560.0 3 2 1 2 0 8
565.0 4 2 1 2 0 9
570.0 4 3 1 2 0 10
575.0 4 3 2 2 0 11
580.0 4 3 2 2 0 11
585.0 3 3 2 2 0 10
590.0 3 3 2 2 0 10
595.0 3 1 4 1 0 9
600.0 2 1 4 1 0 8
605.0 3 1 5 1 0 10
610.0 3 1 4 1 0 9
615.0 4 1 3 1 0 9
620.0 3 1 2 2 0 8
625.0 2 2 2 3 0 9
630.0 2 1 2 3 0 8
635.0 2 1 2 2 0 7
640.0 2 1 2 2 0 7
645.0 1 1 3 2 0 7
650.0 1 2 2 2 0 7
655.0 1 1 2 2 0 6
660.0 1 2 2 2 0 7
665.0 2 2 1 1 0 6
670.0 1 1 2 1 0 5
675.0 2 0 2 1 0 5
680.0 2 1 2 1 0 6
685.0 2 1 2 1 0 6
690.0 3 2 2 2 0 9
695.0 3 2 2 2 0 9
700.0 2 1 4 2 0 9
705.0 2 1 4 2 0 9
710.0 3 1 3 1 0 8
715.0 3 1 3 1 0 8
720.0 3 1 2 1 0 7
725.0 3 1 2 0 0 6
730.0 3 0 2 0 1 6
735.0 3 0 2 0 1 6
740.0 3 1 1 0 1 6
745.0 3 1 1 0 1 6
750.0 3 1 1 0 1 6
755.0 3 1 1 0 1 6
760.0 3 1 1 0 1 6
765.0 2 1 1 0 0 4
770.0 3 1 2 0 0 6
775.0 3 2 2 0 0 7
780.0 3 2 2 0 0 7
785.0 3 2 2 0 0 7
790.0 2 2 2 0 0 6
795.0 2 2 2 1 0 7
800.0 1 2 2 1 0 6
805.0 1 2 3 1 0 7
810.0 1 1 5 1 0 8
815.0 1 1 5 1 0 8
820.0 1 1 5 2 0 9
825.0 1 1 5 1 0 8
830.0 1 0 5 1 0 7
835.0 1 0 4 1 0 6
840.0 0 0 5 1 0 6
845.0 0 0 6 0 0 6
850.0 0 1 7 0 0 8
855.0 0 2 7 0 0 9
860.0 0 1 7 0 0 8
865.0 1 1 5 0 0 7
870.0 1 2 4 0 0 7
875.0 2 2 4 0 0 8
880.0 2 5 1 0 0 8
885.0 2 5 1 0 0 8
890.0 1 5 1 0 0 7
895.0 1 5 1 0 0 7
900.0 1 4 1 0 1 7
905.0 1 3 2 0 2 8
910.0 1 3 2 0 2 8
915.0 1 4 2 1 2 10
920.0 1 5 2 1 1 10
925.0 2 5 2 0 1 10
930.0 3 4 4 1 1 13
935.0 3 4 4 1 1 13
940.0 2 2 4 2 2 12
945.0 2 2 5 2 2 13
950.0 2 2 6 2 2 14
955.0 3 3 5 1 2 14
960.0 4 3 2 1 2 12
965.0 4 3 1 2 2 12
970.0 3 3 1 1 2 10
975.0 3 2 1 1 2 9
980.0 3 2 1 1 2 9
985.0 2 1 0 1 2 6
990.0 2 1 0 0 2 5
995.0 1 1 0 0 2 4
1000.0 1 0 0 0 2 3
1005.0 1 0 1 0 2 4
1010.0 1 0 1 0 2 4
1015.0 3 0 1 0 2 6
1020.0 3 0 1 1 2 7
1025.0 3 0 1 1 2 7
1030.0 3 0 1 1 1 6
1035.0 3 0 1 1 1 6
1040.0 2 0 2 1 1 6
1045.0 2 0 2 1 1 6
1050.0 2 1 2 1 1 7
1055.0 2 1 2 1 1 7
1060.0 2 2 1 1 1 7
1065.0 2 2 1 1 0 6
1070.0 1 2 1 1 0 5
1075.0 1 2 1 0 0 4
1080.0 1 4 1 0 0 6
1085.0 1 4 1 0 0 6
1090.0 1 4 2 0 0 7
1095.0 2 4 1 0 0 7
1100.0 2 5 1 0 0 8
1105.0 0 5 3 0 0 8
1110.0 1 5 3 0 0 9
1115.0 1 5 3 0 0 9
1120.0 1 4 3 0 1 9
1125.0 1 4 4 0 1 10
1130.0 1 4 4 0 1 10
1135.0 1 3 4 0 1 9
1140.0 0 3 2 1 1 7
1145.0 1 3 2 1 1 8
1150.0 2 3 2 2 0 9
1155.0 2 3 2 1 0 8
1160.0 2 3 2 1 0 8
1165.0 2 3 2 1 0 8
1170.0 2 3 2 1 0 8
1175.0 1 4 2 1 0 8
1180.0 1 5 2 1 0 9
1185.0 1 5 2 1 0 9
1190.0 0 5 2 1 0 8
1195.0 1 6 1 1 0 9
1200.0 1 6 1 1 0 9
1205.0 1 6 1 1 0 9
1210.0 2 5 0 1 0 8
1215.0 2 4 0 1 0 7
1220.0 1 4 1 1 0 7
1225.0 1 5 1 0 0 7
1230.0 1 4 1 0 0 6
1235.0 0 4 2 0 0 6
1240.0 0 3 2 1 0 6
1245.0 0 3 1 1 0 5
1250.0 0 3 1 1 0 5
1255.0 1 3 0 0 0 4
1260.0 1 3 0 0 0 4
1265.0 1 3 0 0 0 4
1270.0 1 3 0 0 0 4
1275.0 0 2 0 0 0 2
1280.0 0 1 0 0 0 1
1285.0 0 2 0 0 0 2
1290.0 0 2 0 0 0 2
1295.0 0 2 0 0 0 2
1300.0 1 2 0 0 0 3
1305.0 1 2 0 0 0 3
1310.0 1 1 0 0 0 2
1315.0 1 1 0 0 0 2
1320.0 0 1 0 1 0 2
1325.0 0 0 0 0 0 0
1330.0 0 0 0 0 0 0
1335.0 0 0 0 0 0 0
1340.0 0 0 0 0 0 0
1345.0 0 0 0 0 0 0
1350.0 0 0 0 0 0 0
1355.0 0 0 0 0 0 0
1360.0 0 0 0 0 0 0
1365.0 0 0 0 0 0 0
1370.0 0 0 0 0 0 0
1375.0 0 0 0 0 0 0
1380.0 0 0 0 0 0 0
1385.0 0 0 0 0 0 0
1390.0 0 0 0 0 0 0
1395.0 0 0 0 0 0 0
1400.0 0 0 0 0 0 0
1405.0 0 0 0 0 0 0
1410.0 0 0 0 0 0 0
1415.0 0 0 0 0 0 0
1420.0 0 0 0 0 0 0
1425.0 0 0 0 0 0 0
1430.0 0 0 0 0 0 0
1435.0 0 0 0 0 0 0
