5.0 0 0 0 0 0 0
10.0 0 0 0 0 0 0
15.0 0 0 0 0 0 0
20.0 0 0 0 0 0 0
25.0 0 0 0 0 0 0
30.0 0 0 0 0 0 0
35.0 0 0 0 0 0 0
40.0 0 0 0 0 0 0
45.0 0 0 0 0 0 0
50.0 0 0 0 0 0 0
55.0 0 0 0 0 0 0
60.0 0 0 0 0 0 0
65.0 0 0 0 0 0 0
70.0 0 0 0 0 0 0
75.0 0 0 0 0 0 0
80.0 0 0 0 0 0 0
85.0 0 0 0 0 0 0
90.0 0 0 0 0 0 0
95.0 0 0 0 0 0 0
100.0 0 0 0 0 0 0
105.0 0 0 0 0 0 0
110.0 0 0 0 0 0 0
115.0 0 0 0 0 0 0
120.0 0 0 0 0 0 0
125.0 0 0 0 0 0 0
130.0 0 0 0 0 0 0
135.0 0 0 0 0 0 0
140.0 0 0 0 0 0 0
145.0 0 0 0 0 0 0
150.0 0 0 0 0 0 0
155.0 0 0 0 0 0 0
160.0 0 0 0 0 0 0
165.0 0 0 0 0 0 0
170.0 0 0 0 0 0 0
175.0 0 0 0 0 0 0
180.0 0 0 0 0 0 0
185.0 0 0 0 0 0 0
190.0 0 0 0 0 0 0
195.0 0 0 0 0 0 0
200.0 0 0 0 0 0 0
205.0 0 0 0 0 0 0
210.0 0 0 0 0 0 0
215.0 0 0 0 0 0 0
220.0 0 0 0 0 0 0
225.0 0 0 0 0 0 0
230.0 0 0 0 0 0 0
235.0 0 0 0 0 0 0
240.0 0 0 0 0 0 0
245.0 0 0 0 0 0 0
250.0 0 0 0 0 0 0
255.0 0 0 0 0 0 0
260.0 0 0 0 0 0 0
265.0 2 0 0 0 0 2
270.0 2 0 0 0 0 2
275.0 2 0 1 0 0 3
280.0 2 0 1 0 0 3
285.0 2 0 1 1 0 4
290.0 2 0 1 1 0 4
295.0 2 1 1 1 0 5
300.0 2 3 2 1 0 8
305.0 1 5 1 1 0 8
310.0 1 5 1 1 0 8
315.0 1 5 1 1 0 8
320.0 2 4 2 1 0 9
325.0 4 2 3 2 0 11
330.0 4 2 3 2 0 11
335.0 3 3 3 2 0 11
340.0 4 4 3 2 0 13
345.0 3 5 4 2 0 14
350.0 5 5 4 4 0 18
355.0 4 5 5 6 0 20
360.0 3 5 7 6 0 21
365.0 4 6 9 7 0 26
370.0 7 7 11 4 0 29
375.0 7 8 13 6 1 35
380.0 7 9 13 6 2 37
385.0 5 11 11 8 2 37
390.0 6 11 13 13 3 46
395.0 7 15 12 14 3 51
400.0 10 14 14 15 3 56
405.0 14 15 18 15 6 68
410.0 16 16 22 13 7 74
415.0 19 16 25 17 8 85
420.0 20 15 21 15 9 80
425.0 23 14 21 13 10 81
430.0 24 23 21 12 10 90
435.0 24 22 25 14 11 96
440.0 28 27 25 14 13 107
445.0 26 32 32 16 14 120
450.0 30 33 33 16 15 127
455.0 47 36 35 13 14 145
460.0 47 40 36 15 14 152
465.0 61 45 43 13 14 176
470.0 58 51 48 10 15 182
475.0 56 55 51 12 18 192
480.0 50 66 58 16 18 208
485.0 45 69 64 22 21 221
490.0 43 66 64 29 22 224
495.0 45 61 75 31 22 234
500.0 49 64 78 30 22 243
505.0 51 67 79 34 21 252
510.0 53 69 86 35 23 266
515.0 62 66 94 34 25 281
520.0 64 71 99 32 29 295
525.0 66 84 98 38 30 316
530.0 73 89 96 35 31 324
535.0 76 90 108 34 31 339
540.0 74 91 116 40 33 354
545.0 82 104 122 42 34 384
550.0 88 103 126 47 30 394
555.0 101 112 124 47 32 416
560.0 104 118 128 48 34 432
565.0 106 125 125 44 36 436
570.0 114 129 132 45 37 457
575.0 114 133 136 50 38 471
580.0 109 136 136 54 37 472
585.0 105 131 141 54 42 473
590.0 115 137 148 52 40 492
595.0 114 136 163 55 41 509
600.0 122 140 164 56 44 526
605.0 131 145 161 51 42 530
610.0 136 147 160 61 43 547
615.0 131 150 159 65 44 549
620.0 119 149 160 72 44 544
625.0 122 152 171 79 50 574
630.0 132 146 164 76 53 571
635.0 127 146 166 81 59 579
640.0 125 148 168 79 60 580
645.0 119 148 179 80 62 588
650.0 124 147 176 82 58 587
655.0 125 136 184 83 57 585
660.0 115 126 190 91 52 574
665.0 117 120 179 89 53 558
670.0 118 123 173 92 52 558
675.0 122 122 172 89 51 556
680.0 129 121 169 84 48 551
685.0 128 119 169 79 47 542
690.0 134 117 166 75 45 537
695.0 132 119 156 78 43 528
700.0 119 116 154 81 41 511
705.0 108 118 138 78 38 480
710.0 109 122 123 80 39 473
715.0 109 117 129 81 42 478
720.0 118 116 130 75 43 482
725.0 115 120 141 66 45 487
730.0 105 114 143 67 45 474
735.0 103 108 135 68 43 457
740.0 106 100 134 68 40 448
745.0 107 89 138 69 39 442
750.0 106 84 137 68 32 427
755.0 101 91 129 71 32 424
760.0 106 96 110 70 35 417
765.0 105 95 103 64 36 403
770.0 111 86 102 62 37 398
775.0 106 87 100 60 41 394
780.0 110 94 100 65 36 405
785.0 106 84 105 63 37 395
790.0 91 85 107 67 30 380
795.0 81 91 109 66 31 378
800.0 78 93 114 69 33 387
805.0 76 96 110 68 34 384
810.0 71 96 106 71 36 380
815.0 78 96 115 64 35 388
820.0 83 104 118 64 37 406
825.0 84 111 125 66 41 427
830.0 98 110 123 55 42 428
835.0 93 109 126 54 43 425
840.0 106 95 135 54 38 428
845.0 110 103 143 53 37 446
850.0 109 101 137 56 37 440
855.0 103 106 140 59 37 445
860.0 102 112 148 58 42 462
865.0 108 113 151 60 44 476
870.0 98 114 149 68 42 471
875.0 99 113 151 68 42 473
880.0 102 113 159 69 41 484
885.0 110 104 156 68 44 482
890.0 105 114 153 66 39 477
895.0 112 113 152 65 37 479
900.0 116 113 148 60 38 475
905.0 117 116 153 59 40 485
910.0 113 112 149 70 42 486
915.0 115 113 145 79 45 497
920.0 114 112 145 77 43 491
925.0 111 117 140 82 46 496
930.0 113 112 149 84 49 507
935.0 111 109 147 94 50 511
940.0 118 108 149 92 49 516
945.0 121 106 142 90 51 510
950.0 114 111 129 90 48 492
955.0 116 111 138 86 49 500
960.0 111 107 137 83 48 486
965.0 112 103 151 77 48 491
970.0 114 97 153 79 50 493
975.0 111 116 159 77 47 510
980.0 107 121 175 77 45 525
985.0 111 121 169 76 42 519
990.0 112 131 172 78 42 535
995.0 113 131 172 78 42 536
1000.0 112 126 176 83 40 537
1005.0 110 126 166 77 38 517
1010.0 122 131 163 76 38 530
1015.0 126 131 151 79 37 524
1020.0 135 130 150 72 43 530
1025.0 137 133 147 72 42 531
1030.0 127 131 153 81 47 539
1035.0 117 127 153 76 43 516
1040.0 110 125 160 80 45 520
1045.0 103 128 167 75 47 520
1050.0 104 131 168 71 50 524
1055.0 103 141 163 66 47 520
1060.0 107 149 170 63 45 534
1065.0 110 156 169 67 53 555
1070.0 114 156 164 66 59 559
1075.0 117 151 161 78 59 566
1080.0 125 151 154 82 53 565
1085.0 128 157 148 82 56 571
1090.0 134 150 154 79 51 568
1095.0 142 146 162 82 53 585
1100.0 141 148 175 85 54 603
1105.0 142 152 170 84 52 600
1110.0 141 146 179 80 54 600
1115.0 144 149 178 68 54 593
1120.0 141 154 182 74 54 605
1125.0 136 156 178 71 51 592
1130.0 146 155 176 69 54 600
1135.0 152 151 181 64 60 608
1140.0 150 149 178 67 62 606
1145.0 148 151 172 79 63 613
1150.0 150 143 172 81 64 610
1155.0 146 154 165 84 61 610
1160.0 141 152 168 82 60 603
1165.0 139 141 176 81 64 601
1170.0 127 141 161 82 61 572
1175.0 137 142 162 72 59 572
1180.0 130 140 157 72 56 555
1185.0 124 132 152 77 57 542
1190.0 115 127 158 71 57 528
1195.0 107 120 147 69 54 497
1200.0 102 121 143 67 50 483
1205.0 109 111 140 66 46 472
1210.0 101 104 142 63 42 452
1215.0 99 90 137 62 40 428
1220.0 92 82 125 61 37 397
1225.0 80 74 124 59 39 376
1230.0 80 68 123 56 38 365
1235.0 64 68 110 57 34 333
1240.0 68 68 99 53 38 326
1245.0 66 62 95 51 38 312
1250.0 64 62 93 47 32 298
1255.0 60 65 88 43 29 285
1260.0 55 61 83 40 30 269
1265.0 53 58 76 39 29 255
1270.0 54 52 70 41 28 245
1275.0 50 48 69 36 28 231
1280.0 45 46 67 32 25 215
1285.0 36 43 63 31 23 196
1290.0 38 48 59 23 25 193
1295.0 34 43 49 16 23 165
1300.0 32 38 44 18 23 155
1305.0 25 34 44 15 20 138
1310.0 23 32 40 12 19 126
1315.0 23 26 31 9 18 107
1320.0 19 24 29 7 13 92
1325.0 17 22 25 8 13 85
1330.0 17 23 22 9 13 84
1335.0 9 18 17 17 11 72
1340.0 9 16 18 14 7 64
1345.0 8 12 12 15 7 54
1350.0 10 9 10 11 5 45
1355.0 10 7 8 8 4 37
1360.0 8 8 6 6 3 31
1365.0 7 8 6 4 2 27
1370.0 5 7 6 2 2 22
1375.0 5 6 5 2 0 18
1380.0 4 3 5 3 0 15
1385.0 4 4 5 2 0 15
1390.0 4 4 6 2 0 16
1395.0 3 3 4 1 0 11
1400.0 1 2 3 1 0 7
1405.0 0 2 4 1 0 7
1410.0 2 1 2 0 0 5
1415.0 1 1 1 1 0 4
1420.0 0 1 0 1 0 2
1425.0 0 1 0 1 1 3
1430.0 0 1 0 1 1 3
1435.0 0 1 0 1 1 3
