5.0 0 0 0 0 0 0
10.0 0 0 0 0 0 0
15.0 0 0 0 0 0 0
20.0 0 0 0 0 0 0
25.0 0 0 0 0 0 0
30.0 0 0 0 0 0 0
35.0 0 0 0 0 0 0
40.0 0 0 0 0 0 0
45.0 0 0 0 0 0 0
50.0 0 0 0 0 0 0
55.0 0 0 0 0 0 0
60.0 0 0 0 0 0 0
65.0 0 0 0 0 0 0
70.0 0 0 0 0 0 0
75.0 0 0 0 0 0 0
80.0 0 0 0 0 0 0
85.0 0 0 0 0 0 0
90.0 0 0 0 0 0 0
95.0 0 0 0 0 0 0
100.0 0 0 0 0 0 0
105.0 0 0 0 0 0 0
110.0 0 0 0 0 0 0
115.0 0 0 0 0 0 0
120.0 0 0 0 0 0 0
125.0 0 0 0 0 0 0
130.0 0 0 0 0 0 0
135.0 0 0 0 0 0 0
140.0 0 0 0 0 0 0
145.0 0 0 0 0 0 0
150.0 0 0 0 0 0 0
155.0 0 0 0 0 0 0
160.0 0 0 0 0 0 0
165.0 0 0 0 0 0 0
170.0 0 0 0 0 0 0
175.0 0 0 0 0 0 0
180.0 0 0 0 0 0 0
185.0 0 0 0 0 0 0
190.0 0 0 0 0 0 0
195.0 0 0 0 0 0 0
200.0 0 0 0 0 0 0
205.0 0 0 0 0 0 0
210.0 0 0 0 0 0 0
215.0 0 0 0 0 0 0
220.0 0 0 0 0 0 0
225.0 0 0 0 0 0 0
230.0 0 0 0 0 0 0
235.0 0 0 0 0 0 0
240.0 0 0 0 0 0 0
245.0 0 0 0 0 0 0
250.0 0 1 0 0 0 1
255.0 0 1 0 0 0 1
260.0 0 1 0 0 0 1
265.0 0 1 0 0 0 1
270.0 0 2 0 0 0 2
275.0 0 1 0 0 0 1
280.0 0 1 0 0 0 1
285.0 0 1 0 0 1 2
290.0 0 1 0 0 1 2
295.0 0 1 0 0 1 2
300.0 0 2 0 0 1 3
305.0 1 2 0 0 1 4
310.0 1 3 0 1 1 6
315.0 1 3 0 1 1 6
320.0 1 2 0 1 1 5
325.0 1 1 0 1 1 4
330.0 1 2 0 2 1 6
335.0 1 2 0 2 1 6
340.0 1 2 0 2 1 6
345.0 2 2 2 1 1 8
350.0 2 2 2 2 0 8
355.0 2 2 3 1 0 8
360.0 2 2 4 1 1 10
365.0 2 2 6 1 1 12
370.0 2 2 6 1 1 12
375.0 1 4 6 0 1 12
380.0 3 4 6 0 1 14
385.0 3 5 6 0 1 15
390.0 3 5 7 1 2 18
395.0 2 5 8 1 2 18
400.0 3 5 8 1 2 19
405.0 3 6 7 2 4 22
410.0 5 8 8 3 4 28
415.0 7 10 7 4 4 32
420.0 11 12 7 4 5 39
425.0 13 12 10 6 5 46
430.0 15 15 10 6 4 50
435.0 15 16 12 5 4 52
440.0 17 14 13 7 5 56
445.0 16 16 16 7 7 62
450.0 15 18 16 10 7 66
455.0 18 19 19 12 7 75
460.0 18 20 20 11 7 76
465.0 19 22 20 11 9 81
470.0 16 25 25 14 11 91
475.0 20 26 25 15 8 94
480.0 18 25 22 16 9 90
485.0 20 24 21 16 9 90
490.0 20 25 27 17 10 99
495.0 23 29 29 18 9 108
500.0 31 29 28 22 6 116
505.0 34 30 31 19 7 121
510.0 35 31 32 22 8 128
515.0 37 33 37 22 8 137
520.0 36 41 42 19 9 147
525.0 40 43 45 18 10 156
530.0 39 44 47 23 14 167
535.0 38 44 52 28 15 177
540.0 42 43 52 27 18 182
545.0 45 46 54 25 20 190
550.0 37 48 55 25 19 184
555.0 37 46 59 28 19 189
560.0 39 49 63 28 20 199
565.0 46 53 60 29 22 210
570.0 44 61 65 27 23 220
575.0 53 60 64 28 23 228
580.0 55 63 67 28 22 235
585.0 53 60 68 28 23 232
590.0 56 57 73 29 21 236
595.0 55 64 80 31 22 252
600.0 52 72 71 39 21 255
605.0 52 72 66 40 21 251
610.0 52 70 69 43 20 254
615.0 54 66 72 43 24 259
620.0 57 66 70 43 24 260
625.0 68 72 68 35 26 269
630.0 71 74 75 33 26 279
635.0 71 78 69 34 27 279
640.0 71 80 66 31 28 276
645.0 66 80 70 32 30 278
650.0 62 80 67 30 26 265
655.0 60 85 72 29 22 268
660.0 54 80 74 34 22 264
665.0 52 75 71 33 23 254
670.0 55 72 69 34 21 251
675.0 56 61 65 37 21 240
680.0 55 64 57 35 22 233
685.0 55 66 56 33 21 231
690.0 61 68 53 31 21 234
695.0 63 72 47 33 18 233
700.0 60 68 54 31 19 232
705.0 59 66 55 25 21 226
710.0 59 69 54 21 21 224
715.0 60 64 55 22 19 220
720.0 54 57 56 24 17 208
725.0 53 55 57 27 18 210
730.0 55 52 59 23 17 206
735.0 56 52 66 19 14 207
740.0 54 49 64 17 15 199
745.0 52 50 65 17 14 198
750.0 52 50 63 16 12 193
755.0 55 50 64 16 10 195
760.0 55 48 65 16 12 196
765.0 54 44 58 19 12 187
770.0 50 47 58 20 14 189
775.0 56 44 57 16 15 188
780.0 56 42 52 19 15 184
785.0 49 39 48 19 12 167
790.0 45 43 47 20 13 168
795.0 41 40 44 22 14 161
800.0 36 41 41 21 17 156
805.0 46 42 42 15 17 162
810.0 45 43 45 17 15 165
815.0 45 47 47 16 12 167
820.0 44 44 40 18 13 159
825.0 41 38 37 17 13 146
830.0 43 41 42 17 13 156
835.0 43 41 47 22 16 169
840.0 46 43 56 24 17 186
845.0 45 47 56 31 18 197
850.0 49 53 52 28 19 201
855.0 52 59 57 29 19 216
860.0 48 60 62 31 18 219
865.0 51 55 63 25 21 215
870.0 46 53 64 26 22 211
875.0 50 56 61 26 24 217
880.0 51 58 67 23 27 226
885.0 43 64 72 26 25 230
890.0 41 64 70 32 28 235
895.0 37 63 70 30 27 227
900.0 39 63 68 33 30 233
905.0 40 58 65 31 31 225
910.0 33 57 69 30 31 220
915.0 36 54 62 33 29 214
920.0 47 54 64 31 30 226
925.0 47 56 62 31 27 223
930.0 51 64 68 28 24 235
935.0 55 67 69 27 24 242
940.0 52 71 65 31 25 244
945.0 52 72 68 30 24 246
950.0 47 69 71 29 26 242
955.0 52 69 70 29 29 249
960.0 53 72 67 27 31 250
965.0 58 71 61 24 32 246
970.0 53 72 63 30 31 249
975.0 57 67 68 31 29 252
980.0 53 62 77 34 26 252
985.0 46 64 81 40 25 256
990.0 40 75 80 41 25 261
995.0 37 74 83 36 24 254
1000.0 43 68 86 33 25 255
1005.0 51 61 83 24 27 246
1010.0 57 63 74 26 28 248
1015.0 57 61 66 27 27 238
1020.0 57 67 67 27 25 243
1025.0 51 69 62 28 24 234
1030.0 57 62 61 32 22 234
1035.0 62 62 65 26 19 234
1040.0 63 61 69 30 23 246
1045.0 73 61 76 33 26 269
1050.0 75 60 80 41 30 286
1055.0 74 60 84 40 27 285
1060.0 70 63 82 38 24 277
1065.0 70 67 81 41 25 284
1070.0 68 71 80 39 22 280
1075.0 61 72 75 35 23 266
1080.0 65 70 75 36 23 269
1085.0 72 70 72 36 23 273
1090.0 72 72 72 32 25 273
1095.0 74 64 76 35 24 273
1100.0 70 67 82 37 24 280
1105.0 70 60 91 42 26 289
1110.0 68 60 92 46 24 290
1115.0 74 65 93 39 23 294
1120.0 71 70 92 39 21 293
1125.0 68 66 92 34 22 282
1130.0 67 67 97 40 24 295
1135.0 69 75 87 41 27 299
1140.0 74 76 87 44 28 309
1145.0 80 80 83 42 29 314
1150.0 79 76 85 45 29 314
1155.0 77 77 87 36 30 307
1160.0 67 68 90 34 30 289
1165.0 66 66 94 36 30 292
1170.0 71 65 91 31 30 288
1175.0 71 61 88 31 30 281
1180.0 64 59 83 34 31 271
1185.0 72 58 78 37 29 274
1190.0 75 50 69 37 29 260
1195.0 62 48 72 37 26 245
1200.0 59 51 64 31 24 229
1205.0 52 57 64 27 21 221
1210.0 43 57 64 28 22 214
1215.0 38 53 60 29 22 202
1220.0 34 53 60 29 24 200
1225.0 34 55 53 27 22 191
1230.0 32 51 50 25 24 182
1235.0 28 56 48 27 22 181
1240.0 26 50 48 26 21 171
1245.0 27 46 43 25 22 163
1250.0 29 48 43 21 20 161
1255.0 30 41 44 23 19 157
1260.0 32 38 42 20 18 150
1265.0 29 32 38 20 19 138
1270.0 24 31 40 20 16 131
1275.0 17 27 40 18 12 114
1280.0 18 23 37 17 12 107
1285.0 18 21 29 16 12 96
1290.0 17 21 22 11 10 81
1295.0 16 22 20 10 9 77
1300.0 15 16 19 12 7 69
1305.0 17 10 20 10 6 63
1310.0 18 7 18 8 4 55
1315.0 16 7 15 10 4 52
1320.0 15 5 11 8 4 43
1325.0 15 2 11 6 4 38
1330.0 13 1 10 5 3 32
1335.0 9 3 10 4 2 28
1340.0 7 3 12 5 2 29
1345.0 6 4 11 5 2 28
1350.0 6 3 7 4 2 22
1355.0 7 3 6 5 3 24
1360.0 6 1 5 3 3 18
1365.0 3 2 5 2 2 14
1370.0 3 2 4 2 0 11
1375.0 2 3 4 0 0 9
1380.0 2 3 3 0 0 8
1385.0 2 3 3 0 0 8
1390.0 1 3 2 1 0 7
1395.0 1 3 2 1 0 7
1400.0 1 1 2 1 0 5
1405.0 1 1 2 1 0 5
1410.0 1 1 2 1 0 5
1415.0 2 1 2 1 0 6
1420.0 3 1 1 1 0 6
1425.0 1 1 1 1 0 4
1430.0 1 1 0 1 0 3
1435.0 1 1 0 1 0 3
