5.0 0 0 0 0 0 0
10.0 0 0 0 0 0 0
15.0 0 0 0 0 0 0
20.0 0 0 0 0 0 0
25.0 0 0 0 0 0 0
30.0 0 0 0 0 0 0
35.0 0 0 0 0 0 0
40.0 0 0 0 0 0 0
45.0 0 0 0 0 0 0
50.0 0 0 0 0 0 0
55.0 0 0 0 0 0 0
60.0 0 0 0 0 0 0
65.0 0 0 0 0 0 0
70.0 0 0 0 0 0 0
75.0 0 0 0 0 0 0
80.0 0 0 0 0 0 0
85.0 0 0 0 0 0 0
90.0 0 0 0 0 0 0
95.0 0 0 0 0 0 0
100.0 0 0 0 0 0 0
105.0 0 0 0 0 0 0
110.0 0 0 0 0 0 0
115.0 0 0 0 0 0 0
120.0 0 0 0 0 0 0
125.0 0 0 0 0 0 0
130.0 0 0 0 0 0 0
135.0 0 0 0 0 0 0
140.0 0 0 0 0 0 0
145.0 0 0 0 0 0 0
150.0 0 0 0 0 0 0
155.0 0 0 0 0 0 0
160.0 0 0 0 0 0 0
165.0 0 0 0 0 0 0
170.0 0 0 0 0 0 0
175.0 0 0 0 0 0 0
180.0 0 0 0 0 0 0
185.0 0 0 0 0 0 0
190.0 0 0 0 0 0 0
195.0 0 0 0 0 0 0
200.0 0 0 0 0 0 0
205.0 0 0 0 0 0 0
210.0 0 0 0 0 0 0
215.0 0 0 0 0 0 0
220.0 0 0 0 0 0 0
225.0 0 0 0 0 0 0
230.0 0 0 0 0 0 0
235.0 0 0 0 0 0 0
240.0 0 0 0 0 0 0
245.0 0 0 0 0 0 0
250.0 0 0 0 0 0 0
255.0 0 0 0 0 0 0
260.0 0 0 0 0 0 0
265.0 1 0 0 0 0 1
270.0 2 0 0 0 0 2
275.0 2 0 0 0 0 2
280.0 2 0 0 0 0 2
285.0 1 0 0 0 0 1
290.0 1 0 0 0 0 1
295.0 1 0 0 0 0 1
300.0 1 0 0 0 0 1
305.0 1 0 0 0 0 1
310.0 1 1 0 0 0 2
315.0 1 1 1 0 0 3
320.0 1 1 3 0 0 5
325.0 0 1 3 1 0 5
330.0 0 1 4 1 0 6
335.0 0 1 4 1 0 6
340.0 1 2 3 1 0 7
345.0 2 2 3 0 0 7
350.0 2 2 4 0 0 8
355.0 3 2 4 0 0 9
360.0 4 4 5 1 1 15
365.0 4 3 7 1 2 17
370.0 4 3 11 1 2 21
375.0 4 3 12 1 2 22
380.0 4 4 9 2 2 21
385.0 5 3 8 3 3 22
390.0 8 2 8 3 4 25
395.0 9 3 7 3 4 26
400.0 10 7 6 3 4 30
405.0 10 7 9 1 4 31
410.0 9 12 9 1 4 35
415.0 8 15 10 2 5 40
420.0 8 17 14 4 4 47
425.0 11 20 16 6 4 57
430.0 13 21 19 6 5 64
435.0 13 25 22 5 6 71
440.0 13 23 25 7 6 74
445.0 16 22 28 8 6 80
450.0 19 23 28 8 7 85
455.0 18 25 31 9 8 91
460.0 24 31 32 10 9 106
465.0 25 32 36 11 10 114
470.0 20 36 36 10 12 114
475.0 19 38 41 14 12 124
480.0 23 35 44 14 12 128
485.0 22 38 44 19 13 136
490.0 21 38 47 23 12 141
495.0 23 42 50 19 15 149
500.0 27 46 44 17 18 152
505.0 31 50 49 20 17 167
510.0 35 52 59 23 19 188
515.0 37 55 62 25 21 200
520.0 39 57 62 26 23 207
525.0 47 60 64 27 24 222
530.0 55 59 69 32 25 240
535.0 61 64 67 31 25 248
540.0 63 66 72 30 28 259
545.0 67 66 78 32 30 273
550.0 64 74 84 35 29 286
555.0 69 81 84 34 30 298
560.0 70 84 94 32 33 313
565.0 70 87 93 34 27 311
570.0 68 91 89 40 27 315
575.0 62 93 91 42 25 313
580.0 63 91 98 43 27 322
585.0 61 96 99 44 27 327
590.0 62 94 109 46 27 338
595.0 65 93 103 47 31 339
600.0 69 98 109 53 31 360
605.0 66 100 104 50 33 353
610.0 68 99 105 49 36 357
615.0 63 92 106 51 34 346
620.0 74 96 104 51 36 361
625.0 76 102 105 45 30 358
630.0 82 109 108 45 29 373
635.0 86 106 110 44 30 376
640.0 83 108 106 40 30 367
645.0 83 112 100 47 32 374
650.0 87 111 96 49 32 375
655.0 87 105 89 51 31 363
660.0 90 102 90 49 35 366
665.0 95 102 93 47 35 372
670.0 97 111 77 47 32 364
675.0 100 102 80 47 31 360
680.0 97 91 82 46 30 346
685.0 92 87 78 43 33 333
690.0 92 84 81 43 33 333
695.0 83 78 79 42 31 313
700.0 82 71 88 43 32 316
705.0 90 72 82 39 30 313
710.0 91 77 82 40 30 320
715.0 89 78 84 39 34 324
720.0 87 77 87 40 34 325
725.0 83 79 89 40 32 323
730.0 85 82 84 43 31 325
735.0 84 76 86 44 34 324
740.0 90 75 96 38 36 335
745.0 81 78 92 42 30 323
750.0 81 84 93 42 31 331
755.0 81 82 94 37 31 325
760.0 80 83 84 38 29 314
765.0 78 81 82 38 26 305
770.0 80 77 84 32 32 305
775.0 77 67 83 30 30 287
780.0 76 66 87 32 29 290
785.0 75 69 93 28 26 291
790.0 68 68 96 31 25 288
795.0 66 64 91 35 26 282
800.0 72 66 85 37 24 284
805.0 70 57 88 40 22 277
810.0 73 57 86 43 21 280
815.0 65 60 86 36 20 267
820.0 63 62 80 36 20 261
825.0 63 65 79 35 20 262
830.0 63 73 85 39 20 280
835.0 60 77 81 44 19 281
840.0 62 76 77 47 24 286
845.0 72 74 77 49 25 297
850.0 68 80 81 49 26 304
855.0 69 87 80 49 26 311
860.0 72 87 79 49 26 313
865.0 65 82 80 53 29 309
870.0 72 72 82 51 27 304
875.0 74 71 87 51 26 309
880.0 70 72 96 48 26 312
885.0 72 71 93 47 31 314
890.0 79 75 95 50 32 331
895.0 76 80 96 47 33 332
900.0 82 80 100 42 37 341
905.0 83 78 98 41 41 341
910.0 84 76 94 49 40 343
915.0 86 76 94 49 41 346
920.0 88 76 90 52 39 345
925.0 83 81 104 46 39 353
930.0 75 84 108 46 39 352
935.0 80 83 109 46 36 354
940.0 79 84 104 47 40 354
945.0 84 85 107 48 41 365
950.0 84 86 105 46 41 362
955.0 77 90 110 46 41 364
960.0 75 87 109 49 39 359
965.0 71 85 110 45 38 349
970.0 72 85 105 36 33 331
975.0 69 86 111 38 32 336
980.0 69 88 114 38 34 343
985.0 60 89 116 37 32 334
990.0 65 89 109 39 32 334
995.0 67 94 118 37 32 348
1000.0 71 90 116 42 33 352
1005.0 74 83 111 40 35 343
1010.0 71 87 106 45 37 346
1015.0 68 90 107 46 37 348
1020.0 66 94 108 47 39 354
1025.0 64 94 106 44 39 347
1030.0 63 88 110 49 42 352
1035.0 68 88 112 44 41 353
1040.0 72 85 120 42 41 360
1045.0 74 83 117 39 42 355
1050.0 79 80 120 38 44 361
1055.0 80 82 117 36 45 360
1060.0 84 87 112 37 45 365
1065.0 86 94 106 40 46 372
1070.0 93 96 104 40 44 377
1075.0 83 103 110 39 41 376
1080.0 88 106 113 43 39 389
1085.0 93 97 114 47 37 388
1090.0 105 95 108 51 38 397
1095.0 106 95 107 51 37 396
1100.0 110 97 109 50 34 400
1105.0 110 105 114 49 34 412
1110.0 101 101 118 55 35 410
1115.0 94 106 118 49 37 404
1120.0 88 100 124 49 37 398
1125.0 85 101 120 52 36 394
1130.0 77 100 120 51 39 387
1135.0 80 89 116 49 40 374
1140.0 78 89 126 50 35 378
1145.0 84 89 128 48 31 380
1150.0 88 94 129 41 33 385
1155.0 96 91 123 47 36 393
1160.0 103 85 119 51 35 393
1165.0 97 86 112 49 35 379
1170.0 96 84 107 49 32 368
1175.0 88 81 105 52 35 361
1180.0 86 76 105 58 35 360
1185.0 84 72 97 51 37 341
1190.0 86 69 96 48 31 330
1195.0 88 64 91 53 30 326
1200.0 92 69 87 48 30 326
1205.0 75 67 88 44 32 306
1210.0 65 71 84 41 30 291
1215.0 66 63 84 37 27 277
1220.0 60 59 76 33 25 253
1225.0 62 61 69 29 27 248
1230.0 59 61 68 28 26 242
1235.0 52 56 69 24 28 229
1240.0 42 53 63 24 23 205
1245.0 43 51 65 21 25 205
1250.0 34 42 66 21 24 187
1255.0 33 39 56 21 23 172
1260.0 34 37 50 20 18 159
1265.0 33 36 43 17 18 147
1270.0 29 31 42 12 17 131
1275.0 26 30 39 12 18 125
1280.0 27 25 35 11 15 113
1285.0 26 23 32 11 15 107
1290.0 24 18 28 11 14 95
1295.0 21 14 25 12 13 85
1300.0 21 10 22 12 11 76
1305.0 19 10 21 9 9 68
1310.0 17 12 18 10 9 66
1315.0 16 12 15 11 7 61
1320.0 11 11 14 12 4 52
1325.0 9 10 13 12 2 46
1330.0 7 8 12 13 4 44
1335.0 7 10 10 13 4 44
1340.0 5 11 10 13 3 42
1345.0 4 5 9 12 3 33
1350.0 6 5 10 9 2 32
1355.0 6 7 11 6 1 31
1360.0 5 4 10 5 1 25
1365.0 4 2 8 3 1 18
1370.0 2 1 8 3 1 15
1375.0 2 2 7 2 1 14
1380.0 0 1 4 4 1 10
1385.0 2 1 2 2 0 7
1390.0 2 1 3 2 0 8
1395.0 2 1 1 2 0 6
1400.0 4 1 2 3 0 10
1405.0 4 1 2 3 0 10
1410.0 3 0 3 1 0 7
1415.0 2 0 2 1 0 5
1420.0 1 0 1 0 0 2
1425.0 1 0 1 0 0 2
1430.0 1 0 1 0 0 2
1435.0 1 0 0 1 0 2
