5.0 0 0 0 0 0 0
10.0 0 0 0 0 0 0
15.0 0 0 0 0 0 0
20.0 0 0 0 0 0 0
25.0 0 0 0 0 0 0
30.0 0 0 0 0 0 0
35.0 0 0 0 0 0 0
40.0 0 0 0 0 0 0
45.0 0 0 0 0 0 0
50.0 0 0 0 0 0 0
55.0 0 0 0 0 0 0
60.0 0 0 0 0 0 0
65.0 0 0 0 0 0 0
70.0 0 0 0 0 0 0
75.0 0 0 0 0 0 0
80.0 0 0 0 0 0 0
85.0 0 0 0 0 0 0
90.0 0 0 0 0 0 0
95.0 0 0 0 0 0 0
100.0 0 0 0 0 0 0
105.0 0 0 0 0 0 0
110.0 0 0 0 0 0 0
115.0 0 0 0 0 0 0
120.0 0 0 0 0 0 0
125.0 0 0 0 0 0 0
130.0 0 0 0 0 0 0
135.0 0 0 0 0 0 0
140.0 0 0 0 0 0 0
145.0 0 0 0 0 0 0
150.0 0 0 0 0 0 0
155.0 0 0 0 0 0 0
160.0 0 0 0 0 0 0
165.0 0 0 0 0 0 0
170.0 0 0 0 0 0 0
175.0 0 0 0 0 0 0
180.0 0 0 0 0 0 0
185.0 0 0 0 0 0 0
190.0 0 0 0 0 0 0
195.0 0 0 0 0 0 0
200.0 0 0 0 0 0 0
205.0 0 0 0 0 0 0
210.0 0 0 0 0 0 0
215.0 0 0 0 0 0 0
220.0 0 0 0 0 0 0
225.0 0 0 0 0 0 0
230.0 0 0 0 0 0 0
235.0 0 0 0 0 0 0
240.0 0 0 0 0 0 0
245.0 0 0 0 0 0 0
250.0 0 0 0 0 0 0
255.0 0 0 0 0 0 0
260.0 1 0 0 0 0 1
265.0 1 0 0 0 0 1
270.0 1 0 0 0 0 1
275.0 1 0 0 0 0 1
280.0 1 0 0 0 0 1
285.0 1 0 0 0 0 1
290.0 1 0 0 0 0 1
295.0 1 0 0 0 0 1
300.0 1 0 0 0 0 1
305.0 1 0 0 0 0 1
310.0 1 0 0 0 0 1
315.0 1 0 0 0 0 1
320.0 1 0 0 0 0 1
325.0 1 0 0 0 0 1
330.0 1 0 0 0 0 1
335.0 1 0 0 0 0 1
340.0 1 0 0 0 0 1
345.0 1 0 0 0 0 1
350.0 0 0 0 1 0 1
355.0 0 0 0 1 0 1
360.0 0 0 0 1 0 1
365.0 0 0 0 1 0 1
370.0 0 0 1 0 0 1
375.0 0 0 1 0 0 1
380.0 0 0 0 0 0 0
385.0 0 0 0 0 0 0
390.0 0 0 0 0 0 0
395.0 0 0 0 0 0 0
400.0 0 0 0 0 0 0
405.0 0 0 0 0 0 0
410.0 0 0 0 0 0 0
415.0 0 0 0 0 0 0
420.0 0 0 0 0 0 0
425.0 0 0 0 0 0 0
430.0 0 0 0 0 0 0
435.0 1 0 0 0 0 1
440.0 1 0 0 0 0 1
445.0 1 0 0 0 0 1
450.0 1 0 0 0 0 1
455.0 1 0 0 0 0 1
460.0 1 0 0 0 0 1
465.0 1 0 0 0 0 1
470.0 1 0 0 0 0 1
475.0 0 0 0 1 0 1
480.0 0 0 0 1 0 1
485.0 0 0 0 1 0 1
490.0 0 0 0 1 0 1
495.0 0 0 0 1 0 1
500.0 0 0 0 1 0 1
505.0 0 0 0 1 0 1
510.0 0 0 0 1 0 1
515.0 0 0 0 0 0 0
520.0 0 0 0 0 0 0
525.0 0 0 0 0 0 0
530.0 0 0 0 0 0 0
535.0 0 0 0 0 0 0
540.0 0 0 1 0 0 1
545.0 0 0 2 0 0 2
550.0 0 0 2 0 0 2
555.0 0 0 2 0 0 2
560.0 0 0 2 1 0 3
565.0 0 0 3 1 0 4
570.0 1 0 2 1 0 4
575.0 1 0 2 1 0 4
580.0 1 0 1 1 0 3
585.0 0 0 1 2 0 3
590.0 0 0 1 2 0 3
595.0 0 0 0 1 0 1
600.0 0 0 0 1 0 1
605.0 0 0 0 1 0 1
610.0 0 0 1 1 0 2
615.0 0 1 2 1 0 4
620.0 0 1 2 1 0 4
625.0 0 1 2 1 0 4
630.0 0 1 2 1 0 4
635.0 0 1 2 1 0 4
640.0 0 1 2 1 0 4
645.0 0 1 2 1 0 4
650.0 0 1 2 0 0 3
655.0 0 0 2 1 0 3
660.0 0 0 2 1 0 3
665.0 0 0 2 1 0 3
670.0 0 0 1 0 0 1
675.0 0 0 1 0 0 1
680.0 0 0 1 0 0 1
685.0 1 0 1 0 0 2
690.0 1 0 1 0 0 2
695.0 1 0 1 0 0 2
700.0 1 0 1 0 0 2
705.0 1 0 1 1 0 3
710.0 1 0 1 1 0 3
715.0 1 0 1 1 0 3
720.0 1 0 1 1 0 3
725.0 1 1 0 1 0 3
730.0 1 1 0 1 0 3
735.0 1 1 0 1 0 3
740.0 0 1 0 0 0 1
745.0 0 0 0 0 0 0
750.0 0 0 0 0 0 0
755.0 0 0 0 0 0 0
760.0 0 0 0 0 0 0
765.0 0 0 0 0 0 0
770.0 0 0 0 0 0 0
775.0 0 0 0 0 0 0
780.0 0 0 0 0 0 0
785.0 0 0 0 0 0 0
790.0 0 0 0 0 0 0
795.0 1 0 0 0 0 1
800.0 1 0 0 0 0 1
805.0 2 0 0 0 0 2
810.0 2 0 0 0 0 2
815.0 2 0 0 0 0 2
820.0 2 0 0 0 0 2
825.0 2 0 0 0 0 2
830.0 2 1 0 0 0 3
835.0 2 1 0 0 0 3
840.0 2 1 0 0 0 3
845.0 2 0 0 0 0 2
850.0 2 0 0 0 0 2
855.0 2 0 0 0 0 2
860.0 1 0 0 0 0 1
865.0 1 1 0 0 0 2
870.0 1 1 0 0 0 2
875.0 1 1 1 0 0 3
880.0 0 1 2 0 0 3
885.0 0 1 2 0 0 3
890.0 0 1 2 0 0 3
895.0 0 1 2 0 0 3
900.0 0 1 1 0 0 2
905.0 0 0 1 0 0 1
910.0 0 0 1 0 0 1
915.0 0 1 1 0 0 2
920.0 0 1 1 0 0 2
925.0 0 1 1 0 0 2
930.0 0 1 1 0 0 2
935.0 0 1 1 0 0 2
940.0 0 1 1 0 0 2
945.0 0 1 1 0 0 2
950.0 0 1 1 0 0 2
955.0 0 1 1 0 0 2
960.0 0 1 1 0 0 2
965.0 0 1 0 0 0 1
970.0 0 1 0 0 0 1
975.0 0 1 0 0 0 1
980.0 0 1 0 0 0 1
985.0 1 0 0 0 0 1
990.0 1 0 0 0 0 1
995.0 1 0 0 0 0 1
1000.0 1 0 0 0 0 1
1005.0 1 0 0 0 0 1
1010.0 0 0 0 0 0 0
1015.0 0 0 0 0 0 0
1020.0 0 0 1 0 0 1
1025.0 0 0 1 0 0 1
1030.0 0 0 2 0 0 2
1035.0 0 0 2 0 0 2
1040.0 0 0 2 0 0 2
1045.0 1 1 1 0 0 3
1050.0 1 1 1 0 0 3
1055.0 1 1 1 0 0 3
1060.0 1 1 1 0 0 3
1065.0 1 1 1 0 0 3
1070.0 1 1 1 0 0 3
1075.0 1 0 1 0 0 2
1080.0 1 0 1 0 0 2
1085.0 1 0 0 0 0 1
1090.0 1 0 0 0 0 1
1095.0 1 1 0 0 0 2
1100.0 1 1 0 0 0 2
1105.0 1 2 0 0 0 3
1110.0 1 2 0 0 0 3
1115.0 1 2 0 0 0 3
1120.0 1 2 0 0 0 3
1125.0 1 2 0 0 0 3
1130.0 0 2 0 1 0 3
1135.0 0 1 1 1 0 3
1140.0 0 1 1 1 0 3
1145.0 0 0 1 1 0 2
1150.0 0 0 1 1 0 2
1155.0 0 0 1 1 0 2
1160.0 0 0 1 1 0 2
1165.0 0 0 1 1 0 2
1170.0 0 0 1 1 0 2
1175.0 0 0 1 1 0 2
1180.0 0 0 1 1 0 2
1185.0 0 0 1 1 0 2
1190.0 0 0 1 1 0 2
1195.0 0 0 1 1 0 2
1200.0 0 0 2 0 0 2
1205.0 0 0 2 0 0 2
1210.0 0 0 2 0 0 2
1215.0 0 0 2 0 0 2
1220.0 0 0 2 0 0 2
1225.0 0 0 2 0 0 2
1230.0 0 0 2 0 0 2
1235.0 0 0 1 0 0 1
1240.0 0 0 1 0 0 1
1245.0 0 0 1 0 0 1
1250.0 0 0 1 0 0 1
1255.0 0 0 1 0 0 1
1260.0 0 0 0 0 0 0
1265.0 0 0 0 0 0 0
1270.0 0 0 0 0 0 0
1275.0 0 0 0 0 0 0
1280.0 0 0 0 0 0 0
1285.0 0 0 0 0 0 0
1290.0 0 0 0 0 0 0
1295.0 0 0 0 0 0 0
1300.0 0 0 0 0 0 0
1305.0 0 0 0 0 0 0
1310.0 0 0 0 0 0 0
1315.0 0 0 0 0 0 0
1320.0 0 0 0 0 0 0
1325.0 0 0 0 0 0 0
1330.0 0 0 0 0 0 0
1335.0 0 0 0 0 0 0
1340.0 0 0 0 0 0 0
1345.0 0 0 0 0 0 0
1350.0 0 0 0 0 0 0
1355.0 0 0 0 0 0 0
1360.0 0 0 0 0 0 0
1365.0 0 0 0 0 0 0
1370.0 0 0 0 0 0 0
1375.0 0 0 0 0 0 0
1380.0 0 0 0 0 0 0
1385.0 0 0 0 0 0 0
1390.0 0 0 0 0 0 0
1395.0 0 0 0 0 0 0
1400.0 0 0 0 0 0 0
1405.0 0 0 0 0 0 0
1410.0 0 0 0 0 0 0
1415.0 0 0 0 0 0 0
1420.0 0 0 0 0 0 0
1425.0 0 0 0 0 0 0
1430.0 0 0 0 0 0 0
1435.0 0 0 0 0 0 0
