5.0 0 0 0 0 0 0
10.0 0 0 0 0 0 0
15.0 0 0 0 0 0 0
20.0 0 0 0 0 0 0
25.0 0 0 0 0 0 0
30.0 0 0 0 0 0 0
35.0 0 0 0 0 0 0
40.0 0 0 0 0 0 0
45.0 0 0 0 0 0 0
50.0 0 0 0 0 0 0
55.0 0 0 0 0 0 0
60.0 0 0 0 0 0 0
65.0 0 0 0 0 0 0
70.0 0 0 0 0 0 0
75.0 0 0 0 0 0 0
80.0 0 0 0 0 0 0
85.0 0 0 0 0 0 0
90.0 0 0 0 0 0 0
95.0 0 0 0 0 0 0
100.0 0 0 0 0 0 0
105.0 0 0 0 0 0 0
110.0 0 0 0 0 0 0
115.0 0 0 0 0 0 0
120.0 0 0 0 0 0 0
125.0 0 0 0 0 0 0
130.0 0 0 0 0 0 0
135.0 0 0 0 0 0 0
140.0 0 0 0 0 0 0
145.0 0 0 0 0 0 0
150.0 0 0 0 0 0 0
155.0 0 0 0 0 0 0
160.0 0 0 0 0 0 0
165.0 0 0 0 0 0 0
170.0 0 0 0 0 0 0
175.0 0 0 0 0 0 0
180.0 0 0 0 0 0 0
185.0 0 0 1 0 0 1
190.0 0 0 1 0 0 1
195.0 0 0 1 0 0 1
200.0 0 0 1 0 0 1
205.0 0 0 0 0 0 0
210.0 0 0 0 0 0 0
215.0 0 0 0 0 0 0
220.0 0 0 0 0 0 0
225.0 0 0 0 0 0 0
230.0 1 0 0 0 0 1
235.0 1 0 0 0 0 1
240.0 1 0 0 0 0 1
245.0 0 0 1 0 0 1
250.0 0 0 1 0 0 1
255.0 0 0 1 0 0 1
260.0 0 0 0 0 0 0
265.0 0 0 0 0 0 0
270.0 0 0 0 0 0 0
275.0 0 0 0 0 0 0
280.0 0 0 0 0 0 0
285.0 0 0 0 0 0 0
290.0 0 0 0 0 0 0
295.0 0 0 1 0 0 1
300.0 0 0 2 0 0 2
305.0 0 1 2 0 1 4
310.0 0 2 2 0 1 5
315.0 0 2 2 0 1 5
320.0 0 3 2 1 2 8
325.0 1 2 3 1 2 9
330.0 1 2 2 1 2 8
335.0 1 2 2 0 2 7
340.0 2 1 2 0 2 7
345.0 5 0 4 0 3 12
350.0 4 1 4 2 3 14
355.0 4 3 4 3 3 17
360.0 4 5 4 4 3 20
365.0 6 7 6 4 4 27
370.0 7 8 6 4 4 29
375.0 7 8 5 5 4 29
380.0 8 9 3 6 4 30
385.0 7 9 4 7 4 31
390.0 8 10 3 9 6 36
395.0 10 13 3 10 6 42
400.0 8 18 5 10 6 47
405.0 11 19 7 9 7 53
410.0 13 18 12 9 6 58
415.0 15 19 14 8 6 62
420.0 18 19 15 6 6 64
425.0 17 20 14 10 7 68
430.0 17 21 16 13 7 74
435.0 20 20 22 12 10 84
440.0 21 24 21 11 11 88
445.0 19 26 24 9 11 89
450.0 21 32 25 11 12 101
455.0 30 35 23 11 13 112
460.0 40 35 22 11 16 124
465.0 38 36 30 17 17 138
470.0 39 39 35 15 17 145
475.0 34 37 37 19 18 145
480.0 36 36 45 17 21 155
485.0 41 35 47 21 21 165
490.0 39 40 52 22 23 176
495.0 43 47 52 24 26 192
500.0 46 53 54 21 26 200
505.0 54 53 62 20 26 215
510.0 52 59 71 25 28 235
515.0 58 57 75 28 29 247
520.0 64 59 82 32 28 265
525.0 66 64 81 35 30 276
530.0 68 64 89 36 31 288
535.0 79 67 95 38 34 313
540.0 86 68 95 39 36 324
545.0 81 77 102 44 35 339
550.0 81 80 100 51 36 348
555.0 77 82 101 48 38 346
560.0 80 80 101 48 43 352
565.0 76 88 103 41 46 354
570.0 86 87 109 42 51 375
575.0 84 86 112 45 49 376
580.0 80 86 108 53 51 378
585.0 69 98 118 57 53 395
590.0 71 105 111 57 56 400
595.0 73 103 116 60 54 406
600.0 75 107 107 64 49 402
605.0 84 108 115 63 51 421
610.0 85 114 121 62 50 432
615.0 93 106 124 61 46 430
620.0 93 109 131 65 44 442
625.0 98 116 126 61 43 444
630.0 99 111 130 62 46 448
635.0 101 107 130 56 43 437
640.0 100 109 133 59 45 446
645.0 100 121 135 61 43 460
650.0 105 113 147 56 39 460
655.0 105 118 137 58 41 459
660.0 106 114 134 59 43 456
665.0 106 119 130 64 50 469
670.0 106 109 123 70 52 460
675.0 99 117 121 66 56 459
680.0 93 115 133 62 56 459
685.0 93 118 130 66 57 464
690.0 89 118 127 71 61 466
695.0 88 110 114 72 62 446
700.0 84 105 118 71 57 435
705.0 88 105 112 68 53 426
710.0 92 104 111 68 55 430
715.0 100 97 107 65 54 423
720.0 96 95 106 65 48 410
725.0 93 90 104 62 47 396
730.0 92 89 101 55 47 384
735.0 96 88 98 52 44 378
740.0 90 82 102 54 41 369
745.0 86 74 102 52 44 358
750.0 82 73 98 47 43 343
755.0 80 76 102 44 42 344
760.0 82 76 104 42 46 350
765.0 76 73 109 40 44 342
770.0 81 71 101 45 46 344
775.0 78 75 102 46 47 348
780.0 80 84 100 42 45 351
785.0 80 82 97 40 48 347
790.0 77 80 103 41 44 345
795.0 77 75 95 44 45 336
800.0 81 78 94 42 44 339
805.0 79 80 100 44 46 349
810.0 77 86 98 45 44 350
815.0 75 87 99 43 42 346
820.0 77 93 99 45 42 356
825.0 76 93 104 44 41 358
830.0 75 91 104 47 37 354
835.0 78 92 114 45 40 369
840.0 85 90 107 42 40 364
845.0 87 90 111 45 46 379
850.0 85 86 118 48 46 383
855.0 85 91 121 46 45 388
860.0 82 94 121 54 48 399
865.0 85 103 119 54 49 410
870.0 90 106 117 52 46 411
875.0 89 114 118 54 46 421
880.0 92 112 114 56 42 416
885.0 95 116 116 54 47 428
890.0 98 109 131 58 46 442
895.0 104 103 131 62 43 443
900.0 106 107 125 69 45 452
905.0 105 99 120 68 46 438
910.0 102 101 124 65 40 432
915.0 97 111 128 68 46 450
920.0 94 109 119 69 46 437
925.0 88 108 122 65 45 428
930.0 87 109 128 69 43 436
935.0 92 108 129 65 43 437
940.0 97 114 133 60 47 451
945.0 101 106 140 61 45 453
950.0 101 108 141 64 50 464
955.0 109 100 145 69 53 476
960.0 103 95 145 65 54 462
965.0 100 97 132 64 54 447
970.0 100 94 130 65 54 443
975.0 101 104 130 66 53 454
980.0 102 112 134 59 51 458
985.0 107 113 129 59 48 456
990.0 106 110 122 58 47 443
995.0 107 101 114 53 49 424
1000.0 107 99 114 55 52 427
1005.0 112 100 111 55 53 431
1010.0 113 103 112 55 52 435
1015.0 107 106 113 55 55 436
1020.0 108 105 114 59 52 438
1025.0 106 110 118 55 52 441
1030.0 105 115 113 55 51 439
1035.0 104 108 107 59 51 429
1040.0 95 108 109 62 49 423
1045.0 94 109 111 67 53 434
1050.0 90 110 107 65 55 427
1055.0 90 114 110 63 58 435
1060.0 93 118 113 61 53 438
1065.0 91 117 120 63 47 438
1070.0 98 116 118 67 43 442
1075.0 108 115 122 62 44 451
1080.0 103 114 130 68 47 462
1085.0 100 107 125 74 46 452
1090.0 93 112 140 79 44 468
1095.0 100 123 138 76 47 484
1100.0 103 123 134 81 45 486
1105.0 104 123 136 84 43 490
1110.0 101 124 139 82 47 493
1115.0 101 138 142 78 50 509
1120.0 98 139 147 70 51 505
1125.0 104 140 149 65 53 511
1130.0 116 135 154 68 57 530
1135.0 117 128 161 68 55 529
1140.0 119 124 160 68 52 523
1145.0 117 125 151 71 50 514
1150.0 103 140 143 73 49 508
1155.0 106 132 129 77 47 491
1160.0 101 141 130 78 44 494
1165.0 104 137 130 74 43 488
1170.0 96 136 133 66 44 475
1175.0 95 128 138 61 42 464
1180.0 95 123 139 61 40 458
1185.0 91 125 129 64 40 449
1190.0 95 124 124 67 44 454
1195.0 92 114 130 63 38 437
1200.0 91 108 125 64 39 427
1205.0 87 103 126 62 39 417
1210.0 79 100 116 62 35 392
1215.0 75 101 109 60 37 382
1220.0 72 95 102 61 38 368
1225.0 69 84 91 60 37 341
1230.0 68 72 79 57 39 315
1235.0 71 66 74 54 42 307
1240.0 72 58 78 46 38 292
1245.0 83 55 74 40 37 289
1250.0 80 50 68 38 36 272
1255.0 68 44 57 35 34 238
1260.0 57 46 58 36 31 228
1265.0 49 39 55 34 27 204
1270.0 41 35 52 36 26 190
1275.0 43 33 46 36 25 183
1280.0 39 34 44 30 19 166
1285.0 39 29 41 31 15 155
1290.0 35 31 43 27 13 149
1295.0 37 25 38 23 13 136
1300.0 33 22 34 22 13 124
1305.0 30 23 29 22 11 115
1310.0 29 20 29 19 10 107
1315.0 24 20 26 15 10 95
1320.0 23 16 22 14 8 83
1325.0 21 12 18 14 8 73
1330.0 17 12 15 13 5 62
1335.0 12 12 17 9 5 55
1340.0 13 10 14 6 5 48
1345.0 9 9 14 5 5 42
1350.0 9 10 13 5 6 43
1355.0 7 11 10 5 6 39
1360.0 7 9 6 5 5 32
1365.0 8 8 3 5 5 29
1370.0 7 7 4 2 5 25
1375.0 6 7 3 1 4 21
1380.0 4 7 1 1 2 15
1385.0 3 4 1 1 2 11
1390.0 3 4 0 0 2 9
1395.0 2 4 0 0 1 7
1400.0 2 2 0 0 0 4
1405.0 3 2 0 1 0 6
1410.0 3 2 0 1 0 6
1415.0 4 2 0 1 0 7
1420.0 3 2 0 1 0 6
1425.0 2 2 0 1 0 5
1430.0 1 1 0 1 0 3
1435.0 0 1 0 1 0 2
