5.0 0 0 0 0 0 0
10.0 0 0 0 0 0 0
15.0 0 0 0 0 0 0
20.0 0 0 0 0 0 0
25.0 0 0 0 0 0 0
30.0 0 0 0 0 0 0
35.0 0 0 0 0 0 0
40.0 0 0 0 0 0 0
45.0 0 0 0 0 0 0
50.0 0 0 0 0 0 0
55.0 0 0 0 0 0 0
60.0 0 0 0 0 0 0
65.0 0 0 0 0 0 0
70.0 0 0 0 0 0 0
75.0 0 0 0 0 0 0
80.0 0 0 0 0 0 0
85.0 0 0 0 0 0 0
90.0 0 0 0 0 0 0
95.0 0 0 0 0 0 0
100.0 0 0 0 0 0 0
105.0 0 0 0 0 0 0
110.0 0 0 0 0 0 0
115.0 0 0 0 0 0 0
120.0 0 0 0 0 0 0
125.0 0 0 0 0 0 0
130.0 0 0 0 0 0 0
135.0 0 0 0 0 0 0
140.0 0 0 0 0 0 0
145.0 0 0 0 0 0 0
150.0 0 0 0 0 0 0
155.0 0 0 0 0 0 0
160.0 0 0 0 0 0 0
165.0 0 0 0 0 0 0
170.0 0 0 0 0 0 0
175.0 0 0 0 0 0 0
180.0 0 0 0 0 0 0
185.0 0 0 0 0 0 0
190.0 0 0 0 0 0 0
195.0 0 0 0 0 0 0
200.0 0 0 0 0 0 0
205.0 0 0 0 0 0 0
210.0 0 0 0 0 0 0
215.0 0 0 0 0 0 0
220.0 0 0 0 0 0 0
225.0 0 0 0 0 0 0
230.0 0 0 0 0 0 0
235.0 0 0 0 0 0 0
240.0 0 0 0 0 0 0
245.0 0 0 1 0 0 1
250.0 0 1 1 0 0 2
255.0 0 1 1 0 0 2
260.0 0 1 1 0 0 2
265.0 1 1 0 0 0 2
270.0 1 1 0 0 0 2
275.0 1 0 0 0 0 1
280.0 1 0 0 0 1 2
285.0 1 0 0 0 1 2
290.0 1 0 1 0 1 3
295.0 1 0 4 0 1 6
300.0 1 0 4 0 1 6
305.0 1 0 4 0 2 7
310.0 1 0 4 0 1 6
315.0 1 0 5 0 1 7
320.0 1 1 4 1 1 8
325.0 0 2 6 1 1 10
330.0 0 3 6 2 1 12
335.0 1 3 5 2 1 12
340.0 2 3 5 2 2 14
345.0 2 3 6 2 2 15
350.0 2 2 5 2 2 13
355.0 1 1 4 3 4 13
360.0 1 2 4 3 5 15
365.0 2 3 5 2 5 17
370.0 5 3 7 2 5 22
375.0 5 3 8 2 3 21
380.0 9 2 9 1 3 24
385.0 10 5 8 2 3 28
390.0 10 8 9 3 3 33
395.0 12 9 9 6 4 40
400.0 11 12 11 5 4 43
405.0 14 13 14 5 5 51
410.0 15 12 13 7 4 51
415.0 16 10 15 7 4 52
420.0 18 11 16 8 4 57
425.0 18 16 18 9 5 66
430.0 22 16 18 8 8 72
435.0 23 23 23 9 8 86
440.0 22 25 26 15 9 97
445.0 23 25 27 19 11 105
450.0 23 28 30 18 12 111
455.0 25 30 31 18 14 118
460.0 32 33 30 22 16 133
465.0 41 34 40 19 15 149
470.0 46 35 45 23 18 167
475.0 51 40 45 22 20 178
480.0 56 44 47 24 21 192
485.0 59 47 60 24 20 210
490.0 65 52 68 24 21 230
495.0 59 61 76 30 24 250
500.0 59 66 86 34 25 270
505.0 57 66 98 33 23 277
510.0 63 74 102 36 25 300
515.0 71 86 106 39 29 331
520.0 69 89 108 45 33 344
525.0 69 91 113 42 35 350
530.0 75 103 106 42 38 364
535.0 87 99 104 45 39 374
540.0 88 102 100 49 39 378
545.0 88 109 110 51 41 399
550.0 98 117 116 52 46 429
555.0 98 126 124 60 50 458
560.0 98 118 139 66 54 475
565.0 95 114 142 73 50 474
570.0 93 117 142 77 54 483
575.0 107 120 147 74 56 504
580.0 115 124 153 80 54 526
585.0 114 126 171 81 55 547
590.0 113 121 175 83 57 549
595.0 116 121 172 80 59 548
600.0 116 124 174 74 66 554
605.0 122 125 177 70 70 564
610.0 118 131 169 73 67 558
615.0 118 142 164 76 67 567
620.0 122 135 173 81 67 578
625.0 126 138 168 80 67 579
630.0 121 130 175 76 68 570
635.0 122 132 166 79 67 566
640.0 141 136 162 75 67 581
645.0 126 135 176 74 67 578
650.0 122 148 171 70 67 578
655.0 117 145 183 68 69 582
660.0 112 144 185 75 66 582
665.0 111 147 183 67 64 572
670.0 118 140 176 64 70 568
675.0 113 137 167 72 67 556
680.0 122 130 166 73 67 558
685.0 126 123 154 75 64 542
690.0 124 129 146 70 66 535
695.0 124 129 156 69 64 542
700.0 119 129 146 65 65 524
705.0 119 130 134 64 66 513
710.0 104 126 140 69 66 505
715.0 107 109 136 72 62 486
720.0 96 104 133 72 56 461
725.0 84 106 124 70 55 439
730.0 87 108 125 62 56 438
735.0 89 101 124 62 59 435
740.0 104 99 122 58 61 444
745.0 102 94 110 61 59 426
750.0 96 98 104 64 57 419
755.0 100 99 109 56 59 423
760.0 92 93 119 54 58 416
765.0 89 87 127 54 56 413
770.0 90 93 133 49 56 421
775.0 87 96 137 48 54 422
780.0 87 89 136 53 54 419
785.0 92 89 129 57 52 419
790.0 91 91 127 57 52 418
795.0 94 94 123 54 50 415
800.0 95 96 122 50 48 411
805.0 103 100 116 47 46 412
810.0 100 105 128 49 44 426
815.0 97 111 128 49 43 428
820.0 97 111 123 54 45 430
825.0 95 108 133 60 46 442
830.0 92 99 130 62 46 429
835.0 89 99 129 60 45 422
840.0 92 84 131 61 44 412
845.0 97 93 120 61 40 411
850.0 97 93 124 59 45 418
855.0 104 96 122 57 45 424
860.0 103 99 125 57 45 429
865.0 108 103 132 54 44 441
870.0 103 107 132 59 40 441
875.0 98 111 132 60 39 440
880.0 101 113 132 66 41 453
885.0 89 118 147 69 43 466
890.0 97 116 146 72 41 472
895.0 103 122 141 76 42 484
900.0 102 130 142 76 42 492
905.0 112 136 160 71 44 523
910.0 116 138 162 66 44 526
915.0 116 137 159 62 44 518
920.0 112 132 154 56 49 503
925.0 106 131 156 62 47 502
930.0 105 135 147 70 48 505
935.0 101 137 150 70 47 505
940.0 100 127 154 70 53 504
945.0 103 124 148 66 55 496
950.0 103 126 162 66 53 510
955.0 109 131 154 59 58 511
960.0 102 128 155 62 63 510
965.0 92 135 150 65 62 504
970.0 90 127 156 71 67 511
975.0 95 129 164 71 67 526
980.0 96 125 163 66 72 522
985.0 104 139 160 61 74 538
990.0 114 137 149 63 69 532
995.0 118 135 160 69 64 546
1000.0 127 132 156 66 61 542
1005.0 124 131 161 67 60 543
1010.0 122 130 159 67 56 534
1015.0 125 123 154 59 51 512
1020.0 111 127 157 62 48 505
1025.0 109 131 159 65 50 514
1030.0 114 131 162 61 49 517
1035.0 124 128 166 68 45 531
1040.0 124 135 158 62 46 525
1045.0 133 138 155 66 46 538
1050.0 129 142 156 68 45 540
1055.0 135 136 157 72 45 545
1060.0 137 129 170 75 49 560
1065.0 133 130 175 72 52 562
1070.0 128 128 182 81 52 571
1075.0 129 133 189 74 49 574
1080.0 133 143 183 72 49 580
1085.0 136 147 179 73 50 585
1090.0 142 147 173 80 55 597
1095.0 133 153 165 90 56 597
1100.0 131 159 164 92 56 602
1105.0 130 158 164 94 54 600
1110.0 126 160 166 91 60 603
1115.0 134 166 166 87 63 616
1120.0 137 169 169 86 64 625
1125.0 133 182 161 87 69 632
1130.0 130 176 149 93 67 615
1135.0 124 179 151 95 69 618
1140.0 127 153 157 95 66 598
1145.0 132 148 158 97 69 604
1150.0 131 160 167 90 68 616
1155.0 124 164 165 97 69 619
1160.0 135 157 156 84 69 601
1165.0 137 155 158 75 70 595
1170.0 138 150 155 65 64 572
1175.0 128 143 164 70 62 567
1180.0 121 143 167 79 61 571
1185.0 127 138 168 70 62 565
1190.0 116 146 148 70 63 543
1195.0 106 143 145 72 65 531
1200.0 98 135 140 73 66 512
1205.0 102 134 139 64 61 500
1210.0 97 135 134 62 58 486
1215.0 96 126 127 55 61 465
1220.0 91 131 125 51 52 450
1225.0 77 114 124 53 49 417
1230.0 69 105 119 53 51 397
1235.0 71 99 108 51 47 376
1240.0 64 94 100 44 44 346
1245.0 61 86 101 39 43 330
1250.0 53 75 90 30 38 286
1255.0 55 67 85 29 34 270
1260.0 48 65 80 23 31 247
1265.0 40 62 78 22 24 226
1270.0 32 58 78 23 21 212
1275.0 35 56 69 21 20 201
1280.0 33 47 59 25 16 180
1285.0 27 41 51 21 16 156
1290.0 23 38 49 20 12 142
1295.0 24 34 47 18 11 134
1300.0 20 32 43 17 10 122
1305.0 23 27 36 14 10 110
1310.0 18 25 34 14 7 98
1315.0 16 22 29 13 7 87
1320.0 14 15 27 13 7 76
1325.0 11 12 26 13 7 69
1330.0 7 8 27 12 6 60
1335.0 6 2 25 12 4 49
1340.0 7 3 23 9 4 46
1345.0 10 2 22 6 3 43
1350.0 12 2 15 5 3 37
1355.0 10 2 13 5 3 33
1360.0 9 2 14 4 1 30
1365.0 7 3 13 3 1 27
1370.0 4 2 9 2 1 18
1375.0 3 1 8 2 1 15
1380.0 2 2 5 2 1 12
1385.0 2 2 4 2 0 10
1390.0 1 2 4 2 0 9
1395.0 0 4 3 2 0 9
1400.0 1 4 3 2 0 10
1405.0 1 4 3 2 0 10
1410.0 1 3 2 2 0 8
1415.0 1 3 0 2 0 6
1420.0 2 2 1 2 0 7
1425.0 2 2 1 1 0 6
1430.0 3 2 1 1 0 7
1435.0 4 2 1 0 0 7
