5.0 0 0 0 0 0 0
10.0 0 0 0 0 0 0
15.0 0 0 0 0 0 0
20.0 0 0 0 0 0 0
25.0 0 0 0 0 0 0
30.0 0 0 0 0 0 0
35.0 0 0 0 0 0 0
40.0 0 0 0 0 0 0
45.0 0 0 0 0 0 0
50.0 0 0 0 0 0 0
55.0 0 0 0 0 0 0
60.0 0 0 0 0 0 0
65.0 0 0 0 0 0 0
70.0 0 0 0 0 0 0
75.0 0 0 0 0 0 0
80.0 0 0 0 0 0 0
85.0 0 0 0 0 0 0
90.0 0 0 0 0 0 0
95.0 0 0 0 0 0 0
100.0 0 0 0 0 0 0
105.0 0 0 0 0 0 0
110.0 0 0 0 0 0 0
115.0 0 0 0 0 0 0
120.0 0 0 0 0 0 0
125.0 0 0 0 0 0 0
130.0 0 0 0 0 0 0
135.0 0 0 0 0 0 0
140.0 0 0 0 0 0 0
145.0 0 0 0 0 0 0
150.0 0 0 0 0 0 0
155.0 0 0 0 0 0 0
160.0 0 0 0 0 0 0
165.0 0 0 0 0 0 0
170.0 0 0 0 0 0 0
175.0 0 0 0 0 0 0
180.0 0 0 0 0 0 0
185.0 0 0 0 0 0 0
190.0 0 0 0 0 0 0
195.0 0 0 0 0 0 0
200.0 0 0 0 0 0 0
205.0 0 0 0 0 0 0
210.0 0 0 0 0 0 0
215.0 0 0 0 0 0 0
220.0 0 0 0 0 0 0
225.0 0 0 0 0 0 0
230.0 0 0 0 0 0 0
235.0 0 0 0 0 0 0
240.0 0 0 0 0 0 0
245.0 0 0 0 0 0 0
250.0 0 0 0 0 0 0
255.0 0 0 0 0 0 0
260.0 0 0 0 0 0 0
265.0 0 0 0 0 0 0
270.0 0 0 0 0 0 0
275.0 0 0 0 0 0 0
280.0 0 0 0 0 0 0
285.0 0 0 0 0 0 0
290.0 0 0 0 0 0 0
295.0 0 0 0 0 0 0
300.0 0 0 0 0 0 0
305.0 0 0 0 0 0 0
310.0 0 0 0 0 0 0
315.0 0 0 0 0 0 0
320.0 0 0 0 0 0 0
325.0 0 0 0 0 0 0
330.0 0 0 0 0 0 0
335.0 0 0 0 0 0 0
340.0 0 0 0 0 0 0
345.0 0 0 0 0 0 0
350.0 0 0 0 0 0 0
355.0 0 0 0 0 0 0
360.0 0 0 0 0 0 0
365.0 0 0 0 0 0 0
370.0 0 0 0 0 0 0
375.0 0 0 0 0 0 0
380.0 0 0 0 0 0 0
385.0 0 0 0 0 0 0
390.0 0 0 0 0 0 0
395.0 0 0 0 0 0 0
400.0 0 0 0 0 0 0
405.0 0 0 0 0 0 0
410.0 0 0 0 0 0 0
415.0 0 0 0 0 0 0
420.0 0 0 0 0 0 0
425.0 0 0 0 0 0 0
430.0 0 0 0 0 0 0
435.0 0 0 0 0 0 0
440.0 0 0 0 0 0 0
445.0 0 0 0 0 0 0
450.0 0 0 0 0 0 0
455.0 1 0 0 0 0 1
460.0 1 0 0 0 0 1
465.0 1 0 0 0 0 1
470.0 1 0 0 0 0 1
475.0 1 1 1 0 0 3
480.0 1 1 1 0 0 3
485.0 1 1 1 0 0 3
490.0 1 1 1 0 0 3
495.0 0 2 1 0 0 3
500.0 0 2 0 0 0 2
505.0 0 2 1 0 0 3
510.0 0 3 1 0 0 4
515.0 0 3 1 0 0 4
520.0 0 3 2 0 0 5
525.0 1 3 2 0 0 6
530.0 1 5 2 0 0 8
535.0 1 6 2 0 0 9
540.0 1 5 3 0 0 9
545.0 0 5 3 1 0 9
550.0 1 5 3 1 0 10
555.0 1 4 4 1 1 11
560.0 1 4 4 2 1 12
565.0 1 3 4 1 1 10
570.0 1 3 3 0 1 8
575.0 1 3 4 0 0 8
580.0 1 2 3 0 0 6
585.0 0 1 3 0 1 5
590.0 2 0 3 0 1 6
595.0 2 1 4 0 1 8
600.0 1 2 5 1 1 10
605.0 0 2 4 1 1 8
610.0 0 2 4 0 1 7
615.0 0 3 2 0 1 6
620.0 1 4 1 1 1 8
625.0 1 4 1 1 1 8
630.0 0 3 2 1 1 7
635.0 0 4 2 2 1 9
640.0 0 5 2 1 1 9
645.0 0 4 2 1 1 8
650.0 1 5 2 1 1 10
655.0 1 4 2 1 1 9
660.0 1 3 3 1 1 9
665.0 2 3 2 0 2 9
670.0 2 4 3 1 2 12
675.0 2 4 3 1 2 12
680.0 2 5 3 1 1 12
685.0 1 5 2 1 1 10
690.0 1 5 3 1 1 11
695.0 0 5 3 1 1 10
700.0 0 5 3 1 1 10
705.0 0 4 3 1 1 9
710.0 0 4 3 1 1 9
715.0 1 3 3 1 1 9
720.0 0 2 3 2 1 8
725.0 0 2 2 2 1 7
730.0 0 3 2 1 1 7
735.0 0 3 0 1 1 5
740.0 0 3 0 1 1 5
745.0 0 3 0 1 1 5
750.0 0 2 1 1 1 5
755.0 0 1 1 2 1 5
760.0 0 1 0 1 1 3
765.0 0 1 0 1 1 3
770.0 0 0 0 2 1 3
775.0 0 0 1 2 1 4
780.0 1 0 1 2 1 5
785.0 1 0 1 1 1 4
790.0 1 1 1 1 1 5
795.0 1 1 1 1 0 4
800.0 1 1 1 1 0 4
805.0 1 0 1 1 1 4
810.0 3 0 1 2 1 7
815.0 4 0 1 2 1 8
820.0 4 0 1 2 1 8
825.0 4 0 0 2 1 7
830.0 3 1 0 2 1 7
835.0 4 1 0 1 2 8
840.0 3 1 0 1 2 7
845.0 3 1 0 1 2 7
850.0 3 2 0 1 2 8
855.0 2 2 1 0 2 7
860.0 2 3 1 0 2 8
865.0 2 3 1 0 2 8
870.0 1 2 2 0 2 7
875.0 1 2 2 0 2 7
880.0 1 2 1 0 2 6
885.0 1 2 1 0 2 6
890.0 1 3 1 0 2 7
895.0 0 3 1 1 2 7
900.0 1 3 1 1 2 8
905.0 1 2 1 1 2 7
910.0 1 3 1 1 2 8
915.0 1 3 1 1 2 8
920.0 2 5 1 1 2 11
925.0 2 7 0 1 2 12
930.0 2 6 0 1 2 11
935.0 2 7 0 1 2 12
940.0 2 6 0 1 2 11
945.0 2 7 0 1 2 12
950.0 3 5 0 3 2 13
955.0 2 5 0 4 1 12
960.0 2 5 1 3 1 12
965.0 2 4 1 3 1 11
970.0 1 4 2 2 1 10
975.0 1 4 2 2 1 10
980.0 2 3 2 2 0 9
985.0 2 3 2 2 1 10
990.0 3 2 1 2 1 9
995.0 3 3 1 2 1 10
1000.0 3 4 1 1 1 10
1005.0 3 4 1 1 1 10
1010.0 3 3 1 1 1 9
1015.0 1 3 1 1 1 7
1020.0 2 3 1 0 1 7
1025.0 1 3 2 0 1 7
1030.0 1 3 3 0 1 8
1035.0 1 3 3 0 1 8
1040.0 1 2 3 0 1 7
1045.0 1 1 4 0 1 7
1050.0 1 1 4 0 1 7
1055.0 2 2 3 0 0 7
1060.0 3 1 2 0 0 6
1065.0 3 1 2 0 0 6
1070.0 3 1 1 0 0 5
1075.0 4 0 1 0 0 5
1080.0 5 1 3 0 0 9
1085.0 5 1 4 0 0 10
1090.0 3 2 4 0 0 9
1095.0 1 2 2 1 0 6
1100.0 1 1 2 1 0 5
1105.0 1 0 2 1 0 4
1110.0 1 0 2 0 0 3
1115.0 2 0 3 0 0 5
1120.0 2 0 4 0 0 6
1125.0 2 0 3 0 0 5
1130.0 2 0 4 0 0 6
1135.0 2 1 3 0 0 6
1140.0 3 1 2 0 0 6
1145.0 2 1 3 0 0 6
1150.0 2 1 3 0 0 6
1155.0 2 1 3 0 0 6
1160.0 2 0 2 0 0 4
1165.0 2 0 2 0 0 4
1170.0 1 0 2 0 0 3
1175.0 0 0 2 0 0 2
1180.0 0 0 0 0 0 0
1185.0 0 0 0 1 0 1
1190.0 0 0 0 1 0 1
1195.0 0 1 0 2 0 3
1200.0 1 1 0 1 0 3
1205.0 1 1 0 1 0 3
1210.0 1 1 1 1 0 4
1215.0 1 1 0 0 0 2
1220.0 0 1 0 1 0 2
1225.0 0 1 0 1 0 2
1230.0 1 1 0 1 0 3
1235.0 1 1 0 1 0 3
1240.0 1 1 1 1 0 4
1245.0 0 1 2 1 0 4
1250.0 0 1 2 1 0 4
1255.0 0 1 2 2 0 5
1260.0 0 2 2 1 0 5
1265.0 0 2 1 2 0 5
1270.0 0 2 1 2 0 5
1275.0 0 2 1 2 0 5
1280.0 0 2 1 1 0 4
1285.0 0 2 1 1 0 4
1290.0 0 1 1 1 0 3
1295.0 0 1 1 1 0 3
1300.0 0 0 1 0 0 1
1305.0 0 0 2 0 0 2
1310.0 0 0 2 0 0 2
1315.0 0 0 2 0 0 2
1320.0 0 0 2 0 0 2
1325.0 0 0 2 0 0 2
1330.0 0 0 2 0 0 2
1335.0 0 0 1 0 0 1
1340.0 0 0 1 0 0 1
1345.0 0 0 1 0 0 1
1350.0 0 0 0 0 0 0
1355.0 0 0 0 0 0 0
1360.0 0 1 0 0 0 1
1365.0 0 1 0 0 0 1
1370.0 0 1 0 0 0 1
1375.0 0 1 0 0 0 1
1380.0 1 0 0 0 0 1
1385.0 1 0 0 0 0 1
1390.0 1 0 0 0 0 1
1395.0 1 0 0 0 0 1
1400.0 1 0 0 0 0 1
1405.0 1 0 0 0 0 1
1410.0 0 0 0 0 0 0
1415.0 0 0 0 0 0 0
1420.0 0 0 0 0 0 0
1425.0 0 0 0 0 0 0
1430.0 0 0 0 0 0 0
1435.0 0 0 0 0 0 0
