5.0 0 0 0 0 0 0
10.0 0 0 0 0 0 0
15.0 0 0 0 0 0 0
20.0 0 0 0 0 0 0
25.0 0 0 0 0 0 0
30.0 0 0 0 0 0 0
35.0 0 0 0 0 0 0
40.0 0 0 0 0 0 0
45.0 0 0 0 0 0 0
50.0 0 0 0 0 0 0
55.0 0 0 0 0 0 0
60.0 0 0 0 0 0 0
65.0 0 0 0 0 0 0
70.0 0 0 0 0 0 0
75.0 0 0 0 0 0 0
80.0 0 0 0 0 0 0
85.0 0 0 0 0 0 0
90.0 0 0 0 0 0 0
95.0 0 0 0 0 0 0
100.0 0 0 0 0 0 0
105.0 0 0 0 0 0 0
110.0 0 0 0 0 0 0
115.0 0 0 0 0 0 0
120.0 0 0 0 0 0 0
125.0 0 0 0 0 0 0
130.0 0 0 0 0 0 0
135.0 0 0 0 0 0 0
140.0 0 0 0 0 0 0
145.0 0 0 0 0 0 0
150.0 0 0 0 0 0 0
155.0 0 0 0 0 0 0
160.0 0 0 0 0 0 0
165.0 0 0 0 0 0 0
170.0 0 0 0 0 0 0
175.0 0 0 0 0 0 0
180.0 0 0 0 0 0 0
185.0 0 0 0 0 0 0
190.0 0 0 0 0 0 0
195.0 0 0 0 0 0 0
200.0 0 0 0 0 0 0
205.0 0 0 0 0 0 0
210.0 0 0 0 0 0 0
215.0 0 0 0 0 0 0
220.0 0 0 0 0 0 0
225.0 0 0 0 0 0 0
230.0 0 0 0 0 0 0
235.0 0 0 0 0 0 0
240.0 0 0 0 0 0 0
245.0 0 0 0 0 0 0
250.0 0 0 0 0 0 0
255.0 0 0 0 0 0 0
260.0 0 0 0 0 0 0
265.0 0 0 0 0 0 0
270.0 0 0 0 0 0 0
275.0 0 0 0 0 0 0
280.0 0 0 0 0 0 0
285.0 0 0 0 0 0 0
290.0 0 0 0 0 0 0
295.0 0 0 0 0 0 0
300.0 0 0 0 0 0 0
305.0 0 0 0 0 0 0
310.0 0 0 0 0 0 0
315.0 0 0 0 0 0 0
320.0 0 0 0 0 0 0
325.0 0 0 0 0 0 0
330.0 0 0 0 0 0 0
335.0 0 0 0 0 0 0
340.0 0 0 0 0 0 0
345.0 0 0 0 0 0 0
350.0 0 0 0 0 0 0
355.0 0 0 0 0 0 0
360.0 0 0 0 0 0 0
365.0 0 0 0 0 0 0
370.0 0 0 0 0 0 0
375.0 0 0 0 0 0 0
380.0 0 0 0 0 0 0
385.0 0 0 0 0 0 0
390.0 0 0 0 0 0 0
395.0 0 0 0 0 0 0
400.0 0 1 0 0 0 1
405.0 0 1 0 0 0 1
410.0 0 1 0 0 0 1
415.0 1 0 0 0 0 1
420.0 1 0 0 0 0 1
425.0 1 0 0 0 0 1
430.0 1 0 0 0 0 1
435.0 1 0 0 0 0 1
440.0 1 0 0 0 0 1
445.0 1 0 0 0 0 1
450.0 1 1 0 0 0 2
455.0 1 1 0 0 0 2
460.0 1 2 0 0 0 3
465.0 1 2 0 0 0 3
470.0 1 3 0 0 0 4
475.0 1 3 0 0 0 4
480.0 1 1 0 0 0 2
485.0 1 2 0 0 0 3
490.0 1 2 0 1 0 4
495.0 1 2 0 1 0 4
500.0 1 3 1 1 1 7
505.0 0 4 1 1 1 7
510.0 0 4 1 1 1 7
515.0 0 4 1 1 1 7
520.0 0 4 1 1 1 7
525.0 0 5 1 1 0 7
530.0 0 5 1 1 0 7
535.0 1 3 1 1 1 7
540.0 1 3 1 1 1 7
545.0 2 2 2 0 2 8
550.0 1 1 3 0 1 6
555.0 2 1 3 0 1 7
560.0 2 1 2 0 0 5
565.0 2 3 2 0 0 7
570.0 2 3 3 0 0 8
575.0 2 4 3 0 0 9
580.0 1 3 3 1 0 8
585.0 1 4 2 1 0 8
590.0 1 4 2 1 0 8
595.0 1 5 2 1 0 9
600.0 2 5 1 0 0 8
605.0 1 5 1 1 1 9
610.0 1 5 1 1 1 9
615.0 0 6 0 2 1 9
620.0 0 5 0 1 1 7
625.0 0 5 0 1 1 7
630.0 0 5 0 1 1 7
635.0 0 5 0 1 2 8
640.0 1 3 1 1 2 8
645.0 1 4 2 0 2 9
650.0 1 4 4 0 2 11
655.0 1 4 3 0 2 10
660.0 1 3 3 0 1 8
665.0 1 3 1 0 1 6
670.0 1 3 1 0 1 6
675.0 1 4 0 1 1 7
680.0 1 3 1 1 1 7
685.0 1 4 2 0 1 8
690.0 1 4 2 0 1 8
695.0 1 3 3 0 1 8
700.0 1 2 2 1 1 7
705.0 1 2 3 1 1 8
710.0 1 2 3 1 1 8
715.0 0 2 3 0 1 6
720.0 0 1 3 0 1 5
725.0 0 1 3 0 1 5
730.0 1 1 3 0 1 6
735.0 1 2 4 0 1 8
740.0 1 3 4 0 1 9
745.0 1 2 3 0 1 7
750.0 1 2 3 0 1 7
755.0 1 2 3 0 1 7
760.0 1 2 3 0 1 7
765.0 1 2 2 0 1 6
770.0 1 2 2 0 1 6
775.0 3 0 3 1 1 8
780.0 3 0 1 1 1 6
785.0 3 0 1 1 1 6
790.0 3 1 1 1 1 7
795.0 3 1 1 1 1 7
800.0 4 1 1 1 1 8
805.0 3 1 1 2 1 8
810.0 2 1 1 2 1 7
815.0 1 1 1 2 1 6
820.0 1 1 1 2 1 6
825.0 1 1 1 2 2 7
830.0 1 1 1 1 2 6
835.0 0 1 2 1 2 6
840.0 1 1 2 0 2 6
845.0 1 1 1 1 3 7
850.0 1 1 2 1 3 8
855.0 2 1 3 0 3 9
860.0 2 2 3 1 3 11
865.0 2 3 2 1 2 10
870.0 3 3 2 0 2 10
875.0 2 2 3 0 2 9
880.0 2 3 3 0 1 9
885.0 2 3 2 1 1 9
890.0 1 4 2 1 1 9
895.0 2 3 3 1 2 11
900.0 2 2 5 2 2 13
905.0 3 2 5 2 1 13
910.0 3 3 3 2 1 12
915.0 3 3 2 1 1 10
920.0 4 3 2 2 1 12
925.0 3 3 2 2 0 10
930.0 3 3 2 2 0 10
935.0 4 4 3 1 0 12
940.0 3 3 4 2 0 12
945.0 3 3 4 1 0 11
950.0 2 3 2 1 0 8
955.0 1 3 3 2 0 9
960.0 1 2 5 2 0 10
965.0 1 2 5 2 0 10
970.0 1 0 6 2 0 9
975.0 2 2 4 2 0 10
980.0 1 2 4 2 0 9
985.0 2 2 4 1 0 9
990.0 1 2 4 0 0 7
995.0 1 3 4 0 0 8
1000.0 1 4 4 0 0 9
1005.0 1 5 4 0 0 10
1010.0 3 3 3 0 0 9
1015.0 2 3 3 1 0 9
1020.0 1 3 5 1 0 10
1025.0 1 3 5 1 0 10
1030.0 1 3 4 1 0 9
1035.0 1 2 5 1 0 9
1040.0 1 2 4 1 0 8
1045.0 1 2 4 1 0 8
1050.0 1 1 4 0 0 6
1055.0 0 1 4 0 0 5
1060.0 0 1 5 0 0 6
1065.0 1 3 4 0 0 8
1070.0 1 3 5 0 0 9
1075.0 1 1 4 0 0 6
1080.0 0 1 3 1 0 5
1085.0 0 2 3 1 0 6
1090.0 0 3 2 1 0 6
1095.0 0 3 3 1 0 7
1100.0 0 3 3 1 0 7
1105.0 0 3 3 2 1 9
1110.0 0 2 3 2 1 8
1115.0 0 4 2 2 1 9
1120.0 0 4 2 2 1 9
1125.0 2 4 1 2 2 11
1130.0 1 3 2 1 2 9
1135.0 1 3 2 0 2 8
1140.0 1 3 3 0 2 9
1145.0 0 1 3 1 1 6
1150.0 2 1 3 1 1 8
1155.0 2 1 3 1 1 8
1160.0 2 2 3 1 1 9
1165.0 3 2 3 1 1 10
1170.0 3 2 3 2 1 11
1175.0 4 3 3 0 1 11
1180.0 3 4 2 0 1 10
1185.0 3 4 2 0 1 10
1190.0 3 4 1 0 2 10
1195.0 3 5 0 0 2 10
1200.0 3 6 0 0 2 11
1205.0 3 4 1 1 1 10
1210.0 2 4 1 1 1 9
1215.0 2 2 0 0 1 5
1220.0 2 2 0 0 1 5
1225.0 3 2 0 0 0 5
1230.0 2 2 0 1 0 5
1235.0 3 1 0 1 0 5
1240.0 2 1 0 1 0 4
1245.0 2 1 0 0 0 3
1250.0 2 1 0 0 0 3
1255.0 1 1 0 0 0 2
1260.0 1 2 0 0 0 3
1265.0 1 2 0 0 0 3
1270.0 1 2 0 0 0 3
1275.0 1 2 0 0 0 3
1280.0 1 2 1 0 0 4
1285.0 0 2 2 0 0 4
1290.0 0 1 1 0 0 2
1295.0 0 1 1 0 0 2
1300.0 0 1 1 0 0 2
1305.0 0 1 1 0 0 2
1310.0 0 1 1 0 0 2
1315.0 0 1 1 0 0 2
1320.0 0 1 1 0 0 2
1325.0 1 1 0 0 0 2
1330.0 1 1 0 0 0 2
1335.0 1 0 0 0 0 1
1340.0 1 0 0 0 0 1
1345.0 0 0 1 0 0 1
1350.0 0 0 1 0 0 1
1355.0 0 0 0 0 0 0
1360.0 0 0 0 0 0 0
1365.0 0 0 0 0 0 0
1370.0 0 0 0 0 0 0
1375.0 0 0 0 0 0 0
1380.0 0 0 0 0 0 0
1385.0 0 0 0 0 0 0
1390.0 0 0 0 0 0 0
1395.0 0 0 0 0 0 0
1400.0 0 0 0 0 0 0
1405.0 0 0 0 0 0 0
1410.0 0 0 0 0 0 0
1415.0 0 0 0 0 0 0
1420.0 0 0 0 0 0 0
1425.0 0 0 0 0 0 0
1430.0 0 0 0 0 0 0
1435.0 0 0 0 0 0 0
