5.0 0 0 0 0 0 0
10.0 0 0 0 0 0 0
15.0 0 0 0 0 0 0
20.0 0 0 0 0 0 0
25.0 0 0 0 0 0 0
30.0 0 0 0 0 0 0
35.0 0 0 0 0 0 0
40.0 0 0 0 0 0 0
45.0 0 0 0 0 0 0
50.0 0 0 0 0 0 0
55.0 0 0 0 0 0 0
60.0 0 0 0 0 0 0
65.0 0 0 0 0 0 0
70.0 0 0 0 0 0 0
75.0 0 0 0 0 0 0
80.0 0 0 0 0 0 0
85.0 0 0 0 0 0 0
90.0 0 0 0 0 0 0
95.0 0 0 0 0 0 0
100.0 0 0 0 0 0 0
105.0 0 0 0 0 0 0
110.0 0 0 0 0 0 0
115.0 0 0 0 0 0 0
120.0 0 0 0 0 0 0
125.0 0 0 0 0 0 0
130.0 0 0 0 0 0 0
135.0 0 0 0 0 0 0
140.0 0 0 0 0 0 0
145.0 0 0 0 0 0 0
150.0 0 0 0 0 0 0
155.0 0 0 0 0 0 0
160.0 0 0 0 0 0 0
165.0 0 0 0 0 0 0
170.0 0 0 0 0 0 0
175.0 0 0 0 0 0 0
180.0 0 0 0 0 0 0
185.0 0 0 0 0 0 0
190.0 0 0 0 0 0 0
195.0 0 0 0 0 0 0
200.0 0 0 0 0 0 0
205.0 0 0 0 0 0 0
210.0 0 0 0 0 0 0
215.0 0 0 0 0 0 0
220.0 0 0 0 0 0 0
225.0 0 0 0 0 0 0
230.0 0 0 0 0 0 0
235.0 0 0 0 0 0 0
240.0 0 0 0 0 0 0
245.0 0 0 0 0 0 0
250.0 0 0 0 0 0 0
255.0 0 0 0 0 0 0
260.0 0 0 0 0 0 0
265.0 0 0 0 0 0 0
270.0 0 0 0 0 0 0
275.0 0 0 0 0 0 0
280.0 0 0 0 0 0 0
285.0 0 0 0 0 0 0
290.0 0 0 0 0 0 0
295.0 0 0 0 0 0 0
300.0 0 0 0 0 0 0
305.0 0 0 0 0 0 0
310.0 0 0 0 0 0 0
315.0 0 0 0 0 0 0
320.0 0 1 0 0 0 1
325.0 0 1 0 0 0 1
330.0 0 2 0 0 0 2
335.0 0 2 0 0 0 2
340.0 0 2 0 0 0 2
345.0 0 2 0 0 0 2
350.0 0 2 0 0 0 2
355.0 0 2 0 0 0 2
360.0 1 2 0 0 0 3
365.0 1 2 0 0 0 3
370.0 1 2 0 0 0 3
375.0 1 1 0 0 0 2
380.0 1 1 0 0 0 2
385.0 1 1 0 0 0 2
390.0 1 1 0 0 0 2
395.0 1 1 0 0 0 2
400.0 1 0 0 0 1 2
405.0 1 0 0 0 1 2
410.0 1 0 0 0 0 1
415.0 1 0 0 1 0 2
420.0 2 1 0 1 0 4
425.0 3 3 1 2 0 9
430.0 3 3 2 2 0 10
435.0 3 3 3 2 0 11
440.0 4 3 3 2 0 12
445.0 3 3 3 3 0 12
450.0 2 2 3 3 0 10
455.0 3 1 3 3 1 11
460.0 2 1 3 4 1 11
465.0 3 2 3 2 1 11
470.0 3 4 3 2 1 13
475.0 3 4 2 3 1 13
480.0 3 6 2 3 1 15
485.0 4 6 3 2 3 18
490.0 2 6 5 2 3 18
495.0 4 4 5 1 4 18
500.0 5 4 8 0 4 21
505.0 5 4 7 0 5 21
510.0 5 4 8 2 5 24
515.0 6 4 7 2 6 25
520.0 5 6 7 3 6 27
525.0 6 6 7 2 6 27
530.0 6 8 7 2 6 29
535.0 7 7 6 2 6 28
540.0 7 7 7 2 6 29
545.0 8 6 7 4 6 31
550.0 8 7 9 4 7 35
555.0 10 7 9 5 7 38
560.0 8 6 9 5 6 34
565.0 10 4 9 4 6 33
570.0 9 5 10 3 6 33
575.0 8 5 10 4 4 31
580.0 7 6 10 6 4 33
585.0 7 7 8 6 3 31
590.0 9 10 11 6 2 38
595.0 10 9 11 8 1 39
600.0 9 9 10 10 1 39
605.0 9 9 9 9 1 37
610.0 9 8 8 9 2 36
615.0 9 9 7 9 2 36
620.0 11 11 8 6 3 39
625.0 12 12 9 5 5 43
630.0 10 10 9 6 5 40
635.0 10 11 7 7 6 41
640.0 9 12 8 6 6 41
645.0 9 10 7 6 6 38
650.0 8 8 7 5 7 35
655.0 9 8 12 3 6 38
660.0 12 6 12 3 5 38
665.0 12 8 11 4 5 40
670.0 11 8 9 4 6 38
675.0 9 6 9 6 6 36
680.0 10 6 7 7 5 35
685.0 9 9 5 7 6 36
690.0 6 8 4 7 6 31
695.0 6 7 6 6 6 31
700.0 8 7 7 4 5 31
705.0 7 6 8 5 6 32
710.0 5 7 8 5 7 32
715.0 5 6 7 3 6 27
720.0 6 6 7 4 5 28
725.0 3 6 6 4 5 24
730.0 6 5 5 5 5 26
735.0 6 5 6 6 5 28
740.0 5 3 7 6 5 26
745.0 1 5 10 7 4 27
750.0 2 6 10 5 3 26
755.0 2 5 8 6 3 24
760.0 2 5 7 6 3 23
765.0 2 6 7 7 4 26
770.0 4 5 4 8 4 25
775.0 4 8 3 7 4 26
780.0 4 9 4 8 4 29
785.0 4 7 4 8 4 27
790.0 5 10 4 7 4 30
795.0 5 10 6 4 3 28
800.0 6 9 6 3 2 26
805.0 6 9 6 2 3 26
810.0 3 9 7 4 2 25
815.0 2 8 10 4 2 26
820.0 5 7 10 2 2 26
825.0 4 7 8 2 0 21
830.0 5 5 9 3 1 23
835.0 5 6 7 3 1 22
840.0 7 6 5 3 2 23
845.0 6 6 8 3 2 25
850.0 6 6 8 3 2 25
855.0 7 7 8 3 2 27
860.0 8 8 9 5 3 33
865.0 11 6 8 5 3 33
870.0 8 6 7 7 5 33
875.0 8 6 8 7 5 34
880.0 5 6 10 5 6 32
885.0 5 6 10 6 6 33
890.0 5 5 11 7 5 33
895.0 6 7 12 8 4 37
900.0 5 7 15 8 4 39
905.0 6 7 17 7 4 41
910.0 4 7 15 6 3 35
915.0 7 10 13 6 4 40
920.0 6 8 13 6 4 37
925.0 9 8 12 2 5 36
930.0 10 6 11 4 5 36
935.0 12 5 10 4 5 36
940.0 14 6 8 4 6 38
945.0 12 7 8 5 6 38
950.0 12 8 10 6 4 40
955.0 10 8 12 4 4 38
960.0 8 7 12 3 3 33
965.0 6 9 11 3 2 31
970.0 5 10 11 4 2 32
975.0 6 12 11 4 3 36
980.0 4 13 10 4 2 33
985.0 4 10 11 3 3 31
990.0 5 9 11 3 3 31
995.0 5 9 10 3 4 31
1000.0 4 12 12 4 4 36
1005.0 4 11 12 6 3 36
1010.0 5 11 13 6 3 38
1015.0 6 10 14 6 3 39
1020.0 6 11 12 6 2 37
1025.0 6 11 10 6 3 36
1030.0 10 10 8 5 4 37
1035.0 9 10 5 8 4 36
1040.0 11 11 4 8 6 40
1045.0 8 10 5 8 4 35
1050.0 10 10 6 7 4 37
1055.0 10 10 6 4 5 35
1060.0 11 10 4 4 5 34
1065.0 14 12 5 3 5 39
1070.0 11 10 7 3 7 38
1075.0 11 13 5 2 8 39
1080.0 11 12 6 3 6 38
1085.0 9 12 6 3 5 35
1090.0 8 11 7 4 5 35
1095.0 6 8 12 5 5 36
1100.0 6 7 12 4 4 33
1105.0 7 8 11 4 5 35
1110.0 9 8 10 2 4 33
1115.0 9 9 8 2 5 33
1120.0 9 9 9 4 5 36
1125.0 8 8 11 6 6 39
1130.0 6 6 11 9 6 38
1135.0 7 7 9 9 5 37
1140.0 7 7 9 8 4 35
1145.0 7 7 12 5 5 36
1150.0 7 7 12 6 5 37
1155.0 5 5 14 6 3 33
1160.0 5 6 14 8 3 36
1165.0 5 5 15 8 4 37
1170.0 4 5 17 8 4 38
1175.0 3 5 17 8 4 37
1180.0 5 5 17 8 4 39
1185.0 5 5 15 7 3 35
1190.0 6 5 14 6 3 34
1195.0 8 3 15 5 3 34
1200.0 10 3 14 4 3 34
1205.0 10 4 10 4 4 32
1210.0 11 4 6 4 3 28
1215.0 9 4 7 4 3 27
1220.0 6 4 6 6 3 25
1225.0 8 3 5 7 3 26
1230.0 4 2 2 5 3 16
1235.0 2 1 2 3 3 11
1240.0 2 3 2 2 3 12
1245.0 3 3 2 3 2 13
1250.0 3 3 3 3 2 14
1255.0 3 1 4 2 2 12
1260.0 3 0 4 2 2 11
1265.0 2 1 3 2 2 10
1270.0 2 1 2 2 2 9
1275.0 2 1 2 2 2 9
1280.0 1 1 2 2 2 8
1285.0 1 1 2 2 2 8
1290.0 1 1 2 2 2 8
1295.0 1 1 2 1 2 7
1300.0 1 1 2 1 3 8
1305.0 1 1 2 1 3 8
1310.0 2 1 2 0 3 8
1315.0 1 1 0 0 3 5
1320.0 1 1 0 0 3 5
1325.0 1 1 0 0 3 5
1330.0 0 1 0 0 3 4
1335.0 0 1 0 0 3 4
1340.0 0 1 0 0 3 4
1345.0 0 1 0 0 3 4
1350.0 0 1 0 0 1 2
1355.0 0 1 0 0 0 1
1360.0 0 1 0 0 0 1
1365.0 0 1 0 0 0 1
1370.0 0 1 0 0 0 1
1375.0 0 1 0 0 0 1
1380.0 0 1 0 0 0 1
1385.0 0 1 0 0 0 1
1390.0 0 1 0 0 0 1
1395.0 0 0 0 0 0 0
1400.0 0 0 0 0 0 0
1405.0 0 0 0 0 0 0
1410.0 0 0 0 0 0 0
1415.0 0 0 0 0 0 0
1420.0 0 0 0 0 0 0
1425.0 0 0 0 0 0 0
1430.0 0 0 0 0 0 0
1435.0 0 0 0 0 0 0
