5.0 0 0 0 0 0 0
10.0 0 0 0 0 0 0
15.0 0 0 0 0 0 0
20.0 0 0 0 0 0 0
25.0 0 0 0 0 0 0
30.0 0 0 0 0 0 0
35.0 0 0 0 0 0 0
40.0 0 0 0 0 0 0
45.0 0 0 0 0 0 0
50.0 0 0 0 0 0 0
55.0 0 0 0 0 0 0
60.0 0 0 0 0 0 0
65.0 0 0 0 0 0 0
70.0 0 0 0 0 0 0
75.0 0 0 0 0 0 0
80.0 0 0 0 0 0 0
85.0 0 0 0 0 0 0
90.0 0 0 0 0 0 0
95.0 0 0 0 0 0 0
100.0 0 0 0 0 0 0
105.0 0 0 0 0 0 0
110.0 0 0 0 0 0 0
115.0 0 0 0 0 0 0
120.0 0 0 0 0 0 0
125.0 0 0 0 0 0 0
130.0 0 0 0 0 0 0
135.0 0 0 0 0 0 0
140.0 0 0 0 0 0 0
145.0 0 0 0 0 0 0
150.0 0 0 0 0 0 0
155.0 0 0 0 0 0 0
160.0 0 0 0 0 0 0
165.0 0 0 0 0 0 0
170.0 0 0 0 0 0 0
175.0 0 0 0 0 0 0
180.0 0 0 0 0 0 0
185.0 0 0 0 0 0 0
190.0 0 0 0 0 0 0
195.0 0 0 0 0 0 0
200.0 0 0 0 0 0 0
205.0 0 0 0 0 0 0
210.0 0 0 0 0 0 0
215.0 0 0 0 0 0 0
220.0 0 0 0 0 0 0
225.0 0 0 1 0 0 1
230.0 0 0 1 0 0 1
235.0 0 0 1 0 0 1
240.0 0 0 1 0 0 1
245.0 0 0 1 0 0 1
250.0 0 0 1 0 0 1
255.0 0 1 0 0 0 1
260.0 0 1 0 0 0 1
265.0 1 1 0 0 0 2
270.0 1 1 0 0 0 2
275.0 1 1 0 0 0 2
280.0 1 1 0 0 0 2
285.0 1 1 0 0 0 2
290.0 1 0 1 0 0 2
295.0 1 0 1 0 0 2
300.0 1 1 1 0 0 3
305.0 1 1 1 0 0 3
310.0 1 1 1 1 0 4
315.0 1 1 1 1 0 4
320.0 1 1 1 1 0 4
325.0 2 2 0 0 0 4
330.0 2 2 0 0 0 4
335.0 2 2 0 0 0 4
340.0 2 2 0 0 0 4
345.0 2 1 0 0 0 3
350.0 2 0 0 1 0 3
355.0 2 0 0 1 0 3
360.0 1 0 0 1 0 2
365.0 1 0 0 1 1 3
370.0 2 0 0 0 1 3
375.0 1 0 1 1 1 4
380.0 1 0 2 3 1 7
385.0 1 0 2 3 1 7
390.0 1 1 3 4 1 10
395.0 1 3 4 4 1 13
400.0 2 4 4 3 1 14
405.0 2 5 4 2 1 14
410.0 2 5 5 2 1 15
415.0 2 6 8 2 0 18
420.0 2 4 9 2 0 17
425.0 3 6 8 3 0 20
430.0 4 8 9 3 1 25
435.0 3 10 10 8 1 32
440.0 3 12 12 9 1 37
445.0 6 11 12 8 2 39
450.0 9 11 12 7 3 42
455.0 11 12 14 7 3 47
460.0 10 13 14 7 3 47
465.0 10 19 16 7 3 55
470.0 13 20 20 8 4 65
475.0 15 20 21 10 4 70
480.0 15 18 25 10 3 71
485.0 18 20 26 8 3 75
490.0 20 19 24 9 4 76
495.0 19 23 27 9 4 82
500.0 18 27 28 11 3 87
505.0 19 29 28 14 7 97
510.0 22 29 33 13 8 105
515.0 30 30 35 14 9 118
520.0 32 33 37 16 11 129
525.0 37 37 37 17 11 139
530.0 37 42 37 21 16 153
535.0 39 44 39 20 17 159
540.0 38 44 36 26 18 162
545.0 35 50 38 23 18 164
550.0 38 45 39 22 21 165
555.0 37 46 41 26 22 172
560.0 37 50 40 30 20 177
565.0 34 50 43 29 22 178
570.0 38 53 46 28 21 186
575.0 43 57 49 26 20 195
580.0 43 54 54 29 19 199
585.0 46 55 54 26 20 201
590.0 47 53 56 26 20 202
595.0 45 55 60 26 18 204
600.0 48 60 60 22 19 209
605.0 43 59 64 29 21 216
610.0 47 61 62 32 24 226
615.0 54 62 60 32 23 231
620.0 52 56 61 31 21 221
625.0 53 61 66 36 18 234
630.0 57 62 65 37 18 239
635.0 56 60 60 32 21 229
640.0 57 61 61 31 24 234
645.0 55 63 60 32 23 233
650.0 49 64 57 31 22 223
655.0 57 67 60 28 24 236
660.0 54 59 66 24 25 228
665.0 55 56 65 22 25 223
670.0 57 57 64 21 27 226
675.0 53 63 62 25 25 228
680.0 53 62 58 26 22 221
685.0 47 62 57 26 21 213
690.0 47 55 53 26 22 203
695.0 47 50 54 22 21 194
700.0 43 51 55 22 18 189
705.0 43 45 51 23 16 178
710.0 45 42 49 22 13 171
715.0 42 41 47 21 14 165
720.0 45 40 44 22 16 167
725.0 42 37 44 25 16 164
730.0 43 39 43 28 18 171
735.0 37 41 41 26 17 162
740.0 33 44 43 24 16 160
745.0 38 43 45 23 15 164
750.0 38 40 39 23 15 155
755.0 42 36 37 24 15 154
760.0 44 34 38 23 16 155
765.0 43 31 35 24 17 150
770.0 38 27 35 27 18 145
775.0 33 28 37 25 15 138
780.0 32 30 42 24 14 142
785.0 31 31 45 24 14 145
790.0 30 31 41 19 12 133
795.0 29 34 37 21 16 137
800.0 30 36 37 22 13 138
805.0 30 32 44 23 11 140
810.0 36 34 41 20 12 143
815.0 38 27 37 18 11 131
820.0 35 28 38 18 12 131
825.0 31 30 38 20 15 134
830.0 34 29 41 19 15 138
835.0 33 38 40 18 16 145
840.0 34 40 45 17 19 155
845.0 33 39 51 19 18 160
850.0 36 39 49 22 20 166
855.0 34 41 48 23 18 164
860.0 37 42 52 25 17 173
865.0 40 45 54 21 17 177
870.0 40 41 59 22 17 179
875.0 45 41 56 22 16 180
880.0 47 47 58 19 16 187
885.0 45 51 58 17 15 186
890.0 49 50 58 15 14 186
895.0 45 48 58 13 16 180
900.0 45 47 58 20 15 185
905.0 44 48 60 25 17 194
910.0 48 51 61 29 16 205
915.0 53 51 57 28 17 206
920.0 57 47 55 29 17 205
925.0 54 49 54 27 19 203
930.0 53 49 54 30 19 205
935.0 60 53 53 29 18 213
940.0 61 57 59 25 17 219
945.0 63 55 63 20 16 217
950.0 64 55 58 22 16 215
955.0 63 52 60 19 16 210
960.0 57 54 59 23 16 209
965.0 52 51 64 26 16 209
970.0 44 45 62 30 18 199
975.0 44 47 59 28 17 195
980.0 44 52 57 25 18 196
985.0 47 51 58 29 19 204
990.0 53 50 52 26 22 203
995.0 50 54 50 27 22 203
1000.0 48 56 57 28 22 211
1005.0 56 53 51 23 25 208
1010.0 49 56 53 22 23 203
1015.0 50 56 50 27 27 210
1020.0 41 53 55 29 26 204
1025.0 41 50 54 29 26 200
1030.0 43 46 54 28 30 201
1035.0 45 44 49 27 31 196
1040.0 48 46 53 34 29 210
1045.0 57 46 50 34 28 215
1050.0 58 52 59 35 27 231
1055.0 57 53 62 33 25 230
1060.0 55 59 61 33 25 233
1065.0 52 59 63 34 23 231
1070.0 47 62 60 37 24 230
1075.0 49 62 65 38 23 237
1080.0 44 64 72 37 28 245
1085.0 52 64 71 37 28 252
1090.0 55 64 71 33 29 252
1095.0 60 68 70 29 28 255
1100.0 58 67 73 29 27 254
1105.0 65 68 72 32 24 261
1110.0 66 68 76 31 25 266
1115.0 64 67 87 34 22 274
1120.0 60 67 81 35 25 268
1125.0 55 72 85 29 23 264
1130.0 53 75 87 34 22 271
1135.0 56 68 88 32 21 265
1140.0 55 74 83 30 23 265
1145.0 57 73 81 38 22 271
1150.0 59 76 80 37 21 273
1155.0 61 69 76 34 20 260
1160.0 54 71 78 30 20 253
1165.0 51 69 74 23 19 236
1170.0 51 60 70 25 24 230
1175.0 46 52 75 30 24 227
1180.0 53 46 72 26 23 220
1185.0 54 45 69 32 23 223
1190.0 51 46 71 31 22 221
1195.0 50 44 69 29 21 213
1200.0 56 41 62 29 21 209
1205.0 53 44 62 29 19 207
1210.0 55 45 58 27 19 204
1215.0 54 43 53 29 19 198
1220.0 47 41 51 31 17 187
1225.0 45 38 49 27 16 175
1230.0 44 37 46 24 13 164
1235.0 34 38 44 28 14 158
1240.0 31 36 49 28 14 158
1245.0 34 34 41 23 13 145
1250.0 39 35 36 19 12 141
1255.0 39 33 37 15 9 133
1260.0 34 32 32 14 8 120
1265.0 33 30 32 15 7 117
1270.0 29 27 28 17 9 110
1275.0 25 20 22 18 9 94
1280.0 22 19 18 17 8 84
1285.0 23 17 16 15 7 78
1290.0 21 13 15 13 8 70
1295.0 20 13 14 12 7 66
1300.0 21 11 16 10 4 62
1305.0 20 10 11 9 2 52
1310.0 18 13 11 7 2 51
1315.0 20 12 10 5 2 49
1320.0 11 13 9 5 1 39
1325.0 6 10 11 5 1 33
1330.0 6 9 13 3 1 32
1335.0 4 9 11 1 1 26
1340.0 4 11 10 0 1 26
1345.0 4 10 9 0 1 24
1350.0 4 7 9 0 1 21
1355.0 4 6 7 0 1 18
1360.0 1 6 6 0 1 14
1365.0 1 6 6 0 0 13
1370.0 0 4 6 0 0 10
1375.0 0 3 5 0 0 8
1380.0 0 2 5 0 0 7
1385.0 0 1 5 0 0 6
1390.0 0 0 3 1 0 4
1395.0 2 0 3 1 0 6
1400.0 1 0 0 0 0 1
1405.0 1 0 1 0 0 2
1410.0 1 0 1 0 0 2
1415.0 1 1 1 0 0 3
1420.0 1 1 1 0 0 3
1425.0 2 2 0 0 0 4
1430.0 2 1 0 0 0 3
1435.0 2 1 0 0 0 3
