5.0 0 0 0 0 0 0
10.0 0 0 0 0 0 0
15.0 0 0 0 0 0 0
20.0 0 0 0 0 0 0
25.0 0 0 0 0 0 0
30.0 0 0 0 0 0 0
35.0 0 0 0 0 0 0
40.0 0 0 0 0 0 0
45.0 0 0 0 0 0 0
50.0 0 0 0 0 0 0
55.0 0 0 0 0 0 0
60.0 0 0 0 0 0 0
65.0 0 0 0 0 0 0
70.0 0 0 0 0 0 0
75.0 0 0 0 0 0 0
80.0 0 0 0 0 0 0
85.0 0 0 0 0 0 0
90.0 0 0 0 0 0 0
95.0 0 0 0 0 0 0
100.0 0 0 0 0 0 0
105.0 0 0 0 0 0 0
110.0 0 0 0 0 0 0
115.0 0 0 0 0 0 0
120.0 0 0 0 0 0 0
125.0 0 0 0 0 0 0
130.0 0 0 0 0 0 0
135.0 0 0 0 0 0 0
140.0 0 0 0 0 0 0
145.0 0 0 0 0 0 0
150.0 0 0 0 0 0 0
155.0 0 0 0 0 0 0
160.0 0 0 0 0 0 0
165.0 0 0 0 0 0 0
170.0 0 0 0 0 0 0
175.0 0 0 0 0 0 0
180.0 0 0 0 0 0 0
185.0 0 0 0 0 0 0
190.0 0 0 0 0 0 0
195.0 0 0 0 0 0 0
200.0 0 0 0 0 0 0
205.0 0 0 0 0 0 0
210.0 0 0 0 0 0 0
215.0 0 0 0 0 0 0
220.0 0 0 0 0 0 0
225.0 0 0 0 0 0 0
230.0 0 0 0 0 0 0
235.0 0 0 0 0 0 0
240.0 0 0 0 0 0 0
245.0 0 0 0 0 0 0
250.0 0 0 0 0 0 0
255.0 0 0 0 0 0 0
260.0 0 0 0 0 0 0
265.0 0 0 0 0 0 0
270.0 0 0 0 0 0 0
275.0 0 0 0 0 0 0
280.0 0 0 0 0 0 0
285.0 0 0 0 0 0 0
290.0 0 0 0 0 0 0
295.0 0 0 0 0 0 0
300.0 0 1 0 0 0 1
305.0 0 1 0 0 0 1
310.0 0 2 0 0 0 2
315.0 1 2 0 0 0 3
320.0 1 2 0 0 0 3
325.0 1 1 0 0 0 2
330.0 1 1 0 0 0 2
335.0 1 1 0 0 0 2
340.0 1 0 1 0 0 2
345.0 1 1 2 0 0 4
350.0 3 1 3 0 0 7
355.0 3 1 3 1 0 8
360.0 3 3 2 1 0 9
365.0 2 3 4 1 0 10
370.0 1 3 5 1 0 10
375.0 2 4 5 1 1 13
380.0 3 3 6 2 1 15
385.0 5 6 6 2 1 20
390.0 5 7 8 2 1 23
395.0 5 6 7 2 1 21
400.0 5 6 9 1 1 22
405.0 6 6 10 1 1 24
410.0 5 7 10 2 1 25
415.0 7 7 10 3 1 28
420.0 8 8 11 3 3 33
425.0 8 9 9 4 3 33
430.0 13 10 9 4 3 39
435.0 14 12 12 4 4 46
440.0 14 12 11 4 5 46
445.0 14 13 12 5 6 50
450.0 14 13 14 8 6 55
455.0 15 13 17 9 8 62
460.0 15 15 15 8 9 62
465.0 15 17 15 9 8 64
470.0 11 21 17 10 9 68
475.0 12 24 21 11 9 77
480.0 17 31 23 9 10 90
485.0 19 30 26 9 10 94
490.0 22 28 26 11 10 97
495.0 20 32 29 11 10 102
500.0 22 37 29 10 9 107
505.0 25 37 35 10 9 116
510.0 27 39 32 9 9 116
515.0 33 38 30 11 8 120
520.0 36 35 30 11 7 119
525.0 39 35 31 11 9 125
530.0 41 33 34 13 9 130
535.0 39 32 34 17 10 132
540.0 35 32 41 21 12 141
545.0 38 32 48 22 14 154
550.0 42 39 47 22 14 164
555.0 46 43 51 21 13 174
560.0 50 48 48 22 13 181
565.0 51 47 54 26 12 190
570.0 48 47 62 26 13 196
575.0 50 46 66 27 14 203
580.0 48 49 64 27 13 201
585.0 47 48 64 28 13 200
590.0 46 47 62 28 13 196
595.0 46 46 57 32 13 194
600.0 52 51 59 30 12 204
605.0 49 52 65 31 12 209
610.0 46 52 66 30 10 204
615.0 50 50 64 30 10 204
620.0 50 48 67 32 13 210
625.0 54 50 67 32 13 216
630.0 55 46 69 28 13 211
635.0 53 46 62 24 14 199
640.0 54 50 56 23 15 198
645.0 56 48 55 23 14 196
650.0 52 44 56 24 13 189
655.0 47 48 60 27 13 195
660.0 48 46 60 26 15 195
665.0 52 45 60 27 15 199
670.0 59 47 53 23 14 196
675.0 55 50 54 27 14 200
680.0 57 52 54 30 15 208
685.0 56 57 53 27 15 208
690.0 50 60 52 26 15 203
695.0 48 60 54 26 16 204
700.0 49 57 52 18 15 191
705.0 50 57 53 21 16 197
710.0 51 48 53 26 15 193
715.0 50 49 54 28 16 197
720.0 50 46 56 30 19 201
725.0 47 47 48 29 20 191
730.0 39 47 52 25 20 183
735.0 38 44 54 21 20 177
740.0 36 47 52 21 17 173
745.0 33 50 55 21 16 175
750.0 33 43 55 23 15 169
755.0 30 42 61 21 16 170
760.0 32 39 66 20 16 173
765.0 33 33 64 27 16 173
770.0 36 31 65 25 16 173
775.0 38 33 62 23 17 173
780.0 39 36 54 20 16 165
785.0 33 38 53 23 14 161
790.0 34 39 44 24 15 156
795.0 37 35 53 21 14 160
800.0 36 32 54 19 14 155
805.0 39 35 53 20 13 160
810.0 35 37 53 24 13 162
815.0 36 37 54 23 15 165
820.0 33 40 55 24 14 166
825.0 30 37 61 27 15 170
830.0 34 44 58 28 15 179
835.0 31 42 62 26 14 175
840.0 36 44 66 27 13 186
845.0 37 42 65 28 12 184
850.0 43 43 65 25 11 187
855.0 45 44 64 24 12 189
860.0 46 42 68 24 12 192
865.0 48 45 68 29 14 204
870.0 47 48 73 30 18 216
875.0 47 49 78 32 18 224
880.0 49 49 72 33 17 220
885.0 50 47 73 33 18 221
890.0 48 48 69 29 18 212
895.0 48 52 79 26 17 222
900.0 53 54 77 25 16 225
905.0 56 55 80 25 20 236
910.0 52 51 77 30 19 229
915.0 47 52 79 26 20 224
920.0 45 55 71 31 20 222
925.0 44 57 68 27 21 217
930.0 47 54 62 26 18 207
935.0 50 50 58 23 20 201
940.0 46 45 61 26 20 198
945.0 43 46 59 28 23 199
950.0 49 42 55 30 25 201
955.0 50 48 56 31 23 208
960.0 56 49 57 29 25 216
965.0 47 49 59 30 24 209
970.0 45 52 63 27 26 213
975.0 43 52 60 28 28 211
980.0 49 51 62 29 27 218
985.0 51 54 60 26 28 219
990.0 46 61 61 28 27 223
995.0 43 56 66 26 28 219
1000.0 49 52 61 24 26 212
1005.0 62 53 57 26 26 224
1010.0 56 54 63 28 25 226
1015.0 51 53 64 25 25 218
1020.0 51 59 66 20 24 220
1025.0 51 67 61 21 23 223
1030.0 50 71 60 18 24 223
1035.0 49 67 65 24 23 228
1040.0 50 64 63 27 26 230
1045.0 50 63 66 29 26 234
1050.0 45 62 65 31 26 229
1055.0 48 64 68 32 22 234
1060.0 45 71 65 36 22 239
1065.0 50 77 64 33 22 246
1070.0 56 77 62 33 23 251
1075.0 58 74 58 34 23 247
1080.0 56 80 51 35 26 248
1085.0 54 75 52 32 27 240
1090.0 52 74 51 30 28 235
1095.0 59 73 54 27 29 242
1100.0 64 72 63 28 29 256
1105.0 67 77 60 28 31 263
1110.0 64 73 64 31 29 261
1115.0 61 72 71 34 26 264
1120.0 52 68 69 34 22 245
1125.0 52 61 68 33 22 236
1130.0 53 69 67 33 23 245
1135.0 50 71 63 30 24 238
1140.0 53 72 62 27 24 238
1145.0 56 76 60 27 25 244
1150.0 56 79 65 22 23 245
1155.0 54 78 70 19 22 243
1160.0 57 77 65 17 22 238
1165.0 49 72 71 23 19 234
1170.0 46 74 71 26 20 237
1175.0 48 66 68 21 21 224
1180.0 52 61 74 22 20 229
1185.0 56 54 72 22 21 225
1190.0 46 52 82 26 22 228
1195.0 47 50 74 27 24 222
1200.0 38 52 69 25 21 205
1205.0 37 50 67 33 20 207
1210.0 39 44 64 27 19 193
1215.0 39 43 59 23 16 180
1220.0 41 43 56 20 14 174
1225.0 38 40 46 20 16 160
1230.0 34 44 43 21 16 158
1235.0 36 34 37 19 16 142
1240.0 33 32 37 19 16 137
1245.0 26 27 33 22 16 124
1250.0 28 25 32 18 16 119
1255.0 26 22 29 18 14 109
1260.0 24 20 33 18 13 108
1265.0 18 17 30 17 11 93
1270.0 19 16 24 13 10 82
1275.0 15 16 22 14 10 77
1280.0 14 21 19 14 9 77
1285.0 10 20 18 18 7 73
1290.0 8 20 19 14 7 68
1295.0 11 19 17 7 7 61
1300.0 8 16 12 8 5 49
1305.0 9 16 14 5 5 49
1310.0 7 11 12 3 5 38
1315.0 5 11 9 3 4 32
1320.0 6 10 7 3 2 28
1325.0 8 7 7 3 2 27
1330.0 8 7 8 3 2 28
1335.0 7 7 9 2 2 27
1340.0 4 7 7 2 2 22
1345.0 5 7 5 2 2 21
1350.0 2 6 7 2 2 19
1355.0 2 5 5 2 2 16
1360.0 2 3 4 2 2 13
1365.0 2 2 4 2 2 12
1370.0 2 2 4 2 2 12
1375.0 1 2 3 2 2 10
1380.0 1 1 2 1 1 6
1385.0 2 1 2 1 1 7
1390.0 1 1 2 2 1 7
1395.0 0 1 1 3 1 6
1400.0 0 1 1 2 0 4
1405.0 0 0 1 2 0 3
1410.0 0 0 2 2 0 4
1415.0 1 0 2 0 0 3
1420.0 1 0 1 0 0 2
1425.0 1 0 0 0 0 1
1430.0 0 0 0 0 0 0
1435.0 0 0 0 0 0 0
