5.0 0 0 0 0 0 0
10.0 0 0 0 0 0 0
15.0 0 0 0 0 0 0
20.0 0 0 0 0 0 0
25.0 0 0 0 0 0 0
30.0 0 0 0 0 0 0
35.0 0 0 0 0 0 0
40.0 0 0 0 0 0 0
45.0 0 0 0 0 0 0
50.0 0 0 0 0 0 0
55.0 0 0 0 0 0 0
60.0 0 0 0 0 0 0
65.0 0 0 0 0 0 0
70.0 0 0 0 0 0 0
75.0 0 0 0 0 0 0
80.0 0 0 0 0 0 0
85.0 0 0 0 0 0 0
90.0 0 0 0 0 0 0
95.0 0 0 0 0 0 0
100.0 0 0 0 0 0 0
105.0 0 0 0 0 0 0
110.0 0 0 0 0 0 0
115.0 0 0 0 0 0 0
120.0 0 0 0 0 0 0
125.0 0 0 0 0 0 0
130.0 0 0 0 0 0 0
135.0 0 0 0 0 0 0
140.0 0 0 0 0 0 0
145.0 0 0 0 0 0 0
150.0 0 0 0 0 0 0
155.0 0 0 0 0 0 0
160.0 0 0 0 0 0 0
165.0 0 0 0 0 0 0
170.0 0 0 0 0 0 0
175.0 0 0 0 0 0 0
180.0 0 0 0 0 0 0
185.0 0 0 0 0 0 0
190.0 0 0 0 0 0 0
195.0 0 0 0 0 0 0
200.0 0 0 0 0 0 0
205.0 0 0 0 0 0 0
210.0 0 0 0 0 0 0
215.0 0 0 0 0 0 0
220.0 0 0 0 0 0 0
225.0 0 0 0 0 0 0
230.0 0 0 0 0 0 0
235.0 0 0 0 0 0 0
240.0 0 0 0 0 0 0
245.0 0 0 0 0 0 0
250.0 0 0 0 0 0 0
255.0 0 0 0 0 0 0
260.0 0 0 0 0 0 0
265.0 0 0 0 0 0 0
270.0 0 1 0 0 0 1
275.0 0 1 0 0 0 1
280.0 0 1 2 0 0 3
285.0 0 1 2 0 0 3
290.0 0 1 2 0 0 3
295.0 1 1 1 0 0 3
300.0 1 1 1 0 0 3
305.0 1 0 2 0 0 3
310.0 1 0 1 0 0 2
315.0 1 1 1 0 0 3
320.0 1 1 2 0 0 4
325.0 1 1 2 0 0 4
330.0 1 1 2 0 0 4
335.0 2 1 2 0 0 5
340.0 2 1 3 0 0 6
345.0 2 1 3 0 0 6
350.0 1 0 3 0 0 4
355.0 1 0 3 0 0 4
360.0 2 0 2 0 0 4
365.0 2 0 2 0 1 5
370.0 3 2 3 0 1 9
375.0 3 3 2 0 1 9
380.0 5 2 3 0 1 11
385.0 7 3 2 0 1 13
390.0 6 3 2 0 1 12
395.0 7 2 4 1 1 15
400.0 6 2 5 2 1 16
405.0 6 1 8 2 2 19
410.0 6 4 10 4 2 26
415.0 9 6 10 4 2 31
420.0 10 6 9 4 2 31
425.0 11 6 10 3 2 32
430.0 11 7 10 3 2 33
435.0 9 8 10 5 3 35
440.0 13 8 11 4 3 39
445.0 12 7 11 5 3 38
450.0 11 7 14 5 5 42
455.0 13 8 12 5 6 44
460.0 13 9 12 5 7 46
465.0 11 10 12 6 7 46
470.0 13 11 12 7 6 49
475.0 15 12 14 6 6 53
480.0 16 12 16 5 5 54
485.0 16 14 19 8 5 62
490.0 19 14 18 8 4 63
495.0 18 14 23 6 5 66
500.0 18 18 18 7 5 66
505.0 17 16 20 9 6 68
510.0 18 20 20 10 8 76
515.0 19 21 26 11 10 87
520.0 22 25 28 10 10 95
525.0 24 26 27 11 11 99
530.0 23 26 32 11 11 103
535.0 21 29 33 12 12 107
540.0 23 30 33 9 12 107
545.0 22 30 35 10 12 109
550.0 27 30 34 10 13 114
555.0 29 33 37 9 14 122
560.0 30 35 37 12 15 129
565.0 31 32 38 11 15 127
570.0 32 32 37 14 14 129
575.0 30 32 39 14 14 129
580.0 27 36 40 13 14 130
585.0 28 36 50 13 14 141
590.0 34 38 49 10 13 144
595.0 33 38 47 12 13 143
600.0 36 37 46 12 12 143
605.0 36 40 45 15 12 148
610.0 32 40 41 18 13 144
615.0 32 42 38 20 13 145
620.0 34 39 42 20 13 148
625.0 33 39 39 22 12 145
630.0 30 40 36 23 12 141
635.0 31 35 40 21 10 137
640.0 30 35 44 18 10 137
645.0 33 30 45 12 10 130
650.0 34 32 44 12 11 133
655.0 35 34 41 11 9 130
660.0 33 39 38 12 12 134
665.0 32 34 41 17 11 135
670.0 31 31 41 21 10 134
675.0 33 33 42 24 11 143
680.0 29 32 43 24 10 138
685.0 33 29 41 24 10 137
690.0 31 30 38 26 11 136
695.0 32 31 37 24 12 136
700.0 32 30 39 22 14 137
705.0 26 32 39 25 14 136
710.0 20 35 37 23 12 127
715.0 21 38 29 21 14 123
720.0 20 39 31 22 15 127
725.0 20 37 31 19 13 120
730.0 22 30 28 19 12 111
735.0 22 33 30 19 13 117
740.0 23 28 30 17 13 111
745.0 23 28 29 17 13 110
750.0 25 28 27 16 11 107
755.0 25 29 25 15 12 106
760.0 23 31 26 14 11 105
765.0 20 26 24 18 8 96
770.0 21 25 28 17 8 99
775.0 22 21 30 19 8 100
780.0 25 25 28 18 5 101
785.0 26 27 30 16 5 104
790.0 27 29 29 13 4 102
795.0 31 26 28 14 4 103
800.0 34 22 28 14 5 103
805.0 33 29 29 11 8 110
810.0 28 31 31 11 8 109
815.0 25 31 32 11 8 107
820.0 29 33 30 11 10 113
825.0 24 31 28 14 12 109
830.0 22 22 30 17 10 101
835.0 20 17 37 17 9 100
840.0 21 21 38 15 10 105
845.0 20 23 38 15 10 106
850.0 21 27 36 18 12 114
855.0 22 24 32 18 13 109
860.0 22 23 35 18 13 111
865.0 22 27 32 18 13 112
870.0 26 30 34 20 13 123
875.0 29 30 35 17 15 126
880.0 30 33 41 16 18 138
885.0 35 33 39 15 16 138
890.0 34 33 41 15 17 140
895.0 31 31 40 13 18 133
900.0 32 27 41 13 17 130
905.0 29 30 39 15 16 129
910.0 27 31 39 18 17 132
915.0 28 33 33 17 16 127
920.0 30 37 34 20 14 135
925.0 30 37 30 19 15 131
930.0 31 39 36 19 14 139
935.0 31 41 39 22 14 147
940.0 26 43 41 24 13 147
945.0 27 46 41 18 12 144
950.0 22 45 40 18 12 137
955.0 23 46 38 16 12 135
960.0 23 49 36 13 13 134
965.0 26 45 36 14 12 133
970.0 31 45 37 16 10 139
975.0 35 42 38 16 10 141
980.0 37 45 39 15 10 146
985.0 39 46 40 16 10 151
990.0 40 45 39 17 11 152
995.0 37 46 36 17 10 146
1000.0 39 43 40 17 12 151
1005.0 35 40 39 17 12 143
1010.0 32 38 40 22 12 144
1015.0 32 34 38 23 15 142
1020.0 31 34 38 24 14 141
1025.0 35 37 35 21 14 142
1030.0 34 36 37 21 14 142
1035.0 29 42 30 19 13 133
1040.0 32 43 27 20 13 135
1045.0 27 42 30 19 14 132
1050.0 36 42 31 22 15 146
1055.0 35 40 31 22 15 143
1060.0 36 35 36 23 14 144
1065.0 35 38 39 24 14 150
1070.0 37 41 32 24 17 151
1075.0 37 37 36 23 17 150
1080.0 36 33 36 25 21 151
1085.0 36 35 38 28 21 158
1090.0 33 39 35 28 15 150
1095.0 32 34 41 29 16 152
1100.0 33 36 35 27 14 145
1105.0 35 37 34 25 15 146
1110.0 39 38 34 24 18 153
1115.0 37 40 34 18 19 148
1120.0 37 41 33 19 19 149
1125.0 34 41 37 20 20 152
1130.0 37 44 41 21 20 163
1135.0 40 40 42 22 22 166
1140.0 41 40 48 26 20 175
1145.0 48 43 50 25 20 186
1150.0 46 48 47 23 20 184
1155.0 45 47 43 23 20 178
1160.0 46 44 44 22 19 175
1165.0 46 49 45 20 16 176
1170.0 45 49 46 21 16 177
1175.0 41 48 45 19 15 168
1180.0 40 44 44 16 16 160
1185.0 41 40 45 20 17 163
1190.0 47 33 48 22 16 166
1195.0 44 35 48 23 11 161
1200.0 46 36 45 23 9 159
1205.0 44 39 44 24 9 160
1210.0 36 37 43 20 7 143
1215.0 37 38 38 19 10 142
1220.0 33 38 31 16 11 129
1225.0 32 46 26 15 9 128
1230.0 28 41 26 14 10 119
1235.0 21 34 25 12 9 101
1240.0 19 35 27 14 9 104
1245.0 21 35 29 13 8 106
1250.0 19 33 29 9 6 96
1255.0 18 33 30 10 6 97
1260.0 16 33 24 11 6 90
1265.0 14 32 19 12 6 83
1270.0 15 32 17 10 5 79
1275.0 15 27 17 9 4 72
1280.0 14 21 19 8 4 66
1285.0 12 20 21 7 4 64
1290.0 12 18 19 6 3 58
1295.0 10 15 15 7 3 50
1300.0 9 14 12 6 3 44
1305.0 9 10 13 6 3 41
1310.0 9 9 9 6 3 36
1315.0 8 6 9 6 2 31
1320.0 4 9 7 4 2 26
1325.0 2 7 6 4 2 21
1330.0 2 4 5 3 1 15
1335.0 1 3 4 2 2 12
1340.0 1 3 4 2 1 11
1345.0 2 1 4 1 0 8
1350.0 2 0 4 0 0 6
1355.0 1 0 4 0 0 5
1360.0 1 0 4 0 0 5
1365.0 2 0 3 0 0 5
1370.0 2 0 2 0 0 4
1375.0 2 0 2 0 0 4
1380.0 1 0 3 0 0 4
1385.0 0 0 2 0 0 2
1390.0 0 0 2 0 0 2
1395.0 1 0 2 0 0 3
1400.0 0 0 3 0 0 3
1405.0 0 0 2 0 0 2
1410.0 0 0 1 0 0 1
1415.0 0 0 1 0 0 1
1420.0 0 0 1 0 0 1
1425.0 0 0 1 0 0 1
1430.0 1 0 0 0 0 1
1435.0 1 0 0 0 0 1
