5.0 0 0 0 0 0 0
10.0 0 0 0 0 0 0
15.0 0 0 0 0 0 0
20.0 0 0 0 0 0 0
25.0 0 0 0 0 0 0
30.0 0 0 0 0 0 0
35.0 0 0 0 0 0 0
40.0 0 0 0 0 0 0
45.0 0 0 0 0 0 0
50.0 0 0 0 0 0 0
55.0 0 0 0 0 0 0
60.0 0 0 0 0 0 0
65.0 0 0 0 0 0 0
70.0 0 0 0 0 0 0
75.0 0 0 0 0 0 0
80.0 0 0 0 0 0 0
85.0 0 0 0 0 0 0
90.0 0 0 0 0 0 0
95.0 0 0 0 0 0 0
100.0 0 0 0 0 0 0
105.0 0 0 0 0 0 0
110.0 0 0 0 0 0 0
115.0 0 0 0 0 0 0
120.0 0 0 0 0 0 0
125.0 0 0 0 0 0 0
130.0 0 0 0 0 0 0
135.0 0 0 0 0 0 0
140.0 0 0 0 0 0 0
145.0 0 0 0 0 0 0
150.0 0 0 0 0 0 0
155.0 0 0 0 0 0 0
160.0 0 0 0 0 0 0
165.0 0 0 0 0 0 0
170.0 0 0 0 0 0 0
175.0 0 0 0 0 0 0
180.0 0 0 0 0 0 0
185.0 0 0 0 0 0 0
190.0 0 0 0 0 0 0
195.0 0 0 0 0 0 0
200.0 0 0 0 0 0 0
205.0 0 0 0 0 0 0
210.0 0 0 0 0 0 0
215.0 0 0 0 0 0 0
220.0 0 0 0 0 0 0
225.0 0 0 0 0 0 0
230.0 0 0 0 0 0 0
235.0 0 0 0 0 0 0
240.0 0 0 0 0 0 0
245.0 0 0 0 0 0 0
250.0 0 0 0 0 0 0
255.0 0 0 0 0 0 0
260.0 0 0 0 0 0 0
265.0 0 0 0 0 0 0
270.0 0 0 0 0 0 0
275.0 0 0 0 0 0 0
280.0 0 0 0 0 0 0
285.0 0 0 0 0 0 0
290.0 0 0 0 0 0 0
295.0 0 0 0 0 0 0
300.0 0 0 0 0 0 0
305.0 0 0 0 0 0 0
310.0 0 0 0 0 0 0
315.0 0 0 0 0 0 0
320.0 0 0 0 0 0 0
325.0 0 0 0 0 0 0
330.0 0 0 0 0 0 0
335.0 0 0 0 0 0 0
340.0 0 0 0 0 0 0
345.0 0 0 0 0 0 0
350.0 0 0 0 0 0 0
355.0 0 0 0 0 0 0
360.0 0 0 0 0 0 0
365.0 0 0 0 0 0 0
370.0 0 0 0 0 0 0
375.0 0 0 0 0 0 0
380.0 0 0 0 0 0 0
385.0 0 0 0 0 0 0
390.0 0 0 0 0 0 0
395.0 0 0 0 0 0 0
400.0 0 0 0 0 0 0
405.0 0 0 0 0 0 0
410.0 0 0 0 0 0 0
415.0 0 0 0 0 0 0
420.0 1 0 0 0 0 1
425.0 1 0 1 0 0 2
430.0 0 0 1 1 0 2
435.0 0 0 1 1 0 2
440.0 1 0 1 0 0 2
445.0 1 0 2 0 0 3
450.0 1 0 2 0 0 3
455.0 1 0 2 0 0 3
460.0 1 0 2 0 0 3
465.0 1 0 2 0 0 3
470.0 1 0 2 0 0 3
475.0 1 0 2 0 0 3
480.0 1 0 3 0 0 4
485.0 1 0 3 0 0 4
490.0 1 1 3 0 0 5
495.0 1 1 2 0 0 4
500.0 1 1 1 1 1 5
505.0 1 1 0 1 1 4
510.0 2 1 0 1 1 5
515.0 2 2 0 1 1 6
520.0 1 2 0 1 1 5
525.0 0 2 0 1 1 4
530.0 0 2 0 1 1 4
535.0 0 2 1 0 1 4
540.0 0 2 1 0 1 4
545.0 0 2 1 0 1 4
550.0 0 2 1 0 1 4
555.0 1 3 1 0 1 6
560.0 1 2 1 0 1 5
565.0 1 2 1 0 1 5
570.0 1 2 1 0 1 5
575.0 2 2 1 0 2 7
580.0 3 2 1 0 2 8
585.0 2 0 1 0 3 6
590.0 2 0 1 0 3 6
595.0 2 0 1 0 3 6
600.0 2 0 1 1 3 7
605.0 1 0 1 2 3 7
610.0 3 0 1 3 2 9
615.0 3 1 1 2 2 9
620.0 3 1 1 2 2 9
625.0 3 1 1 2 2 9
630.0 3 1 1 2 1 8
635.0 3 1 1 2 1 8
640.0 1 1 1 2 1 6
645.0 2 1 1 2 1 7
650.0 3 1 0 2 1 7
655.0 3 1 0 2 1 7
660.0 2 0 0 2 1 5
665.0 1 2 0 3 1 7
670.0 1 2 2 1 1 7
675.0 1 2 2 1 1 7
680.0 0 2 2 1 1 6
685.0 0 2 3 1 1 7
690.0 0 3 3 1 1 8
695.0 0 2 1 1 0 4
700.0 0 2 1 1 0 4
705.0 0 2 1 1 0 4
710.0 1 2 0 1 0 4
715.0 1 3 0 0 0 4
720.0 1 3 0 0 0 4
725.0 2 3 0 0 0 5
730.0 2 3 0 0 0 5
735.0 2 3 0 0 0 5
740.0 1 3 0 0 0 4
745.0 1 2 0 1 0 4
750.0 1 2 0 1 0 4
755.0 1 4 0 1 0 6
760.0 3 4 0 1 0 8
765.0 3 2 0 0 0 5
770.0 3 2 0 2 0 7
775.0 4 2 0 2 1 9
780.0 7 2 0 1 1 11
785.0 5 3 0 2 1 11
790.0 5 4 0 2 1 12
795.0 5 4 0 2 1 12
800.0 4 4 0 2 2 12
805.0 4 4 0 2 2 12
810.0 5 4 0 0 2 11
815.0 5 4 0 0 1 10
820.0 5 4 0 0 1 10
825.0 5 5 0 0 1 11
830.0 2 4 0 1 1 8
835.0 2 5 1 1 2 11
840.0 2 5 2 1 2 12
845.0 2 3 2 1 2 10
850.0 1 4 1 2 2 10
855.0 1 3 1 2 2 9
860.0 1 3 1 1 2 8
865.0 1 3 2 2 2 10
870.0 1 2 2 2 2 9
875.0 2 5 2 1 1 11
880.0 2 5 2 1 2 12
885.0 2 4 2 0 2 10
890.0 2 4 3 0 1 10
895.0 3 3 3 0 1 10
900.0 3 4 2 0 1 10
905.0 3 4 3 0 1 11
910.0 2 4 3 0 1 10
915.0 2 4 2 0 1 9
920.0 1 4 2 1 1 9
925.0 2 4 2 2 1 11
930.0 2 4 2 2 1 11
935.0 2 4 2 2 1 11
940.0 2 2 3 2 1 10
945.0 1 3 3 1 2 10
950.0 2 3 4 0 1 10
955.0 2 3 4 0 1 10
960.0 1 5 3 0 1 10
965.0 1 5 2 0 1 9
970.0 1 5 1 0 1 8
975.0 1 4 2 0 0 7
980.0 1 4 2 1 1 9
985.0 2 4 2 1 1 10
990.0 2 4 2 1 1 10
995.0 2 4 2 1 1 10
1000.0 1 5 3 1 1 11
1005.0 1 4 3 1 1 10
1010.0 2 5 3 1 1 12
1015.0 2 6 3 1 1 13
1020.0 1 8 3 1 1 14
1025.0 0 8 4 1 1 14
1030.0 0 8 4 1 0 13
1035.0 2 6 3 0 0 11
1040.0 2 5 3 0 0 10
1045.0 2 4 2 0 0 8
1050.0 1 5 2 0 0 8
1055.0 1 5 3 0 0 9
1060.0 1 4 3 0 1 9
1065.0 1 5 2 0 1 9
1070.0 0 5 2 0 1 8
1075.0 0 4 2 1 1 8
1080.0 0 4 2 1 1 8
1085.0 1 6 3 1 1 12
1090.0 2 7 3 1 1 14
1095.0 2 8 3 1 1 15
1100.0 2 8 3 1 1 15
1105.0 2 7 3 1 2 15
1110.0 2 5 3 1 1 12
1115.0 2 5 3 2 1 13
1120.0 2 5 3 1 1 12
1125.0 3 5 3 1 1 13
1130.0 3 5 3 1 1 13
1135.0 2 5 4 1 1 13
1140.0 1 4 6 1 1 13
1145.0 1 5 5 1 1 13
1150.0 2 3 5 0 1 11
1155.0 2 2 4 0 1 9
1160.0 2 3 3 0 1 9
1165.0 3 3 3 1 1 11
1170.0 4 3 3 1 1 12
1175.0 5 3 2 1 0 11
1180.0 4 2 2 2 0 10
1185.0 4 3 2 2 0 11
1190.0 3 3 1 2 1 10
1195.0 3 3 1 2 1 10
1200.0 3 3 2 2 1 11
1205.0 2 3 2 2 1 10
1210.0 2 3 2 2 1 10
1215.0 3 3 2 1 1 10
1220.0 2 4 2 1 1 10
1225.0 1 5 2 1 1 10
1230.0 0 5 2 1 1 9
1235.0 0 5 1 1 1 8
1240.0 0 5 1 1 1 8
1245.0 1 4 1 1 0 7
1250.0 1 3 1 1 0 6
1255.0 1 2 2 1 0 6
1260.0 0 2 2 2 0 6
1265.0 0 1 2 1 0 4
1270.0 0 0 2 1 0 3
1275.0 0 0 2 2 0 4
1280.0 0 0 2 2 0 4
1285.0 0 0 2 1 0 3
1290.0 0 0 1 1 0 2
1295.0 0 0 1 1 0 2
1300.0 1 0 1 1 0 3
1305.0 1 0 1 1 0 3
1310.0 1 0 1 1 0 3
1315.0 1 0 2 0 0 3
1320.0 1 0 2 0 0 3
1325.0 1 0 2 0 0 3
1330.0 0 0 2 0 0 2
1335.0 0 0 2 0 0 2
1340.0 0 0 2 0 0 2
1345.0 0 0 1 1 0 2
1350.0 0 0 2 1 0 3
1355.0 0 0 2 1 0 3
1360.0 0 0 1 1 0 2
1365.0 0 0 1 1 0 2
1370.0 0 0 1 1 0 2
1375.0 0 0 1 1 0 2
1380.0 0 0 1 1 0 2
1385.0 0 0 1 1 0 2
1390.0 0 0 0 1 0 1
1395.0 0 0 0 0 0 0
1400.0 0 0 0 0 0 0
1405.0 0 0 0 0 0 0
1410.0 0 0 0 0 0 0
1415.0 0 0 0 0 0 0
1420.0 0 0 0 0 0 0
1425.0 0 0 0 0 0 0
1430.0 0 0 0 0 0 0
1435.0 0 0 0 0 0 0
