5.0 0 0 0 0 0 0
10.0 0 0 0 0 0 0
15.0 0 0 0 0 0 0
20.0 0 0 0 0 0 0
25.0 0 0 0 0 0 0
30.0 0 0 0 0 0 0
35.0 0 0 0 0 0 0
40.0 0 0 0 0 0 0
45.0 0 0 0 0 0 0
50.0 0 0 0 0 0 0
55.0 0 0 0 0 0 0
60.0 0 0 0 0 0 0
65.0 0 0 0 0 0 0
70.0 0 0 0 0 0 0
75.0 0 0 0 0 0 0
80.0 0 0 0 0 0 0
85.0 0 0 0 0 0 0
90.0 0 0 0 0 0 0
95.0 0 0 0 0 0 0
100.0 0 0 0 0 0 0
105.0 0 0 0 0 0 0
110.0 0 0 0 0 0 0
115.0 0 0 0 0 0 0
120.0 0 0 0 0 0 0
125.0 0 0 0 0 0 0
130.0 0 0 0 0 0 0
135.0 0 0 0 0 0 0
140.0 0 0 0 0 0 0
145.0 0 0 0 0 0 0
150.0 0 0 0 0 0 0
155.0 0 0 0 0 0 0
160.0 0 0 0 0 0 0
165.0 0 0 0 0 0 0
170.0 0 0 0 0 0 0
175.0 0 0 0 0 0 0
180.0 0 0 0 0 0 0
185.0 0 0 0 0 0 0
190.0 0 0 0 0 0 0
195.0 0 0 0 0 0 0
200.0 0 0 0 0 0 0
205.0 0 0 0 0 0 0
210.0 0 0 0 0 0 0
215.0 0 0 0 0 0 0
220.0 0 0 0 0 0 0
225.0 0 0 0 0 0 0
230.0 0 0 0 0 0 0
235.0 0 0 0 0 0 0
240.0 0 0 0 0 0 0
245.0 0 0 0 0 0 0
250.0 0 0 0 0 0 0
255.0 0 0 0 0 0 0
260.0 0 0 0 0 0 0
265.0 0 0 0 0 0 0
270.0 0 0 0 0 0 0
275.0 0 0 0 0 0 0
280.0 0 0 0 0 0 0
285.0 0 0 0 0 0 0
290.0 0 0 0 0 0 0
295.0 0 0 0 0 0 0
300.0 0 0 0 0 0 0
305.0 0 0 0 0 0 0
310.0 0 0 0 0 0 0
315.0 0 0 0 0 0 0
320.0 0 0 0 0 0 0
325.0 0 0 0 0 0 0
330.0 0 0 0 0 0 0
335.0 0 0 0 0 0 0
340.0 0 0 0 0 0 0
345.0 0 0 0 0 0 0
350.0 0 0 0 0 0 0
355.0 0 0 0 0 0 0
360.0 0 0 0 0 0 0
365.0 0 0 0 0 0 0
370.0 0 0 0 0 0 0
375.0 0 0 0 0 0 0
380.0 0 1 0 0 0 1
385.0 0 1 0 0 0 1
390.0 0 0 0 1 0 1
395.0 0 0 0 1 0 1
400.0 0 0 0 1 0 1
405.0 0 0 0 1 0 1
410.0 0 0 1 1 0 2
415.0 0 1 1 1 0 3
420.0 0 1 1 1 0 3
425.0 1 1 1 0 0 3
430.0 1 1 1 0 0 3
435.0 1 0 1 0 0 2
440.0 1 0 1 0 0 2
445.0 1 0 1 0 0 2
450.0 1 0 1 0 1 3
455.0 1 0 1 0 1 3
460.0 1 0 1 0 1 3
465.0 1 0 1 0 1 3
470.0 2 0 1 0 1 4
475.0 2 0 1 0 1 4
480.0 3 0 1 0 1 5
485.0 3 0 1 0 1 5
490.0 4 0 2 0 0 6
495.0 4 0 2 0 0 6
500.0 5 0 2 0 0 7
505.0 5 1 2 0 0 8
510.0 5 2 2 0 0 9
515.0 6 2 2 0 0 10
520.0 6 2 3 1 0 12
525.0 7 2 3 1 0 13
530.0 5 2 5 1 0 13
535.0 6 3 6 2 0 17
540.0 5 3 6 2 0 16
545.0 5 2 6 2 1 16
550.0 5 3 6 1 1 16
555.0 5 2 7 1 1 16
560.0 5 3 5 0 1 14
565.0 3 3 6 0 1 13
570.0 2 3 5 0 1 11
575.0 2 3 6 0 1 12
580.0 2 3 6 0 1 12
585.0 2 3 5 0 1 11
590.0 2 1 6 1 1 11
595.0 2 1 6 1 2 12
600.0 1 1 6 1 2 11
605.0 1 1 6 2 2 12
610.0 2 1 5 2 1 11
615.0 1 0 5 3 1 10
620.0 1 1 4 3 1 10
625.0 1 1 4 3 1 10
630.0 1 1 4 3 1 10
635.0 1 1 5 3 1 11
640.0 1 0 5 2 0 8
645.0 1 1 6 1 0 9
650.0 0 1 6 1 1 9
655.0 0 3 7 1 1 12
660.0 0 3 7 1 1 12
665.0 0 2 6 0 1 9
670.0 3 3 5 0 1 12
675.0 3 3 4 0 1 11
680.0 2 4 4 1 1 12
685.0 1 2 2 3 1 9
690.0 1 2 1 3 1 8
695.0 0 1 1 3 1 6
700.0 1 1 1 3 1 7
705.0 1 1 1 2 2 7
710.0 1 1 1 1 2 6
715.0 1 1 1 2 1 6
720.0 1 2 4 2 1 10
725.0 1 2 4 3 1 11
730.0 2 2 4 2 1 11
735.0 2 3 1 2 1 9
740.0 2 3 1 2 1 9
745.0 2 2 1 2 1 8
750.0 1 2 1 1 1 6
755.0 1 2 2 1 1 7
760.0 1 2 2 1 1 7
765.0 1 1 2 0 1 5
770.0 1 2 2 0 1 6
775.0 2 2 1 0 1 6
780.0 2 1 1 0 1 5
785.0 1 1 1 0 1 4
790.0 1 1 2 0 1 5
795.0 1 1 2 0 1 5
800.0 1 1 1 0 1 4
805.0 1 1 1 0 1 4
810.0 1 0 1 0 1 3
815.0 1 0 2 0 1 4
820.0 1 0 3 0 1 5
825.0 1 0 3 0 1 5
830.0 2 0 3 0 1 6
835.0 2 0 3 0 1 6
840.0 2 0 3 0 1 6
845.0 2 0 3 0 1 6
850.0 2 3 2 0 1 8
855.0 2 3 3 0 1 9
860.0 2 3 3 0 0 8
865.0 1 3 2 0 0 6
870.0 1 2 2 0 0 5
875.0 1 1 3 0 0 5
880.0 1 0 5 0 0 6
885.0 1 0 5 0 0 6
890.0 1 0 4 1 0 6
895.0 1 0 5 1 1 8
900.0 1 0 5 1 1 8
905.0 1 0 3 1 1 6
910.0 1 0 2 1 1 5
915.0 1 1 0 1 1 4
920.0 1 1 0 1 1 4
925.0 1 2 0 0 1 4
930.0 3 3 0 0 1 7
935.0 4 5 0 0 0 9
940.0 2 5 0 0 0 7
945.0 2 4 3 1 0 10
950.0 3 5 3 1 0 12
955.0 3 4 4 1 0 12
960.0 3 5 3 1 0 12
965.0 2 5 3 1 0 11
970.0 3 7 2 0 0 12
975.0 4 6 2 0 0 12
980.0 5 6 1 0 0 12
985.0 4 6 2 0 0 12
990.0 2 4 2 1 0 9
995.0 1 3 3 1 0 8
1000.0 1 2 3 2 0 8
1005.0 1 2 4 1 0 8
1010.0 1 2 4 1 0 8
1015.0 0 3 4 1 0 8
1020.0 2 3 3 1 0 9
1025.0 3 1 3 1 0 8
1030.0 2 1 3 2 0 8
1035.0 2 2 2 2 0 8
1040.0 3 2 3 2 0 10
1045.0 3 2 4 2 0 11
1050.0 3 2 4 2 0 11
1055.0 3 3 3 2 0 11
1060.0 3 2 3 2 0 10
1065.0 3 2 2 2 0 9
1070.0 1 2 2 3 0 8
1075.0 1 2 2 3 0 8
1080.0 1 0 2 3 0 6
1085.0 0 0 2 4 0 6
1090.0 1 1 2 3 0 7
1095.0 1 2 3 2 0 8
1100.0 2 2 3 2 0 9
1105.0 3 1 3 1 1 9
1110.0 3 1 5 1 1 11
1115.0 3 0 4 2 1 10
1120.0 2 0 3 3 1 9
1125.0 3 0 3 3 1 10
1130.0 2 0 3 4 2 11
1135.0 3 0 3 2 2 10
1140.0 3 0 2 3 1 9
1145.0 3 0 2 3 1 9
1150.0 3 0 1 3 1 8
1155.0 3 0 1 2 1 7
1160.0 3 0 0 3 1 7
1165.0 3 1 0 3 1 8
1170.0 2 1 0 3 0 6
1175.0 1 1 1 3 0 6
1180.0 1 1 1 2 0 5
1185.0 2 1 1 1 0 5
1190.0 2 1 1 1 0 5
1195.0 2 1 1 1 0 5
1200.0 2 1 1 1 0 5
1205.0 2 1 1 1 0 5
1210.0 2 1 2 1 0 6
1215.0 2 0 3 1 0 6
1220.0 1 0 3 2 0 6
1225.0 1 1 2 1 0 5
1230.0 1 1 1 1 0 4
1235.0 2 1 1 1 0 5
1240.0 2 1 1 1 0 5
1245.0 3 1 1 1 0 6
1250.0 3 1 1 1 0 6
1255.0 3 1 0 1 0 5
1260.0 3 1 0 1 0 5
1265.0 3 1 0 2 0 6
1270.0 2 1 0 3 0 6
1275.0 2 1 0 2 0 5
1280.0 2 1 0 0 0 3
1285.0 1 1 0 0 0 2
1290.0 1 1 0 0 0 2
1295.0 1 1 1 0 0 3
1300.0 1 1 0 0 0 2
1305.0 1 0 0 0 0 1
1310.0 0 0 0 1 0 1
1315.0 0 0 0 1 0 1
1320.0 0 0 0 0 0 0
1325.0 0 0 0 0 0 0
1330.0 0 0 0 0 0 0
1335.0 0 0 0 0 0 0
1340.0 0 0 0 0 0 0
1345.0 0 0 0 0 0 0
1350.0 0 0 0 0 0 0
1355.0 0 0 0 0 0 0
1360.0 0 0 0 0 0 0
1365.0 0 0 0 0 0 0
1370.0 0 0 0 0 0 0
1375.0 0 0 0 0 0 0
1380.0 0 0 0 0 0 0
1385.0 0 0 0 0 0 0
1390.0 0 0 0 0 0 0
1395.0 0 0 0 0 0 0
1400.0 0 0 0 0 0 0
1405.0 0 0 0 0 0 0
1410.0 0 0 0 0 0 0
1415.0 0 0 0 0 0 0
1420.0 0 0 0 0 0 0
1425.0 0 0 0 0 0 0
1430.0 0 0 0 0 0 0
1435.0 0 0 0 0 0 0
