5.0 0 0 0 0 0 0
10.0 0 0 0 0 0 0
15.0 0 0 0 0 0 0
20.0 0 0 0 0 0 0
25.0 0 0 0 0 0 0
30.0 0 0 0 0 0 0
35.0 0 0 0 0 0 0
40.0 0 0 0 0 0 0
45.0 0 0 0 0 0 0
50.0 0 0 0 0 0 0
55.0 0 0 0 0 0 0
60.0 0 0 0 0 0 0
65.0 0 0 0 0 0 0
70.0 0 0 0 0 0 0
75.0 0 0 0 0 0 0
80.0 0 0 0 0 0 0
85.0 0 0 0 0 0 0
90.0 0 0 0 0 0 0
95.0 0 0 0 0 0 0
100.0 0 0 0 0 0 0
105.0 0 0 0 0 0 0
110.0 0 0 0 0 0 0
115.0 0 0 0 0 0 0
120.0 0 0 0 0 0 0
125.0 0 0 0 0 0 0
130.0 0 0 0 0 0 0
135.0 0 0 0 0 0 0
140.0 0 0 0 0 0 0
145.0 0 0 0 0 0 0
150.0 0 0 0 0 0 0
155.0 0 0 0 0 0 0
160.0 0 0 0 0 0 0
165.0 0 0 0 0 0 0
170.0 0 0 0 0 0 0
175.0 0 0 0 0 0 0
180.0 0 0 0 0 0 0
185.0 0 0 0 0 0 0
190.0 0 0 0 0 0 0
195.0 0 0 0 0 0 0
200.0 0 0 0 0 0 0
205.0 0 0 0 0 0 0
210.0 0 0 0 0 0 0
215.0 0 0 0 1 0 1
220.0 0 0 0 1 0 1
225.0 0 0 0 1 0 1
230.0 0 0 0 1 0 1
235.0 0 0 0 1 0 1
240.0 1 0 0 0 0 1
245.0 1 0 0 0 0 1
250.0 1 0 0 0 0 1
255.0 0 0 0 0 0 0
260.0 0 1 0 0 0 1
265.0 0 1 0 0 0 1
270.0 0 1 0 0 0 1
275.0 0 1 1 0 0 2
280.0 0 1 1 0 0 2
285.0 0 1 1 0 0 2
290.0 0 1 2 0 0 3
295.0 0 1 2 0 0 3
300.0 0 1 2 0 0 3
305.0 0 2 2 0 0 4
310.0 0 3 1 0 0 4
315.0 0 2 1 0 0 3
320.0 0 3 4 0 0 7
325.0 0 4 5 0 0 9
330.0 0 4 6 0 0 10
335.0 0 4 6 0 0 10
340.0 0 6 4 0 0 10
345.0 1 7 3 1 0 12
350.0 2 6 3 1 0 12
355.0 4 5 2 3 0 14
360.0 2 5 5 4 0 16
365.0 3 6 7 4 0 20
370.0 3 6 8 5 0 22
375.0 4 6 9 5 0 24
380.0 5 6 9 6 0 26
385.0 6 5 9 6 0 26
390.0 7 6 9 4 0 26
395.0 8 10 9 4 2 33
400.0 5 11 10 4 3 33
405.0 5 14 11 5 3 38
410.0 7 14 12 6 4 43
415.0 11 15 9 7 6 48
420.0 11 17 15 8 6 57
425.0 12 22 17 11 5 67
430.0 11 18 19 14 6 68
435.0 12 18 17 16 6 69
440.0 12 19 21 18 7 77
445.0 19 25 26 15 7 92
450.0 20 31 25 14 8 98
455.0 17 34 32 17 9 109
460.0 22 37 34 18 9 120
465.0 24 40 38 20 12 134
470.0 28 44 44 20 15 151
475.0 34 42 50 22 16 164
480.0 37 44 48 23 14 166
485.0 40 44 47 21 17 169
490.0 44 47 47 22 19 179
495.0 45 43 57 24 18 187
500.0 48 46 57 26 19 196
505.0 50 46 58 35 23 212
510.0 57 49 62 35 25 228
515.0 53 46 70 36 26 231
520.0 57 46 67 38 26 234
525.0 62 53 66 40 29 250
530.0 65 62 77 41 34 279
535.0 68 63 81 44 36 292
540.0 69 61 91 49 37 307
545.0 74 67 95 52 39 327
550.0 71 77 93 53 41 335
555.0 78 89 98 51 42 358
560.0 80 93 100 58 42 373
565.0 80 98 101 63 38 380
570.0 83 107 103 69 36 398
575.0 91 110 106 66 34 407
580.0 96 103 106 64 38 407
585.0 103 106 112 65 35 421
590.0 106 101 109 64 39 419
595.0 110 102 115 60 42 429
600.0 116 105 122 52 48 443
605.0 125 103 126 48 49 451
610.0 123 96 133 47 51 450
615.0 122 104 129 51 53 459
620.0 118 106 129 58 51 462
625.0 116 101 125 60 56 458
630.0 110 100 129 67 52 458
635.0 116 104 122 68 55 465
640.0 106 103 115 65 59 448
645.0 106 100 123 64 56 449
650.0 105 94 122 61 56 438
655.0 104 97 116 58 61 436
660.0 104 95 116 57 56 428
665.0 103 100 114 62 54 433
670.0 94 107 105 65 56 427
675.0 90 113 97 64 56 420
680.0 100 122 102 60 54 438
685.0 96 117 107 55 50 425
690.0 100 107 110 53 48 418
695.0 87 101 115 55 46 404
700.0 78 106 125 56 46 411
705.0 68 109 115 52 44 388
710.0 71 102 120 51 45 389
715.0 71 91 121 48 45 376
720.0 68 97 121 48 47 381
725.0 69 94 127 52 46 388
730.0 69 85 117 56 43 370
735.0 67 81 113 52 43 356
740.0 74 85 108 56 41 364
745.0 77 86 104 57 41 365
750.0 77 85 104 54 40 360
755.0 71 80 100 53 42 346
760.0 61 73 106 52 45 337
765.0 60 65 100 51 44 320
770.0 56 64 96 46 42 304
775.0 61 68 95 45 39 308
780.0 60 63 91 47 42 303
785.0 62 69 89 44 44 308
790.0 66 71 96 43 40 316
795.0 73 71 98 35 39 316
800.0 78 80 101 36 40 335
805.0 76 83 96 42 38 335
810.0 75 87 95 45 35 337
815.0 82 88 97 44 35 346
820.0 84 82 106 47 34 353
825.0 84 78 105 40 35 342
830.0 84 79 100 41 36 340
835.0 87 79 107 43 36 352
840.0 90 77 102 39 40 348
845.0 88 81 102 40 41 352
850.0 83 78 103 45 46 355
855.0 79 75 106 47 47 354
860.0 79 70 112 48 52 361
865.0 79 77 111 43 52 362
870.0 74 80 108 43 51 356
875.0 74 90 112 48 53 377
880.0 83 94 113 50 48 388
885.0 82 94 116 48 47 387
890.0 78 93 116 50 45 382
895.0 82 93 119 44 45 383
900.0 83 92 125 46 42 388
905.0 85 93 120 45 45 388
910.0 92 89 123 46 45 395
915.0 94 92 126 52 43 407
920.0 102 98 124 49 44 417
925.0 104 101 122 52 45 424
930.0 104 102 115 49 45 415
935.0 100 112 124 50 44 430
940.0 105 115 123 51 46 440
945.0 104 109 122 52 45 432
950.0 97 111 116 52 43 419
955.0 92 114 119 51 43 419
960.0 95 121 118 51 46 431
965.0 104 125 120 38 46 433
970.0 105 125 128 38 45 441
975.0 92 124 128 42 46 432
980.0 93 128 117 45 43 426
985.0 101 112 116 43 42 414
990.0 104 103 117 46 43 413
995.0 104 100 117 43 48 412
1000.0 103 95 118 40 48 404
1005.0 109 105 118 38 53 423
1010.0 101 107 108 47 53 416
1015.0 100 110 117 48 53 428
1020.0 103 109 120 54 54 440
1025.0 105 108 118 55 55 441
1030.0 100 100 126 56 55 437
1035.0 96 108 123 58 54 439
1040.0 99 104 126 58 54 441
1045.0 104 112 133 62 54 465
1050.0 100 114 137 63 57 471
1055.0 96 117 137 63 62 475
1060.0 93 121 139 63 64 480
1065.0 90 124 135 64 68 481
1070.0 92 130 132 67 69 490
1075.0 88 126 128 68 64 474
1080.0 91 120 134 73 61 479
1085.0 96 124 140 75 63 498
1090.0 102 123 149 77 62 513
1095.0 107 115 167 74 62 525
1100.0 106 113 183 77 59 538
1105.0 108 114 183 70 61 536
1110.0 112 115 183 65 61 536
1115.0 111 123 179 57 63 533
1120.0 114 129 172 59 60 534
1125.0 119 128 168 61 59 535
1130.0 120 129 172 51 58 530
1135.0 116 134 166 55 60 531
1140.0 110 134 165 59 60 528
1145.0 109 124 159 56 60 508
1150.0 101 120 158 55 59 493
1155.0 99 120 154 58 59 490
1160.0 89 125 151 56 59 480
1165.0 92 113 155 55 61 476
1170.0 99 111 144 58 60 472
1175.0 102 104 149 53 59 467
1180.0 101 100 145 54 56 456
1185.0 102 95 137 52 56 442
1190.0 102 93 127 54 54 430
1195.0 105 92 126 58 50 431
1200.0 108 92 123 61 47 431
1205.0 104 85 113 54 45 401
1210.0 93 79 106 57 44 379
1215.0 77 76 103 59 44 359
1220.0 81 73 98 51 42 345
1225.0 79 75 90 45 41 330
1230.0 78 70 83 43 38 312
1235.0 66 67 77 43 40 293
1240.0 64 65 78 38 38 283
1245.0 60 66 74 33 37 270
1250.0 66 62 60 29 35 252
1255.0 60 59 55 27 33 234
1260.0 53 59 53 29 28 222
1265.0 46 57 48 29 25 205
1270.0 39 53 45 25 26 188
1275.0 35 53 43 24 24 179
1280.0 31 56 33 22 15 157
1285.0 33 42 32 22 14 143
1290.0 31 32 33 15 14 125
1295.0 31 27 31 12 17 118
1300.0 28 23 28 13 14 106
1305.0 29 19 25 10 13 96
1310.0 23 14 27 10 12 86
1315.0 21 13 22 8 11 75
1320.0 17 11 19 8 7 62
1325.0 16 9 16 6 6 53
1330.0 12 9 13 6 4 44
1335.0 10 8 14 4 3 39
1340.0 10 6 15 3 4 38
1345.0 7 6 14 5 5 37
1350.0 7 6 11 4 3 31
1355.0 5 7 9 5 3 29
1360.0 3 5 5 4 3 20
1365.0 2 4 5 5 2 18
1370.0 4 4 5 3 1 17
1375.0 2 3 3 4 1 13
1380.0 2 3 3 4 2 14
1385.0 1 1 4 3 2 11
1390.0 1 1 5 2 2 11
1395.0 1 1 4 3 1 10
1400.0 1 1 3 1 1 7
1405.0 2 1 2 1 0 6
1410.0 2 1 1 1 0 5
1415.0 2 1 1 1 0 5
1420.0 2 0 1 1 0 4
1425.0 1 0 1 1 0 3
1430.0 1 0 1 1 0 3
1435.0 1 0 0 1 0 2
