5.0 0 0 0 0 0 0
10.0 0 0 0 0 0 0
15.0 0 0 0 0 0 0
20.0 0 0 0 0 0 0
25.0 0 0 0 0 0 0
30.0 0 0 0 0 0 0
35.0 0 0 0 0 0 0
40.0 0 0 0 0 0 0
45.0 0 0 0 0 0 0
50.0 0 0 0 0 0 0
55.0 0 0 0 0 0 0
60.0 0 0 0 0 0 0
65.0 0 0 0 0 0 0
70.0 0 0 0 0 0 0
75.0 0 0 0 0 0 0
80.0 0 0 0 0 0 0
85.0 0 0 0 0 0 0
90.0 0 0 0 0 0 0
95.0 0 0 0 0 0 0
100.0 0 0 0 0 0 0
105.0 0 0 0 0 0 0
110.0 0 0 0 0 0 0
115.0 0 0 0 0 0 0
120.0 0 0 0 0 0 0
125.0 0 0 0 0 0 0
130.0 0 0 0 0 0 0
135.0 0 0 0 0 0 0
140.0 0 0 0 0 0 0
145.0 0 0 0 0 0 0
150.0 0 0 0 0 0 0
155.0 0 0 0 0 0 0
160.0 0 0 0 0 0 0
165.0 0 0 0 0 0 0
170.0 0 0 0 0 0 0
175.0 0 0 0 0 0 0
180.0 0 0 0 0 0 0
185.0 0 0 0 0 0 0
190.0 0 0 0 0 0 0
195.0 0 0 0 0 0 0
200.0 0 0 0 0 0 0
205.0 0 0 0 0 0 0
210.0 0 0 0 0 0 0
215.0 0 0 0 0 0 0
220.0 0 0 0 0 0 0
225.0 0 0 0 0 0 0
230.0 0 0 1 0 0 1
235.0 0 0 1 0 0 1
240.0 0 0 0 1 0 1
245.0 0 0 0 1 0 1
250.0 0 0 0 1 0 1
255.0 0 0 0 1 0 1
260.0 0 0 0 1 0 1
265.0 1 0 0 0 0 1
270.0 1 0 0 0 0 1
275.0 1 0 0 0 0 1
280.0 1 0 1 0 0 2
285.0 1 0 3 0 0 4
290.0 1 0 3 0 0 4
295.0 1 0 3 0 1 5
300.0 2 0 3 0 1 6
305.0 1 0 3 0 1 5
310.0 1 0 3 0 1 5
315.0 1 0 3 0 1 5
320.0 1 0 3 0 1 5
325.0 1 0 3 0 1 5
330.0 1 0 2 0 1 4
335.0 1 0 2 0 1 4
340.0 2 0 3 0 1 6
345.0 2 0 4 0 1 7
350.0 3 0 4 0 1 8
355.0 2 1 4 0 0 7
360.0 2 1 5 0 0 8
365.0 2 2 6 1 0 11
370.0 2 3 6 1 0 12
375.0 2 3 7 1 0 13
380.0 3 4 6 2 0 15
385.0 4 4 7 3 0 18
390.0 4 7 7 3 0 21
395.0 6 8 7 3 1 25
400.0 7 9 7 3 2 28
405.0 6 9 9 4 3 31
410.0 8 8 13 4 3 36
415.0 10 8 13 5 6 42
420.0 10 12 15 5 6 48
425.0 11 13 19 6 5 54
430.0 10 13 22 7 5 57
435.0 11 15 21 13 6 66
440.0 14 14 24 14 5 71
445.0 17 16 27 12 6 78
450.0 19 19 28 10 9 85
455.0 21 26 28 12 11 98
460.0 21 30 30 12 13 106
465.0 19 30 33 12 14 108
470.0 16 29 39 14 13 111
475.0 26 31 33 13 12 115
480.0 30 34 38 14 14 130
485.0 31 32 38 15 12 128
490.0 28 31 40 19 13 131
495.0 32 34 42 21 13 142
500.0 32 35 40 25 13 145
505.0 34 39 43 34 14 164
510.0 38 41 44 36 14 173
515.0 40 44 46 39 15 184
520.0 44 45 54 40 17 200
525.0 49 46 60 38 19 212
530.0 43 50 67 41 19 220
535.0 50 49 70 34 18 221
540.0 62 55 74 33 20 244
545.0 59 58 77 35 20 249
550.0 71 61 83 34 21 270
555.0 82 63 87 37 22 291
560.0 82 67 90 32 21 292
565.0 80 71 98 32 22 303
570.0 80 74 99 34 23 310
575.0 83 70 105 38 25 321
580.0 84 76 105 40 24 329
585.0 90 75 106 39 27 337
590.0 88 77 104 44 28 341
595.0 88 75 109 37 32 341
600.0 90 81 104 42 33 350
605.0 85 87 107 46 34 359
610.0 94 78 111 45 34 362
615.0 102 76 110 48 37 373
620.0 96 80 110 48 37 371
625.0 102 73 109 45 34 363
630.0 109 72 111 42 35 369
635.0 101 71 114 39 35 360
640.0 100 71 113 37 34 355
645.0 101 80 113 37 31 362
650.0 95 86 112 41 36 370
655.0 93 93 117 41 34 378
660.0 92 88 117 43 35 375
665.0 87 87 113 44 37 368
670.0 95 86 111 42 36 370
675.0 93 86 101 47 35 362
680.0 96 79 101 45 37 358
685.0 96 77 101 51 33 358
690.0 105 81 96 48 33 363
695.0 101 84 95 50 34 364
700.0 91 85 92 51 35 354
705.0 89 84 83 46 35 337
710.0 86 87 86 45 37 341
715.0 82 87 79 44 32 324
720.0 72 88 84 45 32 321
725.0 68 84 86 39 29 306
730.0 69 82 92 40 29 312
735.0 67 78 92 41 27 305
740.0 72 75 93 40 26 306
745.0 73 67 94 43 21 298
750.0 71 66 91 44 22 294
755.0 71 60 89 46 22 288
760.0 70 56 84 42 24 276
765.0 71 58 83 39 22 273
770.0 73 65 77 39 25 279
775.0 77 59 82 36 28 282
780.0 77 62 85 38 32 294
785.0 78 52 78 35 34 277
790.0 78 56 79 43 33 289
795.0 71 59 83 43 29 285
800.0 64 64 78 43 35 284
805.0 57 63 83 48 36 287
810.0 59 65 79 52 36 291
815.0 62 68 73 53 33 289
820.0 67 65 80 49 30 291
825.0 75 67 83 46 28 299
830.0 70 73 81 47 30 301
835.0 63 76 79 54 26 298
840.0 62 71 82 46 29 290
845.0 67 69 81 46 31 294
850.0 69 64 92 44 33 302
855.0 69 62 91 49 38 309
860.0 73 62 99 48 36 318
865.0 71 65 95 50 36 317
870.0 72 65 94 47 38 316
875.0 72 58 97 50 42 319
880.0 71 59 92 51 41 314
885.0 69 64 96 53 44 326
890.0 74 66 97 50 41 328
895.0 72 71 105 51 41 340
900.0 72 72 107 52 45 348
905.0 72 76 108 50 48 354
910.0 73 82 108 52 48 363
915.0 70 88 108 55 49 370
920.0 74 79 101 51 49 354
925.0 87 80 88 50 48 353
930.0 74 81 87 56 50 348
935.0 75 80 85 58 51 349
940.0 79 86 87 59 48 359
945.0 75 89 85 57 49 355
950.0 78 91 91 55 49 364
955.0 82 90 87 56 46 361
960.0 84 91 88 56 44 363
965.0 80 88 98 68 42 376
970.0 78 81 100 66 44 369
975.0 76 82 98 62 45 363
980.0 76 77 102 62 44 361
985.0 72 75 112 66 44 369
990.0 72 81 109 66 44 372
995.0 75 86 105 63 46 375
1000.0 73 94 111 66 41 385
1005.0 77 101 116 64 41 399
1010.0 81 101 114 58 40 394
1015.0 72 105 106 60 41 384
1020.0 74 108 100 61 41 384
1025.0 71 111 93 53 40 368
1030.0 75 104 98 49 46 372
1035.0 78 106 99 41 46 370
1040.0 80 105 100 45 46 376
1045.0 84 102 98 45 48 377
1050.0 86 103 99 36 50 374
1055.0 87 112 106 36 48 389
1060.0 93 111 111 38 47 400
1065.0 82 113 116 41 46 398
1070.0 80 110 117 48 43 398
1075.0 87 105 115 53 43 403
1080.0 86 108 112 56 42 404
1085.0 85 110 122 49 38 404
1090.0 79 112 114 47 39 391
1095.0 78 111 124 47 44 404
1100.0 89 115 132 44 42 422
1105.0 86 112 122 46 41 407
1110.0 84 116 117 48 42 407
1115.0 83 112 121 48 42 406
1120.0 83 108 123 56 41 411
1125.0 84 115 121 54 40 414
1130.0 89 111 125 51 39 415
1135.0 86 111 127 62 37 423
1140.0 86 104 125 62 33 410
1145.0 82 96 128 66 36 408
1150.0 79 91 125 68 36 399
1155.0 80 86 126 66 36 394
1160.0 86 89 118 66 37 396
1165.0 73 93 118 59 38 381
1170.0 71 92 117 60 39 379
1175.0 70 86 114 60 39 369
1180.0 66 87 103 60 39 355
1185.0 68 87 106 55 38 354
1190.0 66 89 110 51 35 351
1195.0 60 94 108 40 36 338
1200.0 58 90 101 36 38 323
1205.0 57 89 96 30 38 310
1210.0 55 89 91 25 37 297
1215.0 55 89 88 25 34 291
1220.0 56 77 85 26 33 277
1225.0 54 72 82 29 28 265
1230.0 54 78 69 26 29 256
1235.0 47 70 69 30 26 242
1240.0 40 68 73 25 24 230
1245.0 38 65 65 27 23 218
1250.0 36 64 65 24 21 210
1255.0 31 58 62 21 18 190
1260.0 28 53 64 21 19 185
1265.0 29 51 59 18 15 172
1270.0 30 54 50 18 15 167
1275.0 27 48 48 18 12 153
1280.0 21 44 45 17 10 137
1285.0 21 38 44 17 9 129
1290.0 19 34 36 15 9 113
1295.0 21 27 31 14 7 100
1300.0 17 25 29 10 4 85
1305.0 18 25 25 11 5 84
1310.0 16 21 21 11 6 75
1315.0 18 16 17 11 5 67
1320.0 18 16 17 10 6 67
1325.0 12 12 16 12 6 58
1330.0 12 9 11 11 6 49
1335.0 9 9 9 9 6 42
1340.0 9 9 8 6 6 38
1345.0 9 5 6 5 6 31
1350.0 9 4 5 3 6 27
1355.0 7 1 3 3 4 18
1360.0 5 3 2 2 4 16
1365.0 3 2 5 3 6 19
1370.0 2 1 4 3 5 15
1375.0 1 2 4 3 4 14
1380.0 2 2 3 3 3 13
1385.0 3 2 4 1 3 13
1390.0 3 2 3 1 1 10
1395.0 4 2 1 0 0 7
1400.0 1 2 2 1 0 6
1405.0 0 1 1 1 0 3
1410.0 0 0 0 0 0 0
1415.0 0 0 0 0 0 0
1420.0 0 0 0 0 0 0
1425.0 0 0 0 0 0 0
1430.0 0 0 0 0 0 0
1435.0 0 0 0 0 0 0
