5.0 0 0 0 0 0 0
10.0 0 0 0 0 0 0
15.0 0 0 0 0 0 0
20.0 0 0 0 0 0 0
25.0 0 0 0 0 0 0
30.0 0 0 0 0 0 0
35.0 0 0 0 0 0 0
40.0 0 0 0 0 0 0
45.0 0 0 0 0 0 0
50.0 0 0 0 0 0 0
55.0 0 0 0 0 0 0
60.0 0 0 0 0 0 0
65.0 0 0 0 0 0 0
70.0 0 0 0 0 0 0
75.0 0 0 0 0 0 0
80.0 0 0 0 0 0 0
85.0 0 0 0 0 0 0
90.0 0 0 0 0 0 0
95.0 0 0 0 0 0 0
100.0 0 0 0 0 0 0
105.0 0 0 0 0 0 0
110.0 0 0 0 0 0 0
115.0 0 0 0 0 0 0
120.0 0 0 0 0 0 0
125.0 0 0 0 0 0 0
130.0 0 0 0 0 0 0
135.0 0 0 0 0 0 0
140.0 0 0 0 0 0 0
145.0 0 0 0 0 0 0
150.0 0 0 0 0 0 0
155.0 0 0 0 0 0 0
160.0 0 0 0 0 0 0
165.0 0 0 0 0 0 0
170.0 0 0 0 0 0 0
175.0 0 0 0 0 0 0
180.0 0 0 0 0 0 0
185.0 0 0 0 0 0 0
190.0 0 0 0 0 0 0
195.0 0 0 0 0 0 0
200.0 0 0 0 0 0 0
205.0 0 0 0 0 0 0
210.0 0 0 0 0 0 0
215.0 0 0 0 0 0 0
220.0 0 0 0 0 0 0
225.0 0 0 0 0 0 0
230.0 0 0 0 0 0 0
235.0 0 0 0 0 0 0
240.0 0 0 0 0 0 0
245.0 0 0 0 0 0 0
250.0 0 0 0 0 0 0
255.0 0 0 0 0 0 0
260.0 0 0 0 0 0 0
265.0 0 0 0 0 0 0
270.0 0 0 0 0 0 0
275.0 0 0 0 0 0 0
280.0 0 0 0 0 0 0
285.0 0 0 0 0 0 0
290.0 0 0 0 0 0 0
295.0 0 0 0 0 0 0
300.0 0 0 0 0 0 0
305.0 0 0 0 0 0 0
310.0 0 0 0 0 0 0
315.0 0 0 0 0 0 0
320.0 0 0 0 0 0 0
325.0 0 0 0 0 0 0
330.0 0 0 0 0 0 0
335.0 0 0 0 0 0 0
340.0 0 0 0 0 0 0
345.0 0 0 0 0 0 0
350.0 0 0 0 0 0 0
355.0 0 0 1 0 0 1
360.0 0 0 1 0 0 1
365.0 0 0 1 0 0 1
370.0 1 0 0 0 0 1
375.0 1 0 0 0 0 1
380.0 1 0 0 0 0 1
385.0 1 0 1 0 0 2
390.0 1 0 1 0 0 2
395.0 0 0 1 0 0 1
400.0 0 0 1 0 0 1
405.0 0 0 1 0 0 1
410.0 0 0 1 0 0 1
415.0 0 0 1 1 0 2
420.0 1 0 0 1 0 2
425.0 1 0 0 1 0 2
430.0 2 0 0 0 0 2
435.0 2 0 0 0 0 2
440.0 1 0 0 0 0 1
445.0 1 0 0 0 0 1
450.0 2 0 0 0 0 2
455.0 2 0 1 0 0 3
460.0 2 0 1 0 0 3
465.0 1 0 1 0 0 2
470.0 1 0 2 0 0 3
475.0 1 0 2 0 0 3
480.0 1 1 2 0 0 4
485.0 1 1 2 0 0 4
490.0 1 1 2 0 0 4
495.0 1 2 2 0 0 5
500.0 1 2 2 0 0 5
505.0 0 2 2 0 0 4
510.0 0 2 2 0 0 4
515.0 0 2 2 0 0 4
520.0 0 1 2 0 0 3
525.0 1 1 2 0 0 4
530.0 1 1 2 0 0 4
535.0 2 1 1 0 0 4
540.0 2 1 1 0 0 4
545.0 2 1 1 1 0 5
550.0 2 1 2 1 0 6
555.0 2 1 2 1 0 6
560.0 2 1 2 0 0 5
565.0 1 2 2 0 0 5
570.0 1 2 2 0 0 5
575.0 1 3 3 0 0 7
580.0 1 3 4 0 0 8
585.0 1 4 4 0 0 9
590.0 1 4 4 1 0 10
595.0 1 4 3 1 0 9
600.0 1 4 2 1 0 8
605.0 1 4 3 1 0 9
610.0 1 3 4 1 0 9
615.0 1 2 5 1 0 9
620.0 2 1 5 1 0 9
625.0 2 1 5 0 0 8
630.0 3 1 6 0 0 10
635.0 1 1 6 0 0 8
640.0 1 0 7 0 0 8
645.0 1 0 7 0 0 8
650.0 1 1 5 0 0 7
655.0 1 2 5 0 0 8
660.0 0 2 5 0 1 8
665.0 0 3 5 0 1 9
670.0 0 5 5 0 1 11
675.0 0 5 4 1 1 11
680.0 0 3 4 1 1 9
685.0 1 3 3 0 1 8
690.0 1 1 3 0 1 6
695.0 1 1 3 0 1 6
700.0 1 2 4 0 1 8
705.0 2 1 5 1 1 10
710.0 2 1 4 1 1 9
715.0 2 1 3 1 1 8
720.0 2 1 2 1 1 7
725.0 2 1 2 1 1 7
730.0 2 1 2 0 1 6
735.0 2 1 2 0 1 6
740.0 2 1 2 0 1 6
745.0 2 0 2 0 1 5
750.0 1 1 3 0 1 6
755.0 1 1 2 0 1 5
760.0 2 1 2 0 1 6
765.0 2 1 3 0 1 7
770.0 2 1 3 0 2 8
775.0 2 1 3 0 2 8
780.0 3 1 3 0 1 8
785.0 3 1 3 0 0 7
790.0 2 1 3 0 0 6
795.0 1 1 3 1 0 6
800.0 1 2 2 1 0 6
805.0 2 2 3 1 0 8
810.0 2 2 3 0 0 7
815.0 2 2 1 0 0 5
820.0 2 1 1 0 0 4
825.0 2 1 1 0 0 4
830.0 2 1 1 1 1 6
835.0 2 2 2 1 1 8
840.0 2 2 2 1 1 8
845.0 2 1 2 0 1 6
850.0 3 1 2 0 1 7
855.0 4 0 3 0 0 7
860.0 3 0 3 0 0 6
865.0 2 1 3 0 0 6
870.0 2 1 3 0 0 6
875.0 2 1 4 0 1 8
880.0 2 1 4 0 1 8
885.0 3 1 4 0 1 9
890.0 3 2 4 0 1 10
895.0 3 2 3 0 1 9
900.0 1 1 5 0 1 8
905.0 1 0 5 0 1 7
910.0 1 0 5 0 1 7
915.0 1 0 3 1 1 6
920.0 0 0 4 1 2 7
925.0 0 0 3 1 2 6
930.0 1 0 3 1 1 6
935.0 1 1 2 1 0 5
940.0 1 1 2 1 0 5
945.0 1 2 2 0 0 5
950.0 1 2 2 0 0 5
955.0 1 2 2 0 0 5
960.0 0 1 3 0 0 4
965.0 0 1 3 1 0 5
970.0 0 1 2 1 0 4
975.0 0 1 1 1 0 3
980.0 0 1 1 1 0 3
985.0 0 1 1 1 0 3
990.0 1 1 3 1 0 6
995.0 1 2 4 1 0 8
1000.0 1 1 6 1 0 9
1005.0 0 1 6 1 0 8
1010.0 1 1 7 0 0 9
1015.0 1 1 6 0 0 8
1020.0 2 1 4 1 0 8
1025.0 2 2 4 1 0 9
1030.0 2 2 3 2 0 9
1035.0 2 3 3 1 0 9
1040.0 2 2 4 0 0 8
1045.0 1 2 5 0 0 8
1050.0 2 3 5 0 0 10
1055.0 1 4 6 0 0 11
1060.0 1 4 6 0 0 11
1065.0 1 5 7 0 0 13
1070.0 2 4 7 0 0 13
1075.0 3 3 4 0 0 10
1080.0 2 5 4 0 0 11
1085.0 1 4 4 1 0 10
1090.0 1 4 4 1 0 10
1095.0 1 3 4 0 0 8
1100.0 1 2 3 0 0 6
1105.0 1 0 3 2 0 6
1110.0 2 0 4 2 0 8
1115.0 3 0 5 2 0 10
1120.0 5 0 4 1 0 10
1125.0 5 0 4 1 0 10
1130.0 5 0 5 1 1 12
1135.0 5 0 6 1 1 13
1140.0 5 1 6 1 1 14
1145.0 4 1 6 1 1 13
1150.0 5 1 6 1 0 13
1155.0 5 1 5 1 0 12
1160.0 4 1 7 1 0 13
1165.0 2 0 4 1 1 8
1170.0 2 1 4 1 1 9
1175.0 3 1 3 1 2 10
1180.0 4 1 2 1 2 10
1185.0 4 2 3 1 2 12
1190.0 4 2 4 1 2 13
1195.0 5 1 4 1 2 13
1200.0 4 1 3 0 2 10
1205.0 4 1 3 0 2 10
1210.0 4 2 3 0 2 11
1215.0 4 2 2 1 2 11
1220.0 3 2 2 1 2 10
1225.0 1 2 2 1 0 6
1230.0 2 1 1 0 0 4
1235.0 2 1 1 0 0 4
1240.0 2 0 2 0 0 4
1245.0 3 0 2 0 0 5
1250.0 3 0 1 0 0 4
1255.0 3 0 1 0 0 4
1260.0 3 0 1 0 0 4
1265.0 3 0 1 0 0 4
1270.0 2 0 0 0 0 2
1275.0 2 0 0 0 0 2
1280.0 2 0 0 0 1 3
1285.0 1 0 0 1 1 3
1290.0 0 0 0 1 1 2
1295.0 0 0 0 2 1 3
1300.0 0 0 0 2 1 3
1305.0 0 0 0 2 1 3
1310.0 0 0 0 2 1 3
1315.0 1 0 0 1 1 3
1320.0 1 0 0 1 1 3
1325.0 0 0 0 1 1 2
1330.0 0 0 0 0 1 1
1335.0 0 0 0 0 1 1
1340.0 0 0 0 0 1 1
1345.0 0 0 0 0 1 1
1350.0 0 0 1 0 0 1
1355.0 0 0 1 0 0 1
1360.0 0 0 1 0 0 1
1365.0 0 0 1 0 0 1
1370.0 0 0 1 0 0 1
1375.0 0 0 1 0 0 1
1380.0 0 0 1 0 0 1
1385.0 0 0 1 0 0 1
1390.0 0 0 1 0 0 1
1395.0 0 0 0 0 0 0
1400.0 0 0 0 0 0 0
1405.0 0 0 0 0 0 0
1410.0 0 0 0 0 0 0
1415.0 0 0 0 0 0 0
1420.0 0 0 0 0 0 0
1425.0 0 0 0 0 0 0
1430.0 0 0 0 0 0 0
1435.0 0 0 0 0 0 0
