5.0 0 0 0 0 0 0
10.0 0 0 0 0 0 0
15.0 0 0 0 0 0 0
20.0 0 0 0 0 0 0
25.0 0 0 0 0 0 0
30.0 0 0 0 0 0 0
35.0 0 0 0 0 0 0
40.0 0 0 0 0 0 0
45.0 0 0 0 0 0 0
50.0 0 0 0 0 0 0
55.0 0 0 0 0 0 0
60.0 0 0 0 0 0 0
65.0 0 0 0 0 0 0
70.0 0 0 0 0 0 0
75.0 0 0 0 0 0 0
80.0 0 0 0 0 0 0
85.0 0 0 0 0 0 0
90.0 0 0 0 0 0 0
95.0 0 0 0 0 0 0
100.0 0 0 0 0 0 0
105.0 0 0 0 0 0 0
110.0 0 0 0 0 0 0
115.0 0 0 0 0 0 0
120.0 0 0 0 0 0 0
125.0 0 0 0 0 0 0
130.0 0 0 0 0 0 0
135.0 0 0 0 0 0 0
140.0 0 0 0 0 0 0
145.0 0 0 0 0 0 0
150.0 0 0 0 0 0 0
155.0 0 0 0 0 0 0
160.0 0 0 0 0 0 0
165.0 0 0 0 0 0 0
170.0 0 0 0 0 0 0
175.0 0 0 0 0 0 0
180.0 0 0 0 0 0 0
185.0 0 0 0 0 0 0
190.0 0 0 0 0 0 0
195.0 0 0 0 0 0 0
200.0 0 0 0 0 0 0
205.0 0 0 0 0 0 0
210.0 0 0 0 0 0 0
215.0 0 0 0 0 0 0
220.0 0 0 0 0 0 0
225.0 0 0 0 0 0 0
230.0 0 0 0 0 0 0
235.0 0 0 0 0 0 0
240.0 0 0 0 0 0 0
245.0 0 0 0 0 0 0
250.0 0 0 0 0 0 0
255.0 1 0 0 0 0 1
260.0 1 0 0 0 0 1
265.0 1 0 0 0 0 1
270.0 1 0 0 0 0 1
275.0 1 0 0 0 0 1
280.0 0 0 1 0 0 1
285.0 0 0 1 0 0 1
290.0 1 0 1 0 0 2
295.0 1 0 1 0 0 2
300.0 1 0 1 0 0 2
305.0 0 0 2 0 0 2
310.0 0 0 2 0 0 2
315.0 0 0 2 0 0 2
320.0 0 0 3 0 0 3
325.0 0 0 2 0 1 3
330.0 0 0 1 0 1 2
335.0 0 0 1 0 1 2
340.0 0 1 1 1 1 4
345.0 0 1 1 2 1 5
350.0 0 1 1 2 1 5
355.0 0 1 2 2 1 6
360.0 1 1 2 2 1 7
365.0 1 1 2 2 1 7
370.0 1 1 2 2 1 7
375.0 3 1 2 3 1 10
380.0 3 1 3 3 1 11
385.0 3 2 3 1 1 10
390.0 3 4 3 1 1 12
395.0 3 4 4 1 1 13
400.0 3 4 5 1 1 14
405.0 6 4 6 1 1 18
410.0 6 4 7 1 1 19
415.0 6 4 8 1 1 20
420.0 7 4 8 2 2 23
425.0 8 4 10 4 2 28
430.0 8 6 10 4 1 29
435.0 7 6 10 4 1 28
440.0 8 7 12 4 1 32
445.0 10 7 15 4 1 37
450.0 11 6 17 4 1 39
455.0 14 9 18 4 1 46
460.0 14 9 21 5 3 52
465.0 17 9 24 5 4 59
470.0 18 10 27 8 6 69
475.0 21 10 24 8 7 70
480.0 25 11 24 5 7 72
485.0 26 14 21 8 6 75
490.0 24 18 22 9 8 81
495.0 22 18 28 9 10 87
500.0 22 20 27 9 10 88
505.0 24 23 25 10 12 94
510.0 26 23 22 11 11 93
515.0 26 21 24 14 10 95
520.0 25 22 25 14 9 95
525.0 26 24 27 14 8 99
530.0 25 23 31 16 8 103
535.0 25 22 35 19 7 108
540.0 27 21 35 24 7 114
545.0 33 24 38 21 8 124
550.0 35 28 36 19 7 125
555.0 35 32 38 21 8 134
560.0 33 30 41 25 8 137
565.0 31 32 39 29 9 140
570.0 30 38 38 35 12 153
575.0 33 39 38 32 10 152
580.0 34 41 39 31 10 155
585.0 39 38 39 30 11 157
590.0 43 38 45 29 12 167
595.0 48 40 48 26 15 177
600.0 52 36 49 26 15 178
605.0 52 41 45 23 16 177
610.0 53 40 52 23 17 185
615.0 49 41 53 28 17 188
620.0 46 44 51 29 17 187
625.0 48 44 55 24 16 187
630.0 46 42 58 23 17 186
635.0 48 42 60 21 16 187
640.0 46 39 61 23 19 188
645.0 47 39 58 26 21 191
650.0 46 44 56 26 23 195
655.0 47 47 60 29 22 205
660.0 46 45 61 31 20 203
665.0 45 43 59 30 20 197
670.0 47 42 59 30 20 198
675.0 41 45 55 30 24 195
680.0 41 39 51 35 24 190
685.0 40 38 54 33 22 187
690.0 42 40 52 27 23 184
695.0 39 37 47 28 23 174
700.0 32 44 45 30 21 172
705.0 29 42 43 25 19 158
710.0 27 46 45 25 15 158
715.0 29 48 44 21 16 158
720.0 32 49 35 19 17 152
725.0 31 50 31 18 20 150
730.0 35 52 33 16 20 156
735.0 35 51 36 17 19 158
740.0 29 50 32 20 18 149
745.0 27 44 36 22 17 146
750.0 27 38 38 24 16 143
755.0 26 37 38 23 15 139
760.0 22 37 41 20 14 134
765.0 25 36 39 21 14 135
770.0 21 35 40 20 12 128
775.0 21 32 32 24 12 121
780.0 23 27 30 23 12 115
785.0 24 25 32 25 12 118
790.0 25 25 39 23 11 123
795.0 25 24 38 19 9 115
800.0 23 29 31 22 9 114
805.0 30 29 31 21 8 119
810.0 31 32 37 20 8 128
815.0 32 33 38 19 9 131
820.0 35 32 39 18 9 133
825.0 33 32 42 18 9 134
830.0 32 34 44 16 9 135
835.0 36 32 47 17 10 142
840.0 35 34 46 19 9 143
845.0 34 31 45 19 7 136
850.0 34 30 48 20 10 142
855.0 35 32 44 22 11 144
860.0 33 33 45 17 11 139
865.0 31 35 50 20 12 148
870.0 30 37 53 20 12 152
875.0 31 38 57 16 12 154
880.0 33 40 57 15 14 159
885.0 29 38 56 14 13 150
890.0 28 43 56 11 12 150
895.0 34 49 54 11 12 160
900.0 37 48 49 10 10 154
905.0 37 51 48 12 8 156
910.0 32 47 49 15 9 152
915.0 35 52 42 17 8 154
920.0 35 53 42 20 8 158
925.0 28 50 40 24 11 153
930.0 33 47 39 23 11 153
935.0 38 46 38 23 14 159
940.0 46 45 42 20 10 163
945.0 45 45 42 19 9 160
950.0 42 48 41 17 9 157
955.0 48 48 37 19 5 157
960.0 43 48 33 22 6 152
965.0 42 49 34 22 7 154
970.0 42 46 38 25 7 158
975.0 40 44 35 25 9 153
980.0 40 47 40 23 11 161
985.0 34 50 48 26 12 170
990.0 34 51 50 26 11 172
995.0 31 49 51 28 15 174
1000.0 28 49 52 28 13 170
1005.0 28 47 53 24 14 166
1010.0 28 46 59 23 14 170
1015.0 27 49 56 25 18 175
1020.0 26 55 56 22 20 179
1025.0 32 56 52 21 20 181
1030.0 33 54 49 18 24 178
1035.0 35 57 45 18 22 177
1040.0 32 55 45 18 24 174
1045.0 31 48 44 18 21 162
1050.0 35 48 42 18 22 165
1055.0 36 50 48 15 21 170
1060.0 35 53 45 16 21 170
1065.0 33 57 43 18 23 174
1070.0 34 54 45 22 23 178
1075.0 35 47 50 23 21 176
1080.0 38 48 51 24 19 180
1085.0 42 49 55 23 19 188
1090.0 47 46 57 21 19 190
1095.0 48 43 57 21 21 190
1100.0 52 44 54 22 21 193
1105.0 52 43 50 22 20 187
1110.0 52 43 45 22 20 182
1115.0 54 49 47 23 21 194
1120.0 50 48 52 23 24 197
1125.0 51 46 50 25 22 194
1130.0 49 49 47 25 20 190
1135.0 46 50 44 27 21 188
1140.0 48 54 48 26 22 198
1145.0 48 51 55 26 24 204
1150.0 50 53 59 22 22 206
1155.0 48 50 55 24 23 200
1160.0 43 50 59 22 24 198
1165.0 39 43 59 20 24 185
1170.0 37 45 54 20 24 180
1175.0 36 43 56 21 23 179
1180.0 35 48 51 20 22 176
1185.0 40 47 47 15 24 173
1190.0 37 45 51 15 26 174
1195.0 35 49 48 13 24 169
1200.0 34 42 41 13 25 155
1205.0 35 45 37 15 25 157
1210.0 34 46 39 17 21 157
1215.0 28 43 40 18 19 148
1220.0 30 44 37 18 16 145
1225.0 30 39 35 22 17 143
1230.0 29 34 36 22 15 136
1235.0 26 34 33 17 12 122
1240.0 24 28 29 15 14 110
1245.0 23 23 30 14 14 104
1250.0 20 18 32 10 13 93
1255.0 17 17 30 8 13 85
1260.0 19 17 28 9 12 85
1265.0 21 14 23 8 10 76
1270.0 19 16 23 4 9 71
1275.0 18 15 20 4 9 66
1280.0 15 15 18 3 9 60
1285.0 14 13 17 3 7 54
1290.0 12 13 17 3 5 50
1295.0 9 12 19 1 6 47
1300.0 7 9 19 1 7 43
1305.0 7 9 16 1 7 40
1310.0 8 11 15 0 5 39
1315.0 9 10 14 1 5 39
1320.0 7 10 10 1 5 33
1325.0 5 9 10 1 4 29
1330.0 4 7 7 1 4 23
1335.0 3 8 5 1 4 21
1340.0 3 6 4 1 2 16
1345.0 2 5 3 2 1 13
1350.0 2 4 2 3 1 12
1355.0 1 4 2 3 1 11
1360.0 1 4 0 3 1 9
1365.0 0 4 0 3 2 9
1370.0 0 3 0 3 1 7
1375.0 0 1 1 2 0 4
1380.0 0 0 1 1 0 2
1385.0 0 0 1 1 0 2
1390.0 0 0 2 1 0 3
1395.0 0 0 2 1 0 3
1400.0 0 0 2 1 0 3
1405.0 0 0 2 0 1 3
1410.0 0 0 1 0 1 2
1415.0 0 0 1 0 1 2
1420.0 0 0 0 0 1 1
1425.0 0 0 0 0 1 1
1430.0 0 0 0 0 1 1
1435.0 0 0 0 0 1 1
