5.0 0 0 0 0 0 0
10.0 0 0 0 0 0 0
15.0 0 0 0 0 0 0
20.0 0 0 0 0 0 0
25.0 0 0 0 0 0 0
30.0 0 0 0 0 0 0
35.0 0 0 0 0 0 0
40.0 0 0 0 0 0 0
45.0 0 0 0 0 0 0
50.0 0 0 0 0 0 0
55.0 0 0 0 0 0 0
60.0 0 0 0 0 0 0
65.0 0 0 0 0 0 0
70.0 0 0 0 0 0 0
75.0 0 0 0 0 0 0
80.0 0 0 0 0 0 0
85.0 0 0 0 0 0 0
90.0 0 0 0 0 0 0
95.0 0 0 0 0 0 0
100.0 0 0 0 0 0 0
105.0 0 0 0 0 0 0
110.0 0 0 0 0 0 0
115.0 0 0 0 0 0 0
120.0 0 0 0 0 0 0
125.0 0 0 0 0 0 0
130.0 0 0 0 0 0 0
135.0 0 0 0 0 0 0
140.0 0 0 0 0 0 0
145.0 0 0 0 0 0 0
150.0 0 0 0 0 0 0
155.0 0 0 0 0 0 0
160.0 0 0 0 0 0 0
165.0 0 0 0 0 0 0
170.0 0 0 0 0 0 0
175.0 0 0 0 0 0 0
180.0 0 0 0 0 0 0
185.0 0 0 0 0 0 0
190.0 0 0 0 0 0 0
195.0 0 0 0 0 0 0
200.0 0 0 0 0 0 0
205.0 0 0 0 0 0 0
210.0 0 0 0 0 0 0
215.0 0 0 0 0 0 0
220.0 0 0 0 0 0 0
225.0 0 0 0 0 0 0
230.0 0 0 0 0 0 0
235.0 0 0 0 0 0 0
240.0 0 0 0 0 0 0
245.0 0 0 0 0 0 0
250.0 0 0 0 0 0 0
255.0 0 0 0 0 0 0
260.0 0 0 0 0 0 0
265.0 0 0 0 0 0 0
270.0 0 0 0 0 0 0
275.0 0 0 0 0 0 0
280.0 0 0 0 0 0 0
285.0 0 0 0 0 0 0
290.0 1 0 0 0 0 1
295.0 1 0 0 0 0 1
300.0 1 1 0 1 0 3
305.0 1 1 0 1 0 3
310.0 1 1 0 1 0 3
315.0 1 2 0 1 0 4
320.0 1 2 0 1 0 4
325.0 2 2 0 1 0 5
330.0 2 1 0 0 0 3
335.0 2 1 0 0 0 3
340.0 4 2 0 0 0 6
345.0 4 2 1 1 2 10
350.0 5 2 1 1 2 11
355.0 5 3 1 1 3 13
360.0 3 4 2 1 3 13
365.0 3 4 3 2 3 15
370.0 3 5 2 2 4 16
375.0 3 4 4 3 5 19
380.0 3 6 6 2 5 22
385.0 4 5 7 2 5 23
390.0 5 4 7 3 6 25
395.0 4 5 8 3 6 26
400.0 6 6 11 3 6 32
405.0 8 8 10 3 5 34
410.0 9 7 12 2 5 35
415.0 12 8 17 2 5 44
420.0 12 7 19 3 6 47
425.0 14 8 21 4 6 53
430.0 16 12 21 4 6 59
435.0 17 15 20 3 6 61
440.0 19 17 17 4 6 63
445.0 24 15 21 5 6 71
450.0 26 18 23 8 9 84
455.0 29 20 28 12 8 97
460.0 35 19 29 13 11 107
465.0 35 22 32 14 11 114
470.0 35 26 36 14 12 123
475.0 28 30 45 17 12 132
480.0 28 33 44 17 15 137
485.0 35 36 46 17 18 152
490.0 39 38 47 22 20 166
495.0 42 45 48 23 19 177
500.0 44 51 45 21 20 181
505.0 44 53 47 23 22 189
510.0 39 53 48 26 25 191
515.0 47 56 53 29 28 213
520.0 58 61 51 31 27 228
525.0 62 65 50 32 26 235
530.0 65 69 54 36 25 249
535.0 74 68 60 36 25 263
540.0 74 69 62 38 23 266
545.0 73 75 59 43 23 273
550.0 70 68 67 47 23 275
555.0 71 68 65 45 23 272
560.0 69 72 74 44 27 286
565.0 70 80 79 46 30 305
570.0 76 83 84 48 31 322
575.0 77 80 88 49 34 328
580.0 76 81 86 52 39 334
585.0 83 80 97 51 39 350
590.0 80 79 101 53 42 355
595.0 79 87 97 56 42 361
600.0 81 87 98 55 48 369
605.0 85 82 100 49 52 368
610.0 83 78 98 50 55 364
615.0 79 82 100 51 52 364
620.0 80 90 97 52 49 368
625.0 71 94 109 52 54 380
630.0 67 103 103 49 57 379
635.0 70 93 113 43 55 374
640.0 73 96 112 42 57 380
645.0 71 93 104 47 54 369
650.0 70 94 108 50 57 379
655.0 69 91 117 51 54 382
660.0 63 92 110 52 52 369
665.0 60 90 110 50 50 360
670.0 62 85 102 53 49 351
675.0 60 87 100 51 50 348
680.0 59 87 104 45 47 342
685.0 65 95 105 41 46 352
690.0 66 89 98 40 46 339
695.0 75 91 94 39 45 344
700.0 70 90 90 35 45 330
705.0 63 93 93 38 42 329
710.0 65 96 91 40 43 335
715.0 61 93 93 40 46 333
720.0 70 86 89 35 46 326
725.0 62 87 87 38 42 316
730.0 62 80 82 40 41 305
735.0 59 75 81 37 39 291
740.0 59 68 85 32 36 280
745.0 56 68 79 33 35 271
750.0 55 69 82 32 33 271
755.0 60 65 82 31 30 268
760.0 61 68 76 29 30 264
765.0 55 58 79 31 30 253
770.0 43 54 82 38 30 247
775.0 42 60 80 38 27 247
780.0 50 59 79 35 24 247
785.0 53 56 80 42 26 257
790.0 53 60 82 43 27 265
795.0 56 64 86 38 24 268
800.0 53 66 83 35 24 261
805.0 52 66 86 35 26 265
810.0 58 66 78 32 31 265
815.0 51 69 82 35 30 267
820.0 53 67 78 38 29 265
825.0 54 69 79 33 26 261
830.0 55 71 83 33 28 270
835.0 57 69 86 39 30 281
840.0 58 76 83 38 28 283
845.0 60 74 84 39 26 283
850.0 57 72 85 40 28 282
855.0 65 74 82 41 28 290
860.0 68 69 90 43 29 299
865.0 74 69 93 39 29 304
870.0 77 73 91 39 30 310
875.0 80 75 94 36 34 319
880.0 73 74 88 41 34 310
885.0 71 71 90 39 35 306
890.0 68 71 96 44 36 315
895.0 63 78 91 49 36 317
900.0 71 80 93 47 35 326
905.0 70 76 91 39 35 311
910.0 66 84 93 41 33 317
915.0 63 87 95 39 33 317
920.0 61 87 97 39 35 319
925.0 72 87 98 38 36 331
930.0 74 91 107 36 35 343
935.0 67 88 110 45 35 345
940.0 73 86 113 41 34 347
945.0 72 92 116 46 33 359
950.0 76 86 119 42 33 356
955.0 71 76 119 39 39 344
960.0 72 75 122 41 37 347
965.0 73 73 125 38 36 345
970.0 76 77 123 37 34 347
975.0 71 77 123 43 35 349
980.0 76 75 125 46 39 361
985.0 74 80 124 46 38 362
990.0 82 78 121 44 35 360
995.0 81 80 114 40 36 351
1000.0 77 70 105 45 34 331
1005.0 79 74 104 49 36 342
1010.0 77 70 106 48 37 338
1015.0 70 72 106 53 36 337
1020.0 68 76 112 54 35 345
1025.0 64 80 112 53 34 343
1030.0 71 72 116 47 39 345
1035.0 70 78 120 51 34 353
1040.0 72 78 121 52 36 359
1045.0 74 84 115 47 41 361
1050.0 83 85 112 44 41 365
1055.0 84 93 119 45 43 384
1060.0 80 91 118 44 45 378
1065.0 89 93 119 40 45 386
1070.0 82 91 116 39 46 374
1075.0 75 92 121 42 45 375
1080.0 76 91 122 43 48 380
1085.0 71 100 126 47 48 392
1090.0 63 98 122 48 51 382
1095.0 78 95 117 42 52 384
1100.0 83 94 116 44 49 386
1105.0 90 98 114 44 49 395
1110.0 86 110 119 42 45 402
1115.0 84 105 128 42 47 406
1120.0 84 110 131 41 44 410
1125.0 87 112 127 48 44 418
1130.0 85 111 126 45 44 411
1135.0 84 115 118 46 41 404
1140.0 84 123 118 49 41 415
1145.0 88 123 111 43 37 402
1150.0 86 124 113 43 40 406
1155.0 93 111 117 44 40 405
1160.0 91 103 124 47 40 405
1165.0 93 100 121 48 43 405
1170.0 87 107 121 47 44 406
1175.0 85 100 112 50 40 387
1180.0 84 98 114 50 41 387
1185.0 81 108 113 48 41 391
1190.0 71 103 107 52 38 371
1195.0 71 98 111 50 37 367
1200.0 69 89 110 46 35 349
1205.0 70 82 108 43 36 339
1210.0 70 76 102 40 39 327
1215.0 72 75 94 42 39 322
1220.0 68 78 86 39 35 306
1225.0 63 73 82 38 35 291
1230.0 63 73 69 32 34 271
1235.0 59 75 64 32 32 262
1240.0 60 64 63 31 29 247
1245.0 61 59 55 30 26 231
1250.0 61 59 49 27 20 216
1255.0 62 51 49 23 16 201
1260.0 53 50 47 23 15 188
1265.0 44 49 42 24 16 175
1270.0 33 46 45 24 12 160
1275.0 32 39 38 23 14 146
1280.0 29 35 38 22 12 136
1285.0 27 31 40 22 10 130
1290.0 27 34 39 20 8 128
1295.0 25 33 34 19 7 118
1300.0 23 30 31 17 7 108
1305.0 21 28 21 16 5 91
1310.0 15 24 26 12 4 81
1315.0 12 20 23 8 3 66
1320.0 20 17 21 6 3 67
1325.0 19 18 20 6 3 66
1330.0 17 14 19 6 3 59
1335.0 20 12 15 5 3 55
1340.0 15 12 10 4 1 42
1345.0 10 9 10 5 1 35
1350.0 7 7 9 3 0 26
1355.0 7 7 5 1 0 20
1360.0 6 5 4 3 0 18
1365.0 7 6 6 3 0 22
1370.0 8 5 6 4 0 23
1375.0 6 4 5 4 0 19
1380.0 6 4 3 2 0 15
1385.0 4 4 3 1 0 12
1390.0 3 5 3 1 0 12
1395.0 2 4 4 1 0 11
1400.0 2 3 3 1 0 9
1405.0 2 0 3 1 0 6
1410.0 2 0 4 1 0 7
1415.0 2 1 3 0 0 6
1420.0 2 1 3 0 0 6
1425.0 2 1 3 0 0 6
1430.0 2 1 3 0 0 6
1435.0 2 2 0 0 0 4
