5.0 0 0 0 0 0 0
10.0 0 0 0 0 0 0
15.0 0 0 0 0 0 0
20.0 0 0 0 0 0 0
25.0 0 0 0 0 0 0
30.0 0 0 0 0 0 0
35.0 0 0 0 0 0 0
40.0 0 0 0 0 0 0
45.0 0 0 0 0 0 0
50.0 0 0 0 0 0 0
55.0 0 0 0 0 0 0
60.0 0 0 0 0 0 0
65.0 0 0 0 0 0 0
70.0 0 0 0 0 0 0
75.0 0 0 0 0 0 0
80.0 0 0 0 0 0 0
85.0 0 0 0 0 0 0
90.0 0 0 0 0 0 0
95.0 0 0 0 0 0 0
100.0 0 0 0 0 0 0
105.0 0 0 0 0 0 0
110.0 0 0 0 0 0 0
115.0 0 0 0 0 0 0
120.0 0 0 0 0 0 0
125.0 0 0 0 0 0 0
130.0 0 0 0 0 0 0
135.0 0 0 0 0 0 0
140.0 0 0 0 0 0 0
145.0 0 0 0 0 0 0
150.0 0 0 0 0 0 0
155.0 0 0 0 0 0 0
160.0 0 0 0 0 0 0
165.0 0 0 0 0 0 0
170.0 0 0 0 0 0 0
175.0 0 0 0 0 0 0
180.0 0 0 0 0 0 0
185.0 0 0 0 0 0 0
190.0 0 0 0 0 0 0
195.0 0 0 0 0 0 0
200.0 0 0 0 0 0 0
205.0 0 0 0 0 0 0
210.0 0 0 0 0 0 0
215.0 0 0 0 0 0 0
220.0 0 0 0 0 0 0
225.0 0 0 0 0 0 0
230.0 0 0 0 0 0 0
235.0 0 0 0 0 0 0
240.0 0 0 1 0 0 1
245.0 0 0 1 0 0 1
250.0 0 0 1 0 0 1
255.0 0 0 1 0 0 1
260.0 0 0 1 0 0 1
265.0 0 0 1 0 0 1
270.0 0 0 1 0 0 1
275.0 0 0 1 0 0 1
280.0 0 0 1 0 0 1
285.0 1 0 1 0 0 2
290.0 1 0 1 0 0 2
295.0 1 0 1 0 0 2
300.0 1 0 1 0 0 2
305.0 1 0 1 0 0 2
310.0 1 0 1 0 0 2
315.0 1 0 1 0 0 2
320.0 1 0 1 0 0 2
325.0 1 0 1 0 0 2
330.0 1 0 1 0 0 2
335.0 2 1 1 0 1 5
340.0 2 1 1 0 1 5
345.0 2 1 1 0 1 5
350.0 2 1 1 0 1 5
355.0 1 1 2 1 1 6
360.0 1 1 2 1 1 6
365.0 3 2 2 1 1 9
370.0 2 2 2 1 1 8
375.0 2 3 1 0 1 7
380.0 3 3 2 0 1 9
385.0 3 4 4 0 1 12
390.0 3 4 4 0 1 12
395.0 2 3 4 0 1 10
400.0 2 2 6 1 1 12
405.0 3 4 5 2 1 15
410.0 4 5 9 2 1 21
415.0 7 5 10 2 1 25
420.0 9 6 10 3 2 30
425.0 9 7 11 5 2 34
430.0 10 7 14 5 3 39
435.0 12 6 16 7 3 44
440.0 11 6 16 7 4 44
445.0 11 10 16 7 6 50
450.0 12 10 17 7 6 52
455.0 11 10 20 5 6 52
460.0 12 14 18 6 6 56
465.0 13 15 16 5 7 56
470.0 17 15 19 7 7 65
475.0 17 21 21 7 7 73
480.0 19 22 22 8 8 79
485.0 16 24 22 9 10 81
490.0 17 25 26 10 11 89
495.0 22 23 28 11 11 95
500.0 30 21 28 11 10 100
505.0 31 24 31 12 10 108
510.0 34 28 32 11 9 114
515.0 28 33 36 11 12 120
520.0 28 37 36 11 12 124
525.0 29 35 40 12 14 130
530.0 36 38 44 16 15 149
535.0 36 37 50 17 17 157
540.0 36 40 59 13 18 166
545.0 39 39 65 15 19 177
550.0 37 40 74 16 24 191
555.0 39 39 76 20 24 198
560.0 42 43 81 19 23 208
565.0 41 49 83 19 26 218
570.0 41 56 85 20 26 228
575.0 43 61 89 22 24 239
580.0 42 63 91 21 25 242
585.0 43 64 88 19 26 240
590.0 58 60 80 22 23 243
595.0 55 55 86 28 22 246
600.0 58 61 77 27 24 247
605.0 58 61 75 29 28 251
610.0 59 62 76 30 27 254
615.0 55 65 80 28 24 252
620.0 56 63 79 33 22 253
625.0 59 56 78 34 26 253
630.0 64 56 80 32 28 260
635.0 67 57 72 36 27 259
640.0 72 58 62 34 25 251
645.0 70 57 66 32 26 251
650.0 65 60 75 32 28 260
655.0 57 62 75 38 27 259
660.0 60 61 66 36 30 253
665.0 67 54 64 33 29 247
670.0 62 56 72 33 29 252
675.0 64 59 75 37 27 262
680.0 67 66 75 33 29 270
685.0 69 63 80 34 32 278
690.0 69 59 84 33 33 278
695.0 69 51 81 30 33 264
700.0 63 47 79 28 33 250
705.0 64 45 74 26 31 240
710.0 58 43 77 25 27 230
715.0 50 38 74 24 24 210
720.0 54 41 71 27 22 215
725.0 53 45 69 32 23 222
730.0 49 42 66 33 21 211
735.0 51 46 67 33 19 216
740.0 52 48 66 32 17 215
745.0 46 47 62 29 18 202
750.0 49 45 64 28 18 204
755.0 45 49 62 32 20 208
760.0 48 51 60 27 21 207
765.0 48 49 56 24 23 200
770.0 47 50 50 19 22 188
775.0 44 48 46 24 22 184
780.0 40 48 44 25 21 178
785.0 39 47 44 21 18 169
790.0 40 45 45 21 19 170
795.0 39 47 43 25 17 171
800.0 36 54 41 23 19 173
805.0 35 53 38 24 19 169
810.0 42 50 40 20 17 169
815.0 46 54 34 22 19 175
820.0 48 53 36 19 16 172
825.0 44 54 39 22 13 172
830.0 37 59 34 22 13 165
835.0 32 70 42 22 14 180
840.0 34 68 50 19 14 185
845.0 37 69 50 24 16 196
850.0 36 71 54 25 17 203
855.0 39 74 53 27 18 211
860.0 36 68 56 32 19 211
865.0 37 67 64 29 19 216
870.0 38 71 66 31 18 224
875.0 46 69 70 35 22 242
880.0 47 67 70 32 23 239
885.0 47 67 61 36 24 235
890.0 53 66 58 35 23 235
895.0 53 66 54 34 22 229
900.0 54 69 56 32 21 232
905.0 56 65 50 28 21 220
910.0 52 61 52 28 21 214
915.0 59 53 56 29 22 219
920.0 62 49 64 30 20 225
925.0 64 50 62 34 19 229
930.0 68 47 65 34 18 232
935.0 68 49 66 34 19 236
940.0 66 50 72 36 19 243
945.0 64 51 72 35 20 242
950.0 62 49 81 32 22 246
955.0 65 47 83 28 21 244
960.0 62 52 81 29 21 245
965.0 60 53 82 32 23 250
970.0 54 51 87 31 24 247
975.0 46 48 93 29 26 242
980.0 39 52 86 28 25 230
985.0 41 52 84 29 23 229
990.0 42 49 81 29 26 227
995.0 42 53 81 29 25 230
1000.0 49 56 81 29 25 240
1005.0 49 59 78 31 24 241
1010.0 46 66 78 36 26 252
1015.0 49 74 73 37 25 258
1020.0 44 76 70 36 26 252
1025.0 45 73 66 33 26 243
1030.0 43 69 68 34 23 237
1035.0 40 65 65 35 25 230
1040.0 51 69 71 34 24 249
1045.0 53 67 78 35 24 257
1050.0 54 78 77 31 23 263
1055.0 54 71 82 31 24 262
1060.0 55 73 82 38 27 275
1065.0 49 68 87 38 28 270
1070.0 56 63 86 35 28 268
1075.0 61 64 81 34 27 267
1080.0 59 66 80 34 29 268
1085.0 60 72 87 36 30 285
1090.0 59 77 87 33 29 285
1095.0 59 77 91 37 33 297
1100.0 50 79 92 40 34 295
1105.0 45 80 83 48 33 289
1110.0 52 81 84 44 34 295
1115.0 54 76 84 43 34 291
1120.0 59 81 86 37 32 295
1125.0 60 79 83 35 29 286
1130.0 61 73 82 37 31 284
1135.0 65 67 82 40 28 282
1140.0 67 62 88 44 25 286
1145.0 68 60 90 41 25 284
1150.0 66 65 89 44 25 289
1155.0 67 62 95 47 27 298
1160.0 60 60 90 51 29 290
1165.0 54 58 90 50 25 277
1170.0 52 56 84 46 25 263
1175.0 51 53 81 47 26 258
1180.0 52 52 80 44 25 253
1185.0 48 45 76 48 24 241
1190.0 45 42 73 47 25 232
1195.0 43 42 78 36 23 222
1200.0 39 48 71 36 22 216
1205.0 34 45 65 38 23 205
1210.0 36 48 65 30 19 198
1215.0 35 43 63 33 20 194
1220.0 37 44 56 27 17 181
1225.0 38 42 58 24 21 183
1230.0 37 47 52 22 19 177
1235.0 34 46 50 20 18 168
1240.0 32 48 43 19 18 160
1245.0 34 42 41 17 18 152
1250.0 31 38 36 18 15 138
1255.0 29 33 33 20 12 127
1260.0 33 30 36 17 12 128
1265.0 27 29 30 17 10 113
1270.0 20 27 24 17 9 97
1275.0 17 26 21 16 7 87
1280.0 16 21 21 11 7 76
1285.0 13 23 23 9 7 75
1290.0 11 21 18 9 5 64
1295.0 12 18 18 10 6 64
1300.0 11 14 20 9 7 61
1305.0 13 13 15 6 6 53
1310.0 13 12 14 10 4 53
1315.0 11 12 11 9 3 46
1320.0 9 9 12 9 4 43
1325.0 6 13 11 9 3 42
1330.0 5 15 8 9 2 39
1335.0 5 16 8 6 3 38
1340.0 5 16 8 6 3 38
1345.0 5 13 4 4 3 29
1350.0 8 11 4 3 1 27
1355.0 7 9 4 3 1 24
1360.0 6 6 2 3 0 17
1365.0 5 6 2 3 0 16
1370.0 4 5 3 3 0 15
1375.0 5 2 4 3 0 14
1380.0 4 2 3 4 0 13
1385.0 3 2 2 4 0 11
1390.0 4 1 2 1 0 8
1395.0 4 1 4 0 0 9
1400.0 4 1 4 0 0 9
1405.0 3 2 2 0 0 7
1410.0 3 2 1 0 0 6
1415.0 2 2 1 0 0 5
1420.0 1 2 1 0 0 4
1425.0 0 1 2 0 0 3
1430.0 0 1 2 0 0 3
1435.0 1 2 1 0 0 4
