5.0 0 0 0 0 0 0
10.0 0 0 0 0 0 0
15.0 0 0 0 0 0 0
20.0 0 0 0 0 0 0
25.0 0 0 0 0 0 0
30.0 0 0 0 0 0 0
35.0 0 0 0 0 0 0
40.0 0 0 0 0 0 0
45.0 0 0 0 0 0 0
50.0 0 0 0 0 0 0
55.0 0 0 0 0 0 0
60.0 0 0 0 0 0 0
65.0 0 0 0 0 0 0
70.0 0 0 0 0 0 0
75.0 0 0 0 0 0 0
80.0 0 0 0 0 0 0
85.0 0 0 0 0 0 0
90.0 0 0 0 0 0 0
95.0 0 0 0 0 0 0
100.0 0 0 0 0 0 0
105.0 0 0 0 0 0 0
110.0 0 0 0 0 0 0
115.0 0 0 0 0 0 0
120.0 0 0 0 0 0 0
125.0 0 0 0 0 0 0
130.0 0 0 0 0 0 0
135.0 0 0 0 0 0 0
140.0 0 0 0 0 0 0
145.0 0 0 0 0 0 0
150.0 0 0 0 0 0 0
155.0 0 0 0 0 0 0
160.0 0 0 0 0 0 0
165.0 0 0 0 0 0 0
170.0 0 0 0 0 0 0
175.0 0 0 0 0 0 0
180.0 0 0 0 0 0 0
185.0 0 0 0 0 0 0
190.0 0 0 0 0 0 0
195.0 0 0 0 0 0 0
200.0 0 0 0 0 0 0
205.0 0 0 0 0 0 0
210.0 0 0 0 0 0 0
215.0 0 0 0 0 0 0
220.0 0 0 0 0 0 0
225.0 0 0 0 0 0 0
230.0 0 0 0 0 0 0
235.0 0 0 0 0 0 0
240.0 0 0 0 0 0 0
245.0 0 0 0 0 0 0
250.0 0 0 0 0 0 0
255.0 0 0 0 0 0 0
260.0 0 0 0 0 0 0
265.0 0 0 0 0 0 0
270.0 0 0 0 0 0 0
275.0 0 0 0 0 0 0
280.0 0 0 0 0 0 0
285.0 0 0 0 0 0 0
290.0 0 0 0 0 0 0
295.0 0 0 0 0 0 0
300.0 0 0 0 0 0 0
305.0 0 1 0 0 0 1
310.0 0 1 0 0 0 1
315.0 0 1 0 0 0 1
320.0 0 0 1 0 0 1
325.0 0 0 1 0 0 1
330.0 0 0 1 0 0 1
335.0 0 0 0 0 0 0
340.0 0 0 0 0 0 0
345.0 0 0 0 0 0 0
350.0 0 0 0 0 0 0
355.0 0 0 0 0 0 0
360.0 0 0 0 0 0 0
365.0 0 0 0 0 0 0
370.0 0 0 0 0 0 0
375.0 0 0 0 0 0 0
380.0 0 0 0 0 0 0
385.0 0 0 0 0 0 0
390.0 0 0 0 0 0 0
395.0 0 1 0 0 0 1
400.0 0 1 0 0 0 1
405.0 0 1 2 0 0 3
410.0 0 1 2 0 0 3
415.0 0 1 2 0 0 3
420.0 0 1 1 0 1 3
425.0 1 1 1 0 1 4
430.0 1 1 1 0 1 4
435.0 1 1 1 0 1 4
440.0 1 1 1 0 1 4
445.0 1 1 0 0 1 3
450.0 0 1 0 1 1 3
455.0 0 1 0 1 1 3
460.0 0 1 0 1 1 3
465.0 0 1 0 1 1 3
470.0 0 1 0 1 1 3
475.0 0 1 0 1 1 3
480.0 3 2 1 1 1 8
485.0 3 2 1 1 1 8
490.0 3 2 1 1 1 8
495.0 2 2 1 1 1 7
500.0 2 3 1 1 1 8
505.0 2 3 1 1 1 8
510.0 2 3 1 0 1 7
515.0 2 3 1 0 1 7
520.0 2 3 1 0 0 6
525.0 3 5 1 0 0 9
530.0 3 5 2 0 0 10
535.0 3 6 3 0 0 12
540.0 4 5 3 0 0 12
545.0 4 5 4 0 0 13
550.0 5 4 4 0 0 13
555.0 4 4 5 1 0 14
560.0 4 5 8 1 0 18
565.0 4 6 8 1 0 19
570.0 5 6 6 0 0 17
575.0 5 5 6 0 0 16
580.0 4 4 7 0 0 15
585.0 1 5 6 1 0 13
590.0 0 6 6 1 0 13
595.0 2 6 6 1 0 15
600.0 3 6 5 1 1 16
605.0 3 5 6 1 1 16
610.0 4 4 7 1 1 17
615.0 2 4 8 2 1 17
620.0 3 4 9 2 1 19
625.0 3 3 7 1 1 15
630.0 3 3 6 1 1 14
635.0 2 3 6 1 1 13
640.0 2 3 6 1 2 14
645.0 2 3 5 2 2 14
650.0 2 1 5 2 2 12
655.0 2 2 6 1 2 13
660.0 2 3 5 1 2 13
665.0 3 4 6 1 2 16
670.0 3 3 4 1 2 13
675.0 3 3 2 1 3 12
680.0 2 2 1 3 4 12
685.0 1 2 1 3 3 10
690.0 1 2 1 4 3 11
695.0 1 2 2 3 2 10
700.0 2 2 3 2 2 11
705.0 3 2 4 2 2 13
710.0 4 2 5 2 2 15
715.0 5 1 6 2 3 17
720.0 5 0 7 2 3 17
725.0 5 0 7 2 3 17
730.0 6 0 7 2 2 17
735.0 6 0 7 1 1 15
740.0 4 1 5 1 2 13
745.0 3 1 4 1 1 10
750.0 2 1 4 1 0 8
755.0 2 1 3 3 1 10
760.0 2 1 3 3 1 10
765.0 2 1 4 2 1 10
770.0 2 1 4 1 1 9
775.0 2 1 2 1 1 7
780.0 2 0 2 1 1 6
785.0 1 1 2 1 1 6
790.0 2 1 2 1 1 7
795.0 2 1 3 1 1 8
800.0 2 1 3 1 1 8
805.0 0 4 4 1 0 9
810.0 0 4 4 2 0 10
815.0 0 4 4 3 0 11
820.0 0 3 4 3 0 10
825.0 0 3 5 3 0 11
830.0 1 3 4 3 0 11
835.0 1 3 4 3 0 11
840.0 1 4 4 2 1 12
845.0 2 4 3 1 1 11
850.0 2 5 3 1 1 12
855.0 2 5 1 1 1 10
860.0 2 5 2 0 1 10
865.0 2 3 2 0 1 8
870.0 2 3 2 0 1 8
875.0 2 4 2 1 1 10
880.0 2 5 4 2 1 14
885.0 2 5 5 2 1 15
890.0 2 5 8 2 1 18
895.0 2 6 8 0 1 17
900.0 4 8 6 0 1 19
905.0 4 7 5 0 1 17
910.0 3 5 6 0 1 15
915.0 3 6 6 0 1 16
920.0 2 6 7 1 2 18
925.0 2 7 6 1 2 18
930.0 2 6 7 1 3 19
935.0 2 7 8 2 3 22
940.0 3 5 9 2 3 22
945.0 3 5 9 1 3 21
950.0 5 6 7 1 4 23
955.0 3 7 6 0 3 19
960.0 3 6 6 3 3 21
965.0 4 6 7 3 3 23
970.0 4 5 9 1 3 22
975.0 4 3 10 0 3 20
980.0 4 3 11 1 3 22
985.0 4 3 10 1 3 21
990.0 3 3 9 1 3 19
995.0 2 3 11 1 3 20
1000.0 2 4 9 1 3 19
1005.0 2 3 10 1 3 19
1010.0 2 2 6 1 3 14
1015.0 3 2 8 1 3 17
1020.0 4 3 8 1 3 19
1025.0 4 4 7 1 3 19
1030.0 4 4 6 0 3 17
1035.0 4 4 7 0 3 18
1040.0 5 4 6 1 3 19
1045.0 6 3 7 1 3 20
1050.0 6 3 7 1 3 20
1055.0 5 3 7 1 3 19
1060.0 5 4 6 1 5 21
1065.0 5 4 4 2 5 20
1070.0 4 3 5 2 3 17
1075.0 3 3 5 2 2 15
1080.0 4 3 6 2 3 18
1085.0 5 4 7 2 3 21
1090.0 3 3 10 1 3 20
1095.0 3 2 9 1 4 19
1100.0 3 1 9 3 4 20
1105.0 5 2 9 2 2 20
1110.0 7 2 9 1 2 21
1115.0 5 2 9 1 2 19
1120.0 5 3 8 1 2 19
1125.0 6 3 11 2 2 24
1130.0 5 4 9 2 2 22
1135.0 5 4 9 2 2 22
1140.0 5 2 7 2 1 17
1145.0 4 3 7 1 0 15
1150.0 2 3 7 2 1 15
1155.0 4 3 5 2 2 16
1160.0 4 2 6 2 1 15
1165.0 5 2 6 2 1 16
1170.0 4 2 8 2 2 18
1175.0 5 2 8 2 2 19
1180.0 6 2 6 1 2 17
1185.0 5 2 6 2 2 17
1190.0 5 4 6 2 1 18
1195.0 3 5 4 2 1 15
1200.0 4 4 3 1 1 13
1205.0 4 2 5 1 1 13
1210.0 5 1 5 1 2 14
1215.0 4 1 5 3 2 15
1220.0 4 1 5 3 2 15
1225.0 4 0 5 3 2 14
1230.0 3 1 6 3 1 14
1235.0 2 1 6 3 1 13
1240.0 2 1 5 3 1 12
1245.0 3 2 4 3 1 13
1250.0 4 2 3 3 1 13
1255.0 4 2 2 3 1 12
1260.0 3 2 2 2 1 10
1265.0 2 2 2 1 1 8
1270.0 2 2 2 1 1 8
1275.0 1 2 0 0 1 4
1280.0 1 2 0 0 1 4
1285.0 0 2 0 0 1 3
1290.0 0 3 1 0 1 5
1295.0 0 2 1 0 1 4
1300.0 0 1 1 0 1 3
1305.0 0 1 1 0 1 3
1310.0 1 1 1 0 0 3
1315.0 1 2 1 0 0 4
1320.0 1 2 1 0 0 4
1325.0 1 2 2 0 0 5
1330.0 1 2 2 0 0 5
1335.0 0 2 2 0 0 4
1340.0 0 1 2 0 0 3
1345.0 0 1 2 0 0 3
1350.0 0 1 2 0 0 3
1355.0 0 1 2 0 0 3
1360.0 0 1 2 0 0 3
1365.0 0 1 2 0 0 3
1370.0 0 0 2 0 0 2
1375.0 0 0 1 0 0 1
1380.0 0 0 1 0 0 1
1385.0 0 0 1 0 0 1
1390.0 0 0 1 0 0 1
1395.0 0 0 0 0 1 1
1400.0 0 0 0 0 1 1
1405.0 0 0 0 0 1 1
1410.0 0 0 0 0 1 1
1415.0 0 1 0 0 0 1
1420.0 0 1 0 0 0 1
1425.0 0 0 0 0 0 0
1430.0 0 0 0 0 0 0
1435.0 0 0 0 0 0 0
