5.0 0 0 0 0 0 0
10.0 0 0 0 0 0 0
15.0 0 0 0 0 0 0
20.0 0 0 0 0 0 0
25.0 0 0 0 0 0 0
30.0 0 0 0 0 0 0
35.0 0 0 0 0 0 0
40.0 0 0 0 0 0 0
45.0 0 0 0 0 0 0
50.0 0 0 0 0 0 0
55.0 0 0 0 0 0 0
60.0 0 0 0 0 0 0
65.0 0 0 0 0 0 0
70.0 0 0 0 0 0 0
75.0 0 0 0 0 0 0
80.0 0 0 0 0 0 0
85.0 0 0 0 0 0 0
90.0 0 0 0 0 0 0
95.0 0 0 0 0 0 0
100.0 0 0 0 0 0 0
105.0 0 0 0 0 0 0
110.0 0 0 0 0 0 0
115.0 0 0 0 0 0 0
120.0 0 0 0 0 0 0
125.0 0 0 0 0 0 0
130.0 0 0 0 0 0 0
135.0 0 0 0 0 0 0
140.0 0 0 0 0 0 0
145.0 0 0 0 0 0 0
150.0 0 0 0 0 0 0
155.0 0 0 0 0 0 0
160.0 0 0 0 0 0 0
165.0 0 0 0 0 0 0
170.0 0 0 0 0 0 0
175.0 0 0 0 0 0 0
180.0 0 0 0 0 0 0
185.0 0 0 0 0 0 0
190.0 0 0 0 0 0 0
195.0 0 0 0 0 0 0
200.0 0 0 0 0 0 0
205.0 0 0 0 0 0 0
210.0 0 0 0 0 0 0
215.0 0 0 0 0 0 0
220.0 0 0 0 0 0 0
225.0 0 0 0 0 0 0
230.0 0 0 0 0 0 0
235.0 0 0 0 0 0 0
240.0 0 0 0 0 0 0
245.0 0 0 0 0 0 0
250.0 0 0 0 0 0 0
255.0 0 0 0 0 0 0
260.0 0 0 0 0 0 0
265.0 0 0 0 0 0 0
270.0 0 0 0 0 0 0
275.0 0 0 0 0 0 0
280.0 0 0 0 0 0 0
285.0 0 0 0 0 0 0
290.0 1 0 1 0 0 2
295.0 1 0 1 0 0 2
300.0 1 0 1 0 0 2
305.0 1 0 1 0 0 2
310.0 2 0 0 0 0 2
315.0 1 0 1 0 1 3
320.0 1 0 2 0 1 4
325.0 1 0 2 0 1 4
330.0 1 0 3 0 1 5
335.0 1 0 2 0 1 4
340.0 2 0 1 1 1 5
345.0 1 0 1 1 1 4
350.0 2 1 0 0 1 4
355.0 2 1 0 0 2 5
360.0 2 1 0 0 2 5
365.0 3 1 0 1 3 8
370.0 2 1 1 1 3 8
375.0 2 1 2 1 3 9
380.0 1 1 2 1 3 8
385.0 1 2 3 1 3 10
390.0 2 3 2 1 3 11
395.0 4 4 2 2 3 15
400.0 4 5 3 3 3 18
405.0 5 5 5 3 3 21
410.0 8 5 8 3 3 27
415.0 7 6 9 4 3 29
420.0 6 4 10 4 4 28
425.0 6 3 9 4 3 25
430.0 7 3 9 3 4 26
435.0 5 3 8 2 4 22
440.0 4 6 8 2 5 25
445.0 5 11 10 1 6 33
450.0 6 12 10 1 7 36
455.0 7 13 11 0 8 39
460.0 10 16 13 3 9 51
465.0 11 15 15 4 10 55
470.0 14 19 17 5 9 64
475.0 19 19 14 6 11 69
480.0 18 17 17 6 12 70
485.0 18 19 18 5 14 74
490.0 23 16 21 7 12 79
495.0 23 16 25 9 13 86
500.0 24 17 24 10 15 90
505.0 27 18 27 13 14 99
510.0 32 21 25 13 13 104
515.0 30 24 25 16 14 109
520.0 30 26 27 14 15 112
525.0 29 25 29 14 16 113
530.0 30 34 31 11 17 123
535.0 30 38 31 11 19 129
540.0 26 37 36 12 17 128
545.0 23 40 38 14 19 134
550.0 23 41 36 17 21 138
555.0 23 41 42 18 21 145
560.0 24 39 45 19 20 147
565.0 31 39 48 18 17 153
570.0 32 42 46 18 15 153
575.0 37 46 44 19 14 160
580.0 37 45 43 24 11 160
585.0 36 47 46 27 12 168
590.0 34 46 42 28 14 164
595.0 31 46 41 30 15 163
600.0 30 48 40 24 16 158
605.0 37 50 42 23 16 168
610.0 37 52 46 25 17 177
615.0 37 52 50 24 16 179
620.0 37 53 53 24 15 182
625.0 36 49 48 27 15 175
630.0 36 50 47 25 14 172
635.0 36 44 54 23 16 173
640.0 38 46 56 24 16 180
645.0 45 40 64 24 19 192
650.0 42 42 62 26 22 194
655.0 47 44 58 24 21 194
660.0 40 51 55 24 18 188
665.0 39 50 52 25 19 185
670.0 38 52 48 30 19 187
675.0 39 47 49 28 16 179
680.0 36 43 50 27 16 172
685.0 36 42 49 27 16 170
690.0 33 38 52 28 17 168
695.0 37 41 49 23 17 167
700.0 33 41 50 25 16 165
705.0 32 37 55 26 17 167
710.0 30 37 53 26 18 164
715.0 30 29 56 28 18 161
720.0 30 31 48 30 20 159
725.0 30 30 49 29 22 160
730.0 31 28 48 25 21 153
735.0 26 31 47 20 22 146
740.0 27 30 45 20 21 143
745.0 24 32 39 24 18 137
750.0 22 33 39 22 18 134
755.0 25 33 36 21 17 132
760.0 27 33 35 22 17 134
765.0 25 34 37 25 16 137
770.0 25 34 36 24 17 136
775.0 25 36 39 20 16 136
780.0 26 36 32 23 17 134
785.0 27 38 29 20 17 131
790.0 28 37 33 17 15 130
795.0 27 41 30 20 15 133
800.0 30 35 35 20 15 135
805.0 33 33 38 17 14 135
810.0 33 32 36 20 15 136
815.0 33 33 42 21 15 144
820.0 36 36 46 19 17 154
825.0 36 34 44 19 17 150
830.0 36 35 44 23 18 156
835.0 33 34 44 21 19 151
840.0 27 32 49 22 18 148
845.0 23 34 53 16 18 144
850.0 27 38 55 16 20 156
855.0 27 40 51 16 19 153
860.0 28 44 53 18 19 162
865.0 30 46 52 19 17 164
870.0 36 47 45 21 19 168
875.0 35 50 40 17 21 163
880.0 38 51 37 15 21 162
885.0 38 48 33 18 24 161
890.0 35 45 37 19 20 156
895.0 37 48 38 19 19 161
900.0 34 47 39 17 18 155
905.0 32 47 40 15 20 154
910.0 34 46 35 19 21 155
915.0 33 49 39 20 21 162
920.0 34 47 45 18 22 166
925.0 35 44 50 20 22 171
930.0 38 49 54 20 25 186
935.0 36 44 55 22 25 182
940.0 38 46 54 22 29 189
945.0 39 46 51 16 33 185
950.0 34 49 48 16 31 178
955.0 35 53 47 17 31 183
960.0 37 49 43 16 32 177
965.0 31 51 42 23 31 178
970.0 33 45 42 26 33 179
975.0 35 47 46 23 33 184
980.0 38 46 42 24 29 179
985.0 44 43 45 20 26 178
990.0 47 44 45 18 25 179
995.0 46 48 40 16 28 178
1000.0 47 50 39 14 31 181
1005.0 38 52 37 15 30 172
1010.0 34 50 43 16 27 170
1015.0 33 43 45 20 28 169
1020.0 34 44 37 18 29 162
1025.0 31 42 39 23 28 163
1030.0 34 41 38 27 28 168
1035.0 36 40 35 29 28 168
1040.0 32 43 40 32 30 177
1045.0 33 41 43 32 29 178
1050.0 34 45 42 30 29 180
1055.0 35 44 40 29 30 178
1060.0 36 44 45 29 29 183
1065.0 36 42 45 31 30 184
1070.0 38 45 44 25 30 182
1075.0 35 46 44 23 27 175
1080.0 35 52 50 20 27 184
1085.0 31 51 45 20 27 174
1090.0 32 50 54 17 29 182
1095.0 39 51 58 21 28 197
1100.0 40 48 63 22 29 202
1105.0 38 48 61 22 28 197
1110.0 38 48 64 21 29 200
1115.0 43 48 68 18 28 205
1120.0 48 47 68 17 31 211
1125.0 51 49 68 19 29 216
1130.0 52 51 66 19 31 219
1135.0 52 48 63 18 32 213
1140.0 48 50 69 18 33 218
1145.0 45 49 68 19 31 212
1150.0 44 48 67 23 31 213
1155.0 45 43 68 23 30 209
1160.0 40 48 67 23 31 209
1165.0 37 46 67 26 30 206
1170.0 37 47 66 25 28 203
1175.0 35 41 67 26 25 194
1180.0 35 37 61 24 24 181
1185.0 33 38 57 26 23 177
1190.0 34 41 50 22 24 171
1195.0 31 39 54 24 23 171
1200.0 31 40 53 23 23 170
1205.0 31 41 45 19 24 160
1210.0 33 31 45 18 23 150
1215.0 30 33 44 18 22 147
1220.0 28 32 39 18 21 138
1225.0 27 27 36 18 22 130
1230.0 26 28 37 17 22 130
1235.0 21 26 32 15 20 114
1240.0 22 24 30 12 21 109
1245.0 23 25 26 12 18 104
1250.0 19 25 24 14 16 98
1255.0 16 20 23 16 15 90
1260.0 15 19 21 15 13 83
1265.0 14 21 21 16 13 85
1270.0 14 21 19 17 13 84
1275.0 12 21 21 19 12 85
1280.0 13 19 20 15 10 77
1285.0 13 17 20 13 8 71
1290.0 14 15 20 10 8 67
1295.0 14 12 19 8 8 61
1300.0 10 9 21 8 7 55
1305.0 7 9 22 6 6 50
1310.0 5 7 17 8 5 42
1315.0 4 7 14 6 6 37
1320.0 3 7 13 6 5 34
1325.0 5 7 12 6 5 35
1330.0 4 3 11 6 5 29
1335.0 4 3 10 6 4 27
1340.0 3 3 10 6 4 26
1345.0 2 2 9 4 3 20
1350.0 2 1 8 3 4 18
1355.0 2 1 8 2 2 15
1360.0 2 2 5 2 3 14
1365.0 2 2 7 2 3 16
1370.0 3 1 6 1 1 12
1375.0 2 0 4 0 0 6
1380.0 2 0 4 0 0 6
1385.0 2 0 3 0 0 5
1390.0 0 0 2 0 0 2
1395.0 0 0 2 0 0 2
1400.0 1 0 1 0 0 2
1405.0 2 0 2 0 0 4
1410.0 2 0 2 0 0 4
1415.0 1 0 2 0 0 3
1420.0 0 0 2 0 0 2
1425.0 0 0 2 0 0 2
1430.0 0 0 2 0 0 2
1435.0 0 0 1 0 0 1
