5.0 0 0 0 0 0 0
10.0 0 0 0 0 0 0
15.0 0 0 0 0 0 0
20.0 0 0 0 0 0 0
25.0 0 0 0 0 0 0
30.0 0 0 0 0 0 0
35.0 0 0 0 0 0 0
40.0 0 0 0 0 0 0
45.0 0 0 0 0 0 0
50.0 0 0 0 0 0 0
55.0 0 0 0 0 0 0
60.0 0 0 0 0 0 0
65.0 0 0 0 0 0 0
70.0 0 0 0 0 0 0
75.0 0 0 0 0 0 0
80.0 0 0 0 0 0 0
85.0 0 0 0 0 0 0
90.0 0 0 0 0 0 0
95.0 0 0 0 0 0 0
100.0 0 0 0 0 0 0
105.0 0 0 0 0 0 0
110.0 0 0 0 0 0 0
115.0 0 0 0 0 0 0
120.0 0 0 0 0 0 0
125.0 0 0 0 0 0 0
130.0 0 0 0 0 0 0
135.0 0 0 0 0 0 0
140.0 0 0 0 0 0 0
145.0 0 0 0 0 0 0
150.0 0 0 0 0 0 0
155.0 0 0 0 0 0 0
160.0 0 0 0 0 0 0
165.0 0 0 0 0 0 0
170.0 0 0 0 0 0 0
175.0 0 0 0 0 0 0
180.0 0 0 0 0 0 0
185.0 0 0 0 0 0 0
190.0 0 0 0 0 0 0
195.0 0 0 0 0 0 0
200.0 0 0 0 0 0 0
205.0 0 0 0 0 0 0
210.0 0 0 0 0 0 0
215.0 0 0 0 0 0 0
220.0 0 0 0 0 0 0
225.0 0 0 0 0 0 0
230.0 0 0 0 0 0 0
235.0 0 0 0 0 0 0
240.0 0 0 0 0 0 0
245.0 0 0 0 0 0 0
250.0 0 0 0 0 0 0
255.0 0 0 0 0 0 0
260.0 0 0 0 0 0 0
265.0 0 0 0 0 0 0
270.0 0 0 0 0 0 0
275.0 0 0 0 0 0 0
280.0 0 0 0 0 0 0
285.0 0 0 0 0 0 0
290.0 0 0 0 0 0 0
295.0 0 0 0 0 0 0
300.0 0 0 0 0 0 0
305.0 0 0 0 0 0 0
310.0 0 0 0 0 0 0
315.0 1 0 0 0 0 1
320.0 1 0 0 0 0 1
325.0 1 0 0 0 0 1
330.0 0 0 0 0 0 0
335.0 0 0 0 0 0 0
340.0 0 0 0 0 0 0
345.0 0 0 0 0 0 0
350.0 0 0 0 0 0 0
355.0 0 0 0 0 0 0
360.0 0 0 0 1 0 1
365.0 0 0 0 1 0 1
370.0 0 0 0 1 0 1
375.0 0 0 0 1 0 1
380.0 0 1 0 1 0 2
385.0 1 1 0 0 0 2
390.0 1 1 0 0 0 2
395.0 1 1 0 0 0 2
400.0 1 1 0 0 0 2
405.0 1 1 0 0 0 2
410.0 1 1 0 0 0 2
415.0 1 0 1 0 0 2
420.0 1 0 1 0 0 2
425.0 1 0 1 1 0 3
430.0 1 0 1 1 0 3
435.0 2 0 1 1 0 4
440.0 2 0 1 1 0 4
445.0 3 2 1 1 0 7
450.0 4 2 1 1 0 8
455.0 4 3 1 1 0 9
460.0 4 2 1 1 0 8
465.0 4 3 1 1 0 9
470.0 4 3 2 1 0 10
475.0 4 3 3 1 0 11
480.0 4 2 5 1 1 13
485.0 4 2 5 0 1 12
490.0 5 2 6 0 1 14
495.0 3 2 7 1 1 14
500.0 4 1 8 1 0 14
505.0 5 2 7 0 0 14
510.0 4 3 6 0 0 13
515.0 5 3 3 0 0 11
520.0 6 3 3 1 0 13
525.0 6 4 4 1 0 15
530.0 7 5 5 1 0 18
535.0 9 5 6 0 0 20
540.0 9 4 7 0 0 20
545.0 9 5 7 0 0 21
550.0 8 4 7 2 1 22
555.0 9 2 8 2 2 23
560.0 9 2 8 1 2 22
565.0 7 3 7 2 2 21
570.0 8 3 5 2 2 20
575.0 7 3 6 3 1 20
580.0 8 4 6 3 1 22
585.0 8 3 6 2 1 20
590.0 7 1 6 4 1 19
595.0 6 1 7 3 1 18
600.0 6 1 7 2 1 17
605.0 6 2 6 2 1 17
610.0 6 2 7 1 1 17
615.0 8 1 6 1 1 17
620.0 8 1 4 2 1 16
625.0 7 2 5 2 1 17
630.0 5 2 5 3 2 17
635.0 3 3 5 3 2 16
640.0 3 3 4 3 2 15
645.0 2 4 4 4 2 16
650.0 2 4 6 4 2 18
655.0 4 2 5 4 2 17
660.0 4 2 4 4 2 16
665.0 7 2 2 4 3 18
670.0 7 3 2 4 4 20
675.0 6 4 3 4 4 21
680.0 5 3 3 4 4 19
685.0 4 3 4 3 4 18
690.0 4 3 4 3 4 18
695.0 3 5 5 3 4 20
700.0 2 5 6 2 3 18
705.0 1 7 6 3 3 20
710.0 1 7 7 3 3 21
715.0 3 6 6 2 3 20
720.0 3 3 6 2 4 18
725.0 3 2 2 2 4 13
730.0 3 2 3 1 4 13
735.0 2 2 3 1 5 13
740.0 2 2 2 1 5 12
745.0 2 2 2 1 5 12
750.0 2 3 1 1 3 10
755.0 2 2 0 1 3 8
760.0 2 3 0 0 2 7
765.0 1 3 0 0 2 6
770.0 2 2 1 0 2 7
775.0 3 2 1 0 1 7
780.0 3 3 1 0 1 8
785.0 3 4 2 0 2 11
790.0 3 5 2 0 2 12
795.0 2 3 2 0 2 9
800.0 2 4 2 1 2 11
805.0 2 4 4 1 2 13
810.0 2 3 4 1 2 12
815.0 2 2 5 2 1 12
820.0 2 3 6 2 1 14
825.0 2 3 6 4 1 16
830.0 2 2 6 3 1 14
835.0 2 1 5 3 0 11
840.0 2 2 4 3 0 11
845.0 2 1 4 3 1 11
850.0 2 1 4 3 1 11
855.0 2 1 4 3 2 12
860.0 4 3 4 4 2 17
865.0 4 4 4 4 2 18
870.0 4 5 3 4 2 18
875.0 3 4 4 4 2 17
880.0 3 5 3 4 2 17
885.0 3 6 6 4 2 21
890.0 4 6 6 4 2 22
895.0 4 6 6 2 2 20
900.0 4 6 5 2 2 19
905.0 3 6 6 3 3 21
910.0 1 7 6 3 3 20
915.0 2 7 5 3 3 20
920.0 2 6 4 3 3 18
925.0 2 7 4 2 3 18
930.0 2 6 3 3 3 17
935.0 2 5 7 3 3 20
940.0 1 5 8 3 3 20
945.0 3 6 7 3 3 22
950.0 4 5 6 3 4 22
955.0 4 5 4 3 4 20
960.0 3 3 7 3 5 21
965.0 4 3 7 3 5 22
970.0 4 3 5 4 5 21
975.0 6 3 5 4 4 22
980.0 5 3 6 1 4 19
985.0 5 3 6 2 4 20
990.0 4 5 6 2 4 21
995.0 6 5 5 2 4 22
1000.0 6 7 5 3 4 25
1005.0 8 7 6 3 4 28
1010.0 8 8 4 3 4 27
1015.0 7 9 6 3 4 29
1020.0 6 8 7 2 3 26
1025.0 6 6 8 2 3 25
1030.0 6 7 9 1 3 26
1035.0 6 6 9 1 3 25
1040.0 5 6 8 1 3 23
1045.0 5 6 7 1 2 21
1050.0 4 6 8 1 2 21
1055.0 4 7 6 3 2 22
1060.0 4 4 8 3 2 21
1065.0 5 4 7 3 3 22
1070.0 4 7 8 3 3 25
1075.0 4 6 8 3 3 24
1080.0 4 5 8 3 3 23
1085.0 3 6 8 2 1 20
1090.0 4 5 7 2 1 19
1095.0 6 4 7 1 1 19
1100.0 6 3 7 1 1 18
1105.0 8 3 6 1 1 19
1110.0 7 3 6 1 1 18
1115.0 5 5 6 1 1 18
1120.0 5 5 3 1 3 17
1125.0 4 5 3 1 3 16
1130.0 2 6 3 1 3 15
1135.0 1 5 3 1 3 13
1140.0 1 4 5 2 3 15
1145.0 0 4 5 3 1 13
1150.0 0 2 5 5 1 13
1155.0 2 2 7 5 1 17
1160.0 3 3 7 4 1 18
1165.0 3 3 6 2 1 15
1170.0 3 3 6 2 0 14
1175.0 4 2 6 2 0 14
1180.0 4 2 3 4 0 13
1185.0 4 1 4 3 1 13
1190.0 5 1 2 2 1 11
1195.0 6 0 1 2 2 11
1200.0 5 1 1 1 1 9
1205.0 5 1 1 1 1 9
1210.0 2 1 3 2 0 8
1215.0 3 3 0 2 0 8
1220.0 3 2 0 2 0 7
1225.0 3 2 0 2 0 7
1230.0 3 3 0 3 0 9
1235.0 2 2 1 4 0 9
1240.0 1 2 1 3 0 7
1245.0 3 2 0 2 0 7
1250.0 3 1 0 1 1 6
1255.0 3 1 0 0 1 5
1260.0 3 0 0 0 1 4
1265.0 3 0 1 0 0 4
1270.0 3 0 1 0 0 4
1275.0 3 0 0 0 0 3
1280.0 3 0 0 0 0 3
1285.0 1 0 0 0 0 1
1290.0 1 0 0 0 0 1
1295.0 1 0 0 0 0 1
1300.0 0 0 0 0 0 0
1305.0 0 0 0 0 0 0
1310.0 0 0 0 0 0 0
1315.0 0 0 0 0 0 0
1320.0 0 0 0 0 0 0
1325.0 0 0 0 0 0 0
1330.0 0 0 0 0 0 0
1335.0 0 0 0 0 0 0
1340.0 0 0 0 0 0 0
1345.0 0 0 0 0 0 0
1350.0 0 0 0 0 0 0
1355.0 0 0 0 0 0 0
1360.0 0 0 0 0 0 0
1365.0 0 0 0 0 0 0
1370.0 0 0 0 0 0 0
1375.0 0 0 0 0 0 0
1380.0 0 0 0 0 0 0
1385.0 0 0 0 0 0 0
1390.0 0 0 0 0 0 0
1395.0 0 0 0 0 0 0
1400.0 0 0 0 0 0 0
1405.0 0 0 0 0 0 0
1410.0 0 0 0 0 0 0
1415.0 0 0 0 0 0 0
1420.0 0 0 0 0 0 0
1425.0 0 0 0 0 0 0
1430.0 0 0 0 0 0 0
1435.0 0 0 0 0 0 0
