5.0 0 0 0 0 0 0
10.0 0 0 0 0 0 0
15.0 0 0 0 0 0 0
20.0 0 0 0 0 0 0
25.0 0 0 0 0 0 0
30.0 0 0 0 0 0 0
35.0 0 0 0 0 0 0
40.0 0 0 0 0 0 0
45.0 0 0 0 0 0 0
50.0 0 0 0 0 0 0
55.0 0 0 0 0 0 0
60.0 0 0 0 0 0 0
65.0 0 0 0 0 0 0
70.0 0 0 0 0 0 0
75.0 0 0 0 0 0 0
80.0 0 0 0 0 0 0
85.0 0 0 0 0 0 0
90.0 0 0 0 0 0 0
95.0 0 0 0 0 0 0
100.0 0 0 0 0 0 0
105.0 0 0 0 0 0 0
110.0 0 0 0 0 0 0
115.0 0 0 0 0 0 0
120.0 0 0 0 0 0 0
125.0 0 0 0 0 0 0
130.0 0 0 0 0 0 0
135.0 0 0 0 0 0 0
140.0 0 0 0 0 0 0
145.0 0 0 0 0 0 0
150.0 0 0 0 0 0 0
155.0 0 0 0 0 0 0
160.0 0 0 0 0 0 0
165.0 0 0 0 0 0 0
170.0 0 0 0 0 0 0
175.0 0 0 0 0 0 0
180.0 0 0 0 0 0 0
185.0 0 0 0 0 0 0
190.0 0 0 0 0 0 0
195.0 0 0 0 0 0 0
200.0 0 0 0 0 0 0
205.0 0 0 0 0 0 0
210.0 0 0 0 0 0 0
215.0 0 0 0 0 0 0
220.0 0 0 0 0 0 0
225.0 0 0 0 0 0 0
230.0 0 0 0 0 0 0
235.0 0 0 0 0 0 0
240.0 0 0 0 0 0 0
245.0 0 0 0 0 0 0
250.0 0 0 0 0 0 0
255.0 0 0 0 0 0 0
260.0 0 0 0 0 0 0
265.0 0 0 0 0 0 0
270.0 0 0 0 0 0 0
275.0 1 0 0 0 0 1
280.0 1 0 0 0 0 1
285.0 0 0 0 0 0 0
290.0 0 0 0 0 0 0
295.0 0 0 0 0 0 0
300.0 0 1 0 1 0 2
305.0 0 1 0 1 0 2
310.0 0 1 0 1 0 2
315.0 0 1 0 1 0 2
320.0 0 1 0 1 0 2
325.0 0 1 1 1 0 3
330.0 0 1 1 1 0 3
335.0 0 1 1 1 0 3
340.0 0 0 2 1 0 3
345.0 0 0 2 1 0 3
350.0 1 0 1 1 0 3
355.0 1 0 1 1 0 3
360.0 2 0 1 1 0 4
365.0 2 0 1 1 1 5
370.0 2 0 1 1 1 5
375.0 2 0 1 1 1 5
380.0 2 0 1 1 1 5
385.0 3 0 0 1 2 6
390.0 3 0 0 1 2 6
395.0 3 0 0 1 2 6
400.0 4 0 0 1 2 7
405.0 5 0 1 1 2 9
410.0 5 1 1 1 2 10
415.0 7 1 1 2 2 13
420.0 8 1 3 2 2 16
425.0 6 1 4 2 2 15
430.0 5 1 5 2 2 15
435.0 5 1 7 2 2 17
440.0 5 1 7 2 1 16
445.0 8 1 5 3 1 18
450.0 6 2 6 3 1 18
455.0 7 3 8 4 0 22
460.0 7 3 7 5 2 24
465.0 6 2 8 4 2 22
470.0 6 4 8 5 1 24
475.0 9 4 13 5 1 32
480.0 11 6 13 4 2 36
485.0 13 6 17 5 2 43
490.0 13 7 15 5 3 43
495.0 10 8 14 5 3 40
500.0 10 6 17 4 3 40
505.0 11 8 16 5 4 44
510.0 12 7 16 5 4 44
515.0 12 5 17 5 4 43
520.0 13 6 17 4 5 45
525.0 12 8 17 8 5 50
530.0 10 10 16 8 6 50
535.0 8 10 20 10 6 54
540.0 9 11 19 14 6 59
545.0 11 13 18 14 6 62
550.0 9 15 18 11 8 61
555.0 11 15 19 8 8 61
560.0 12 15 18 8 8 61
565.0 13 15 20 5 9 62
570.0 16 16 18 4 9 63
575.0 15 16 16 6 8 61
580.0 14 19 17 10 8 68
585.0 13 19 18 13 8 71
590.0 14 22 22 13 7 78
595.0 19 18 22 13 6 78
600.0 20 13 18 12 7 70
605.0 17 16 19 12 6 70
610.0 18 16 17 11 6 68
615.0 16 17 21 12 7 73
620.0 21 17 19 14 10 81
625.0 21 18 18 12 11 80
630.0 22 18 18 12 12 82
635.0 22 19 15 11 11 78
640.0 22 17 19 10 10 78
645.0 23 13 19 10 11 76
650.0 23 10 20 11 11 75
655.0 21 11 20 12 9 73
660.0 21 13 20 13 8 75
665.0 19 18 19 16 8 80
670.0 18 20 17 15 5 75
675.0 20 18 18 15 6 77
680.0 17 13 16 14 6 66
685.0 15 16 14 14 6 65
690.0 16 13 13 14 5 61
695.0 18 14 13 13 7 65
700.0 17 13 16 11 7 64
705.0 14 12 15 9 7 57
710.0 16 14 15 8 8 61
715.0 14 17 14 7 10 62
720.0 12 19 13 7 9 60
725.0 11 17 18 9 8 63
730.0 13 17 16 8 7 61
735.0 12 20 16 9 7 64
740.0 13 17 17 7 7 61
745.0 16 17 15 6 5 59
750.0 15 17 15 7 6 60
755.0 14 14 17 7 6 58
760.0 11 13 15 6 6 51
765.0 13 15 12 6 6 52
770.0 14 11 13 8 6 52
775.0 14 14 11 8 6 53
780.0 14 14 13 7 5 53
785.0 12 14 15 7 6 54
790.0 11 13 14 5 7 50
795.0 13 14 13 4 7 51
800.0 12 14 14 5 5 50
805.0 10 14 14 6 5 49
810.0 11 14 14 7 4 50
815.0 8 13 18 8 5 52
820.0 8 14 18 8 8 56
825.0 10 14 17 9 10 60
830.0 8 15 16 9 10 58
835.0 10 16 17 7 12 62
840.0 12 16 18 7 12 65
845.0 12 16 15 10 11 64
850.0 13 15 16 7 10 61
855.0 10 17 14 6 12 59
860.0 13 14 12 5 12 56
865.0 13 14 17 6 10 60
870.0 17 15 17 6 10 65
875.0 14 12 21 8 8 63
880.0 17 11 24 7 10 69
885.0 18 11 22 8 9 68
890.0 17 9 19 7 11 63
895.0 19 9 16 7 11 62
900.0 21 9 14 9 12 65
905.0 19 10 17 9 13 68
910.0 17 8 16 11 12 64
915.0 18 9 12 11 11 61
920.0 21 10 13 9 10 63
925.0 18 12 12 10 10 62
930.0 18 10 13 10 11 62
935.0 16 11 13 11 11 62
940.0 15 11 13 11 12 62
945.0 15 11 15 8 12 61
950.0 19 11 17 8 10 65
955.0 20 11 16 11 11 69
960.0 22 11 19 11 11 74
965.0 24 14 17 7 11 73
970.0 21 16 19 7 12 75
975.0 20 18 22 6 11 77
980.0 16 17 22 9 11 75
985.0 16 17 21 8 10 72
990.0 17 18 22 8 10 75
995.0 15 20 20 10 10 75
1000.0 15 16 18 10 11 70
1005.0 13 16 20 10 11 70
1010.0 13 16 21 10 11 71
1015.0 15 13 20 12 11 71
1020.0 18 8 17 12 10 65
1025.0 16 8 17 12 10 63
1030.0 17 7 15 11 10 60
1035.0 17 7 16 11 10 61
1040.0 18 10 15 7 10 60
1045.0 17 9 22 5 9 62
1050.0 13 12 25 8 7 65
1055.0 14 9 23 12 7 65
1060.0 14 9 20 15 8 66
1065.0 17 7 18 16 8 66
1070.0 14 7 21 16 9 67
1075.0 15 8 20 16 9 68
1080.0 19 9 22 18 8 76
1085.0 18 11 24 15 7 75
1090.0 17 12 25 12 6 72
1095.0 12 15 27 15 5 74
1100.0 15 15 24 14 5 73
1105.0 15 13 25 13 5 71
1110.0 13 15 26 11 4 69
1115.0 13 16 25 13 6 73
1120.0 13 15 23 16 6 73
1125.0 15 16 21 18 6 76
1130.0 15 18 23 16 7 79
1135.0 22 20 26 11 6 85
1140.0 24 20 23 9 6 82
1145.0 22 21 21 10 7 81
1150.0 22 19 19 10 8 78
1155.0 21 18 21 9 7 76
1160.0 18 18 19 10 4 69
1165.0 20 16 20 8 5 69
1170.0 18 16 22 10 4 70
1175.0 19 16 22 8 4 69
1180.0 18 15 25 8 2 68
1185.0 20 14 26 8 3 71
1190.0 17 10 24 11 3 65
1195.0 22 9 21 11 3 66
1200.0 22 11 22 11 2 68
1205.0 19 6 24 11 1 61
1210.0 17 7 20 11 0 55
1215.0 15 11 13 10 2 51
1220.0 13 12 11 10 2 48
1225.0 15 12 12 9 2 50
1230.0 16 14 11 8 1 50
1235.0 16 11 12 7 2 48
1240.0 15 10 10 6 2 43
1245.0 16 8 10 7 2 43
1250.0 14 7 9 6 2 38
1255.0 12 7 9 4 1 33
1260.0 9 6 8 5 1 29
1265.0 10 7 6 5 3 31
1270.0 8 4 7 5 3 27
1275.0 9 4 7 3 3 26
1280.0 9 4 8 4 3 28
1285.0 9 3 7 4 1 24
1290.0 8 5 8 4 0 25
1295.0 6 4 5 4 0 19
1300.0 5 4 4 4 0 17
1305.0 4 3 3 4 0 14
1310.0 3 2 4 4 0 13
1315.0 4 1 6 4 0 15
1320.0 4 1 3 4 1 13
1325.0 4 1 4 4 1 14
1330.0 3 1 3 5 1 13
1335.0 1 0 2 5 1 9
1340.0 2 0 2 5 1 10
1345.0 3 0 1 4 1 9
1350.0 3 0 1 4 1 9
1355.0 2 1 1 2 1 7
1360.0 1 1 0 2 1 5
1365.0 1 1 0 2 1 5
1370.0 1 1 0 2 1 5
1375.0 1 1 0 1 1 4
1380.0 1 1 0 1 1 4
1385.0 0 0 0 1 1 2
1390.0 0 0 0 1 0 1
1395.0 0 0 0 1 0 1
1400.0 0 0 0 1 0 1
1405.0 0 0 0 0 0 0
1410.0 0 0 0 0 0 0
1415.0 0 0 0 0 0 0
1420.0 0 0 0 0 0 0
1425.0 0 0 0 0 0 0
1430.0 0 0 0 0 0 0
1435.0 0 0 0 0 0 0
