5.0 0 0 0 0 0 0
10.0 0 0 0 0 0 0
15.0 0 0 0 0 0 0
20.0 0 0 0 0 0 0
25.0 0 0 0 0 0 0
30.0 0 0 0 0 0 0
35.0 0 0 0 0 0 0
40.0 0 0 0 0 0 0
45.0 0 0 0 0 0 0
50.0 0 0 0 0 0 0
55.0 0 0 0 0 0 0
60.0 0 0 0 0 0 0
65.0 0 0 0 0 0 0
70.0 0 0 0 0 0 0
75.0 0 0 0 0 0 0
80.0 0 0 0 0 0 0
85.0 0 0 0 0 0 0
90.0 0 0 0 0 0 0
95.0 0 0 0 0 0 0
100.0 0 0 0 0 0 0
105.0 0 0 0 0 0 0
110.0 0 0 0 0 0 0
115.0 0 0 0 0 0 0
120.0 0 0 0 0 0 0
125.0 0 0 0 0 0 0
130.0 0 0 0 0 0 0
135.0 0 0 0 0 0 0
140.0 0 0 0 0 0 0
145.0 0 0 0 0 0 0
150.0 0 0 0 0 0 0
155.0 0 0 0 0 0 0
160.0 0 0 0 0 0 0
165.0 0 0 0 0 0 0
170.0 0 0 0 0 0 0
175.0 0 0 0 0 0 0
180.0 0 0 0 0 0 0
185.0 0 0 0 0 0 0
190.0 0 0 0 0 0 0
195.0 0 0 0 0 0 0
200.0 0 0 0 0 0 0
205.0 0 0 0 0 0 0
210.0 0 0 0 0 0 0
215.0 0 0 0 0 0 0
220.0 0 0 0 0 0 0
225.0 0 0 0 0 0 0
230.0 0 0 0 0 0 0
235.0 0 0 0 0 0 0
240.0 0 0 0 0 0 0
245.0 0 0 0 0 0 0
250.0 0 0 0 0 0 0
255.0 0 0 0 0 0 0
260.0 0 0 0 0 0 0
265.0 0 0 0 0 0 0
270.0 0 0 0 0 0 0
275.0 0 0 0 0 0 0
280.0 0 1 0 0 0 1
285.0 0 1 0 0 0 1
290.0 0 1 1 0 0 2
295.0 0 1 1 0 0 2
300.0 0 1 2 0 0 3
305.0 0 1 2 0 0 3
310.0 0 1 2 1 0 4
315.0 0 1 2 1 0 4
320.0 0 1 2 1 0 4
325.0 0 1 2 1 0 4
330.0 1 1 2 1 0 5
335.0 1 3 1 1 0 6
340.0 1 4 1 1 0 7
345.0 1 4 1 1 0 7
350.0 2 5 1 0 0 8
355.0 2 5 2 0 0 9
360.0 3 5 2 0 0 10
365.0 4 5 2 1 0 12
370.0 5 6 2 1 0 14
375.0 4 5 2 1 0 12
380.0 3 7 2 1 0 13
385.0 3 8 2 1 0 14
390.0 3 8 4 1 0 16
395.0 5 9 4 1 1 20
400.0 5 9 3 1 1 19
405.0 4 9 5 3 1 22
410.0 6 10 5 4 1 26
415.0 6 10 6 4 1 27
420.0 6 11 8 4 2 31
425.0 6 11 11 5 3 36
430.0 6 12 10 8 5 41
435.0 6 13 11 10 4 44
440.0 4 14 11 12 4 45
445.0 5 13 14 12 5 49
450.0 4 15 14 10 6 49
455.0 7 14 14 8 7 50
460.0 7 15 14 4 8 48
465.0 12 16 17 4 7 56
470.0 13 22 20 3 6 64
475.0 16 23 20 5 6 70
480.0 18 24 21 6 7 76
485.0 16 23 23 7 7 76
490.0 19 23 24 6 10 82
495.0 24 27 27 9 12 99
500.0 26 27 31 9 13 106
505.0 28 31 34 9 13 115
510.0 31 30 35 10 13 119
515.0 31 31 40 12 13 127
520.0 33 29 41 14 13 130
525.0 31 32 45 18 12 138
530.0 29 34 43 21 12 139
535.0 28 34 46 22 12 142
540.0 32 40 44 24 15 155
545.0 34 41 40 26 17 158
550.0 37 41 43 25 18 164
555.0 41 42 44 26 22 175
560.0 45 48 43 26 22 184
565.0 45 49 42 27 22 185
570.0 37 51 50 28 19 185
575.0 37 51 51 29 18 186
580.0 39 50 49 25 17 180
585.0 43 51 49 26 15 184
590.0 44 57 48 24 14 187
595.0 45 60 53 27 13 198
600.0 48 61 53 27 12 201
605.0 47 58 51 24 18 198
610.0 48 53 58 27 18 204
615.0 48 53 62 27 17 207
620.0 47 54 66 29 19 215
625.0 45 52 66 30 20 213
630.0 42 50 67 29 20 208
635.0 42 53 57 31 19 202
640.0 42 51 54 36 18 201
645.0 46 49 57 38 22 212
650.0 48 47 59 39 24 217
655.0 58 48 55 40 26 227
660.0 56 42 53 39 28 218
665.0 58 44 56 37 25 220
670.0 56 40 59 38 26 219
675.0 51 39 57 41 26 214
680.0 53 41 59 48 25 226
685.0 48 42 56 47 25 218
690.0 49 39 55 39 25 207
695.0 43 44 60 34 25 206
700.0 48 43 58 27 22 198
705.0 46 42 54 30 24 196
710.0 46 41 51 30 23 191
715.0 43 42 53 27 24 189
720.0 48 45 53 23 25 194
725.0 41 43 52 22 23 181
730.0 36 39 58 22 25 180
735.0 37 40 53 17 24 171
740.0 40 34 49 16 22 161
745.0 44 32 51 17 21 165
750.0 44 33 44 18 20 159
755.0 44 31 41 21 21 158
760.0 42 29 42 21 20 154
765.0 38 30 42 21 22 153
770.0 37 33 50 19 24 163
775.0 35 30 51 20 22 158
780.0 34 28 51 22 22 157
785.0 34 27 49 23 20 153
790.0 36 24 43 26 18 147
795.0 37 30 40 29 16 152
800.0 36 30 40 25 16 147
805.0 39 29 41 22 14 145
810.0 41 26 42 23 19 151
815.0 37 27 40 24 16 144
820.0 39 31 41 24 16 151
825.0 37 27 45 22 15 146
830.0 39 30 49 20 14 152
835.0 41 31 47 24 14 157
840.0 41 40 45 28 13 167
845.0 38 34 52 33 16 173
850.0 48 33 53 33 17 184
855.0 50 37 52 33 18 190
860.0 48 40 50 34 22 194
865.0 48 44 49 32 22 195
870.0 48 40 50 31 23 192
875.0 49 41 51 32 22 195
880.0 53 45 57 30 23 208
885.0 56 48 58 29 22 213
890.0 56 50 58 32 23 219
895.0 53 52 61 30 23 219
900.0 52 55 60 31 24 222
905.0 56 51 56 30 23 216
910.0 62 50 55 30 24 221
915.0 64 47 51 30 22 214
920.0 59 47 54 33 26 219
925.0 59 51 52 31 26 219
930.0 57 55 55 31 18 216
935.0 56 55 54 28 17 210
940.0 52 53 54 29 14 202
945.0 49 55 55 28 14 201
950.0 51 53 48 29 13 194
955.0 43 52 60 35 13 203
960.0 39 56 64 39 12 210
965.0 34 59 65 38 14 210
970.0 38 55 70 30 16 209
975.0 48 55 64 25 20 212
980.0 54 53 54 25 22 208
985.0 54 51 51 22 21 199
990.0 53 50 50 21 19 193
995.0 52 48 48 21 19 188
1000.0 46 44 48 20 20 178
1005.0 46 40 51 19 22 178
1010.0 45 50 49 23 21 188
1015.0 42 51 55 27 21 196
1020.0 44 51 59 28 21 203
1025.0 38 55 56 31 24 204
1030.0 42 58 56 32 24 212
1035.0 41 59 59 33 25 217
1040.0 40 59 64 25 26 214
1045.0 44 60 63 27 23 217
1050.0 39 58 56 29 23 205
1055.0 40 58 59 29 23 209
1060.0 39 50 59 30 23 201
1065.0 39 55 58 29 25 206
1070.0 45 55 56 28 29 213
1075.0 42 58 61 30 24 215
1080.0 42 56 63 31 24 216
1085.0 49 51 63 27 25 215
1090.0 50 56 68 32 25 231
1095.0 53 58 63 30 26 230
1100.0 57 57 58 29 26 227
1105.0 58 53 56 31 27 225
1110.0 52 46 61 35 29 223
1115.0 49 50 60 35 30 224
1120.0 45 51 62 37 33 228
1125.0 48 52 57 40 33 230
1130.0 48 49 61 35 35 228
1135.0 50 51 70 35 35 241
1140.0 52 52 66 36 32 238
1145.0 51 53 66 41 27 238
1150.0 49 55 60 47 25 236
1155.0 51 58 64 42 27 242
1160.0 51 59 62 39 26 237
1165.0 47 61 63 34 28 233
1170.0 42 56 57 34 28 217
1175.0 46 57 54 30 24 211
1180.0 41 56 52 31 23 203
1185.0 37 58 52 24 22 193
1190.0 33 52 51 29 21 186
1195.0 34 52 50 27 26 189
1200.0 35 52 48 27 27 189
1205.0 33 49 48 25 23 178
1210.0 32 47 49 26 21 175
1215.0 32 48 46 26 19 171
1220.0 34 50 43 25 18 170
1225.0 30 44 41 23 17 155
1230.0 25 45 39 25 14 148
1235.0 21 43 39 24 16 143
1240.0 20 42 42 21 18 143
1245.0 21 35 42 21 18 137
1250.0 23 29 42 18 16 128
1255.0 20 28 40 16 15 119
1260.0 21 28 38 13 14 114
1265.0 21 24 36 10 13 104
1270.0 21 20 33 10 14 98
1275.0 20 19 27 9 12 87
1280.0 19 18 22 9 12 80
1285.0 19 18 21 9 8 75
1290.0 15 16 16 9 8 64
1295.0 13 13 16 8 7 57
1300.0 12 11 18 9 6 56
1305.0 12 8 19 8 7 54
1310.0 9 7 16 9 6 47
1315.0 9 7 12 8 5 41
1320.0 9 8 11 9 3 40
1325.0 6 8 12 9 2 37
1330.0 6 9 13 6 1 35
1335.0 6 11 10 4 1 32
1340.0 6 11 6 3 1 27
1345.0 6 10 7 3 1 27
1350.0 6 8 8 4 1 27
1355.0 5 8 5 3 1 22
1360.0 5 6 4 1 1 17
1365.0 1 5 5 2 1 14
1370.0 1 5 4 2 1 13
1375.0 1 6 2 2 1 12
1380.0 1 5 2 2 1 11
1385.0 1 4 1 2 1 9
1390.0 1 2 1 3 1 8
1395.0 1 1 0 3 1 6
1400.0 1 0 0 3 1 5
1405.0 1 0 1 2 1 5
1410.0 1 0 1 2 0 4
1415.0 1 0 1 1 0 3
1420.0 1 0 1 0 0 2
1425.0 1 0 1 0 0 2
1430.0 1 0 1 0 0 2
1435.0 1 0 1 0 0 2
