5.0 0 0 0 0 0 0
10.0 0 0 0 0 0 0
15.0 0 0 0 0 0 0
20.0 0 0 0 0 0 0
25.0 0 0 0 0 0 0
30.0 0 0 0 0 0 0
35.0 0 0 0 0 0 0
40.0 0 0 0 0 0 0
45.0 0 0 0 0 0 0
50.0 0 0 0 0 0 0
55.0 0 0 0 0 0 0
60.0 0 0 0 0 0 0
65.0 0 0 0 0 0 0
70.0 0 0 0 0 0 0
75.0 0 0 0 0 0 0
80.0 0 0 0 0 0 0
85.0 0 0 0 0 0 0
90.0 0 0 0 0 0 0
95.0 0 0 0 0 0 0
100.0 0 0 0 0 0 0
105.0 0 0 0 0 0 0
110.0 0 0 0 0 0 0
115.0 0 0 0 0 0 0
120.0 0 0 0 0 0 0
125.0 0 0 0 0 0 0
130.0 0 0 0 0 0 0
135.0 0 0 0 0 0 0
140.0 0 0 0 0 0 0
145.0 0 0 0 0 0 0
150.0 0 0 0 0 0 0
155.0 0 0 0 0 0 0
160.0 0 0 0 0 0 0
165.0 0 0 0 0 0 0
170.0 0 0 0 0 0 0
175.0 0 0 0 0 0 0
180.0 0 0 0 0 0 0
185.0 0 0 0 0 0 0
190.0 0 0 0 0 0 0
195.0 0 0 0 0 0 0
200.0 0 0 0 0 0 0
205.0 0 0 0 0 0 0
210.0 0 0 0 0 0 0
215.0 0 0 0 0 0 0
220.0 0 0 0 0 0 0
225.0 0 0 0 0 0 0
230.0 0 0 0 0 0 0
235.0 0 0 0 0 0 0
240.0 0 0 0 0 0 0
245.0 0 0 0 0 0 0
250.0 0 0 0 0 0 0
255.0 0 0 0 0 0 0
260.0 0 0 0 0 0 0
265.0 0 0 0 0 0 0
270.0 0 1 0 0 0 1
275.0 0 1 0 0 0 1
280.0 0 1 0 0 0 1
285.0 0 0 0 0 0 0
290.0 0 0 0 0 0 0
295.0 0 0 0 0 0 0
300.0 0 0 1 0 0 1
305.0 0 0 1 0 0 1
310.0 0 0 2 0 0 2
315.0 0 0 2 0 0 2
320.0 0 0 2 0 0 2
325.0 1 0 1 0 0 2
330.0 1 0 1 0 0 2
335.0 1 0 2 0 0 3
340.0 0 0 2 1 0 3
345.0 0 0 1 1 0 2
350.0 0 0 1 1 0 2
355.0 0 0 1 1 0 2
360.0 0 0 1 1 0 2
365.0 2 0 1 0 0 3
370.0 2 0 1 0 0 3
375.0 2 0 2 0 0 4
380.0 2 0 2 1 0 5
385.0 1 0 2 1 0 4
390.0 1 0 2 1 0 4
395.0 1 0 1 1 0 3
400.0 1 1 1 1 0 4
405.0 1 1 1 1 0 4
410.0 1 1 0 1 0 3
415.0 1 1 0 1 0 3
420.0 0 1 0 2 0 3
425.0 0 1 1 2 0 4
430.0 0 1 1 2 0 4
435.0 0 2 1 1 0 4
440.0 0 2 0 1 0 3
445.0 0 2 1 1 0 4
450.0 0 1 3 1 0 5
455.0 0 2 4 1 0 7
460.0 1 3 3 0 0 7
465.0 1 4 3 0 1 9
470.0 2 1 4 1 1 9
475.0 3 0 4 1 1 9
480.0 2 2 4 1 0 9
485.0 2 3 3 1 0 9
490.0 2 3 3 2 0 10
495.0 2 4 1 3 1 11
500.0 3 4 2 3 1 13
505.0 4 6 3 3 1 17
510.0 3 6 6 3 1 19
515.0 3 8 7 3 1 22
520.0 3 6 7 3 1 20
525.0 4 6 7 3 1 21
530.0 8 5 9 4 1 27
535.0 10 7 8 2 1 28
540.0 9 8 6 2 0 25
545.0 8 9 8 1 1 27
550.0 8 11 8 3 1 31
555.0 8 9 9 6 1 33
560.0 7 12 9 6 1 35
565.0 8 13 9 7 1 38
570.0 6 14 10 6 1 37
575.0 6 14 11 6 1 38
580.0 6 13 8 7 2 36
585.0 7 11 8 6 2 34
590.0 8 10 11 7 2 38
595.0 9 9 10 6 3 37
600.0 9 9 10 6 3 37
605.0 8 8 12 7 4 39
610.0 7 9 15 9 4 44
615.0 7 9 15 9 4 44
620.0 8 11 14 10 4 47
625.0 8 10 16 8 4 46
630.0 9 8 16 6 4 43
635.0 10 9 17 6 5 47
640.0 10 10 15 6 5 46
645.0 11 8 16 6 5 46
650.0 13 10 16 5 4 48
655.0 12 11 16 3 3 45
660.0 12 9 14 3 2 40
665.0 12 9 12 3 2 38
670.0 11 9 8 5 2 35
675.0 9 10 4 7 3 33
680.0 7 11 5 6 3 32
685.0 9 11 4 5 3 32
690.0 10 10 4 5 3 32
695.0 11 10 2 6 3 32
700.0 11 9 2 7 4 33
705.0 10 7 5 8 7 37
710.0 8 8 5 8 7 36
715.0 8 8 6 6 5 33
720.0 7 6 6 7 5 31
725.0 5 5 6 8 5 29
730.0 6 5 6 9 4 30
735.0 6 5 7 9 4 31
740.0 8 4 8 8 4 32
745.0 10 4 9 8 4 35
750.0 6 6 9 9 4 34
755.0 7 8 9 8 4 36
760.0 7 8 9 7 4 35
765.0 5 9 10 6 2 32
770.0 5 8 10 4 2 29
775.0 5 6 7 4 4 26
780.0 5 6 6 3 4 24
785.0 3 8 9 4 3 27
790.0 4 10 10 3 3 30
795.0 6 11 11 4 4 36
800.0 4 12 10 2 4 32
805.0 4 11 10 2 4 31
810.0 3 11 11 1 4 30
815.0 3 11 12 1 2 29
820.0 3 11 12 2 2 30
825.0 4 11 11 3 2 31
830.0 2 10 10 4 2 28
835.0 2 10 10 3 2 27
840.0 3 12 10 1 3 29
845.0 4 12 12 1 4 33
850.0 5 11 13 1 4 34
855.0 6 9 12 1 4 32
860.0 5 10 12 1 4 32
865.0 5 9 12 1 4 31
870.0 9 9 9 1 3 31
875.0 9 12 9 2 3 35
880.0 7 12 11 3 3 36
885.0 7 11 10 4 3 35
890.0 6 13 8 4 5 36
895.0 8 11 7 4 4 34
900.0 9 12 8 3 3 35
905.0 9 13 9 2 3 36
910.0 9 10 9 2 4 34
915.0 8 9 9 5 4 35
920.0 7 7 9 6 5 34
925.0 8 6 8 7 5 34
930.0 9 6 6 6 5 32
935.0 10 5 6 6 6 33
940.0 9 5 5 7 6 32
945.0 9 6 3 8 6 32
950.0 7 5 5 6 6 29
955.0 9 6 5 7 5 32
960.0 10 7 7 6 5 35
965.0 11 7 6 5 5 34
970.0 13 7 7 5 4 36
975.0 14 8 8 5 1 36
980.0 11 10 8 4 1 34
985.0 11 10 8 4 1 34
990.0 11 10 9 4 2 36
995.0 12 9 8 3 2 34
1000.0 11 9 8 4 3 35
1005.0 10 8 10 4 3 35
1010.0 10 10 9 2 3 34
1015.0 8 8 9 4 3 32
1020.0 7 8 8 6 3 32
1025.0 6 8 7 8 3 32
1030.0 6 10 5 9 3 33
1035.0 6 10 7 8 4 35
1040.0 5 10 9 9 4 37
1045.0 4 9 9 8 5 35
1050.0 3 8 7 7 5 30
1055.0 2 7 8 10 5 32
1060.0 4 6 7 10 5 32
1065.0 5 6 7 9 4 31
1070.0 7 6 5 9 5 32
1075.0 8 7 5 8 5 33
1080.0 9 8 6 6 5 34
1085.0 9 8 6 7 5 35
1090.0 11 7 6 8 5 37
1095.0 8 5 5 10 3 31
1100.0 9 6 5 7 3 30
1105.0 8 5 5 7 2 27
1110.0 10 6 8 6 2 32
1115.0 11 6 7 4 2 30
1120.0 12 7 8 2 3 32
1125.0 14 8 10 1 2 35
1130.0 11 8 10 3 2 34
1135.0 6 9 13 5 3 36
1140.0 7 7 14 5 3 36
1145.0 6 7 14 6 3 36
1150.0 10 6 10 6 2 34
1155.0 9 7 10 7 2 35
1160.0 11 8 8 6 2 35
1165.0 10 9 7 6 1 33
1170.0 11 9 9 6 2 37
1175.0 9 9 10 7 3 38
1180.0 8 10 8 8 3 37
1185.0 8 10 4 8 3 33
1190.0 8 9 6 7 2 32
1195.0 8 6 6 8 3 31
1200.0 10 5 9 9 2 35
1205.0 10 4 9 7 2 32
1210.0 6 4 9 10 2 31
1215.0 7 3 9 8 2 29
1220.0 7 3 7 9 3 29
1225.0 5 3 5 10 4 27
1230.0 5 4 5 9 4 27
1235.0 3 4 6 8 4 25
1240.0 4 1 5 7 4 21
1245.0 4 0 6 5 4 19
1250.0 4 0 7 4 4 19
1255.0 5 0 8 4 4 21
1260.0 4 0 7 4 4 19
1265.0 3 0 9 4 4 20
1270.0 3 0 6 3 3 15
1275.0 3 1 4 2 3 13
1280.0 3 1 4 2 1 11
1285.0 4 2 2 2 1 11
1290.0 2 2 2 3 1 10
1295.0 2 1 2 3 0 8
1300.0 2 3 2 3 0 10
1305.0 1 2 2 3 0 8
1310.0 1 1 0 3 0 5
1315.0 1 1 0 3 0 5
1320.0 1 2 0 2 0 5
1325.0 2 1 0 2 0 5
1330.0 2 1 0 2 0 5
1335.0 1 2 1 1 0 5
1340.0 1 2 1 1 0 5
1345.0 0 2 0 1 0 3
1350.0 0 2 0 1 0 3
1355.0 0 2 0 0 0 2
1360.0 0 2 0 0 0 2
1365.0 0 2 0 0 0 2
1370.0 0 2 0 0 0 2
1375.0 0 1 0 0 0 1
1380.0 0 1 0 0 0 1
1385.0 0 1 0 0 0 1
1390.0 0 1 0 0 0 1
1395.0 0 1 0 0 0 1
1400.0 0 0 0 0 0 0
1405.0 0 0 0 0 0 0
1410.0 0 0 0 0 0 0
1415.0 0 0 0 0 0 0
1420.0 0 0 0 0 0 0
1425.0 0 0 0 0 0 0
1430.0 0 0 0 0 0 0
1435.0 0 0 0 0 0 0
