5.0 0 0 0 0 0 0
10.0 0 0 0 0 0 0
15.0 0 0 0 0 0 0
20.0 0 0 0 0 0 0
25.0 0 0 0 0 0 0
30.0 0 0 0 0 0 0
35.0 0 0 0 0 0 0
40.0 0 0 0 0 0 0
45.0 0 0 0 0 0 0
50.0 0 0 0 0 0 0
55.0 0 0 0 0 0 0
60.0 0 0 0 0 0 0
65.0 0 0 0 0 0 0
70.0 0 0 0 0 0 0
75.0 0 0 0 0 0 0
80.0 0 0 0 0 0 0
85.0 0 0 0 0 0 0
90.0 0 0 0 0 0 0
95.0 0 0 0 0 0 0
100.0 0 0 0 0 0 0
105.0 0 0 0 0 0 0
110.0 0 0 0 0 0 0
115.0 0 0 0 0 0 0
120.0 0 0 0 0 0 0
125.0 0 0 0 0 0 0
130.0 0 0 0 0 0 0
135.0 0 0 0 0 0 0
140.0 0 0 0 0 0 0
145.0 0 0 0 0 0 0
150.0 0 0 0 0 0 0
155.0 0 0 1 0 0 1
160.0 0 0 1 0 0 1
165.0 0 0 1 0 0 1
170.0 0 0 1 0 0 1
175.0 0 0 1 0 0 1
180.0 0 0 1 0 0 1
185.0 0 0 0 0 0 0
190.0 0 0 0 0 0 0
195.0 0 0 0 0 0 0
200.0 0 0 0 0 0 0
205.0 0 0 0 0 0 0
210.0 0 1 0 0 0 1
215.0 0 1 0 0 0 1
220.0 0 1 0 0 0 1
225.0 0 1 0 0 0 1
230.0 0 0 0 1 0 1
235.0 0 0 0 1 0 1
240.0 0 0 0 1 0 1
245.0 0 0 1 1 0 2
250.0 0 0 1 1 0 2
255.0 0 0 1 1 0 2
260.0 0 0 1 1 0 2
265.0 0 0 1 1 0 2
270.0 0 0 1 1 0 2
275.0 0 0 1 1 0 2
280.0 0 1 1 0 0 2
285.0 0 1 1 0 0 2
290.0 0 1 1 0 0 2
295.0 0 1 1 0 0 2
300.0 1 1 1 0 0 3
305.0 1 1 1 0 0 3
310.0 0 2 1 0 0 3
315.0 0 2 1 0 1 4
320.0 1 2 1 0 1 5
325.0 1 2 1 0 1 5
330.0 0 2 1 1 1 5
335.0 1 2 0 1 1 5
340.0 1 2 0 1 1 5
345.0 1 3 0 1 1 6
350.0 1 3 0 1 1 6
355.0 3 4 1 1 1 10
360.0 4 5 1 1 1 12
365.0 4 7 1 1 1 14
370.0 5 6 3 0 1 15
375.0 4 5 4 1 1 15
380.0 3 6 6 1 1 17
385.0 3 5 7 1 1 17
390.0 4 6 8 2 1 21
395.0 6 7 6 2 1 22
400.0 5 6 7 3 1 22
405.0 5 6 8 4 1 24
410.0 6 8 8 4 3 29
415.0 8 12 6 3 3 32
420.0 9 12 6 3 3 33
425.0 13 14 12 2 3 44
430.0 12 15 12 1 5 45
435.0 15 17 14 1 5 52
440.0 14 18 15 6 6 59
445.0 20 14 17 7 6 64
450.0 18 15 23 10 8 74
455.0 20 16 26 13 8 83
460.0 25 16 30 18 8 97
465.0 25 18 35 20 8 106
470.0 22 23 36 21 7 109
475.0 22 29 40 22 7 120
480.0 26 30 41 22 9 128
485.0 24 37 41 24 10 136
490.0 27 40 43 22 11 143
495.0 29 44 44 24 10 151
500.0 31 49 45 26 10 161
505.0 41 51 50 28 11 181
510.0 42 55 56 29 8 190
515.0 47 59 61 27 11 205
520.0 54 59 60 31 14 218
525.0 50 60 66 31 16 223
530.0 54 63 63 33 21 234
535.0 58 65 62 34 22 241
540.0 61 64 69 38 25 257
545.0 66 63 72 38 24 263
550.0 64 66 80 37 22 269
555.0 65 72 79 42 24 282
560.0 66 83 79 40 27 295
565.0 64 81 71 43 29 288
570.0 65 82 76 41 31 295
575.0 72 83 74 42 27 298
580.0 70 81 77 43 33 304
585.0 69 74 90 49 35 317
590.0 75 79 98 47 38 337
595.0 71 80 98 46 41 336
600.0 72 79 98 47 44 340
605.0 72 79 103 46 43 343
610.0 77 79 109 48 45 358
615.0 87 74 116 39 45 361
620.0 90 82 116 45 46 379
625.0 95 81 113 39 48 376
630.0 101 86 113 39 48 387
635.0 94 91 110 41 46 382
640.0 88 87 114 45 47 381
645.0 78 86 115 46 47 372
650.0 81 87 113 45 47 373
655.0 78 90 112 39 47 366
660.0 78 85 109 39 49 360
665.0 74 90 114 42 46 366
670.0 70 84 107 49 48 358
675.0 66 89 117 51 48 371
680.0 62 84 116 52 48 362
685.0 62 82 115 51 46 356
690.0 62 83 108 55 45 353
695.0 71 77 99 47 41 335
700.0 71 68 100 43 43 325
705.0 69 70 99 44 39 321
710.0 63 74 99 47 39 322
715.0 62 76 93 46 37 314
720.0 60 77 89 47 37 310
725.0 61 78 84 43 35 301
730.0 59 77 86 38 36 296
735.0 61 72 81 39 36 289
740.0 62 62 84 39 36 283
745.0 71 60 81 33 35 280
750.0 67 64 74 36 30 271
755.0 64 64 77 38 30 273
760.0 56 69 74 37 32 268
765.0 58 65 81 36 29 269
770.0 58 55 81 37 24 255
775.0 55 53 81 37 26 252
780.0 58 52 76 31 26 243
785.0 58 55 74 34 27 248
790.0 57 59 71 34 27 248
795.0 48 61 70 37 29 245
800.0 52 64 66 41 32 255
805.0 59 64 70 39 35 267
810.0 57 64 67 40 35 263
815.0 55 62 72 39 37 265
820.0 57 58 79 37 36 267
825.0 57 54 81 39 36 267
830.0 57 55 90 39 32 273
835.0 58 55 87 46 32 278
840.0 53 63 75 50 33 274
845.0 53 66 81 49 32 281
850.0 54 70 82 49 31 286
855.0 56 72 83 49 26 286
860.0 59 77 78 45 28 287
865.0 62 69 79 43 32 285
870.0 65 66 80 44 34 289
875.0 67 65 83 49 34 298
880.0 64 70 84 51 33 302
885.0 66 68 87 51 32 304
890.0 69 71 85 53 32 310
895.0 77 69 93 53 31 323
900.0 78 65 103 57 31 334
905.0 78 71 105 49 31 334
910.0 85 74 105 48 35 347
915.0 83 83 104 43 37 350
920.0 86 77 106 40 39 348
925.0 81 72 104 38 38 333
930.0 75 71 98 38 40 322
935.0 77 76 92 36 38 319
940.0 77 84 91 36 40 328
945.0 84 87 89 30 41 331
950.0 87 90 81 34 40 332
955.0 83 82 83 38 41 327
960.0 80 87 87 40 42 336
965.0 75 92 88 42 43 340
970.0 72 95 95 46 40 348
975.0 74 102 102 47 39 364
980.0 87 111 96 43 40 377
985.0 83 105 97 49 41 375
990.0 81 102 91 54 42 370
995.0 85 98 92 51 41 367
1000.0 92 97 90 57 39 375
1005.0 84 100 98 54 38 374
1010.0 85 98 98 53 37 371
1015.0 79 97 96 55 36 363
1020.0 73 93 101 54 38 359
1025.0 70 89 109 55 38 361
1030.0 79 88 107 51 40 365
1035.0 85 90 115 48 40 378
1040.0 82 89 109 54 43 377
1045.0 88 88 114 51 45 386
1050.0 86 91 114 52 42 385
1055.0 90 87 112 60 41 390
1060.0 85 90 109 71 42 397
1065.0 95 96 111 69 39 410
1070.0 98 104 112 66 32 412
1075.0 92 103 106 65 32 398
1080.0 94 107 107 58 32 398
1085.0 101 109 108 54 33 405
1090.0 101 105 111 55 33 405
1095.0 103 95 114 56 34 402
1100.0 99 95 112 56 33 395
1105.0 94 91 122 54 37 398
1110.0 93 90 133 53 36 405
1115.0 93 87 132 57 41 410
1120.0 96 89 145 57 45 432
1125.0 88 85 144 57 44 418
1130.0 89 95 131 61 45 421
1135.0 96 90 134 54 45 419
1140.0 96 90 129 48 45 408
1145.0 98 96 115 49 43 401
1150.0 95 94 113 43 41 386
1155.0 94 104 106 43 44 391
1160.0 92 104 108 42 40 386
1165.0 90 98 103 47 42 380
1170.0 86 102 92 47 43 370
1175.0 87 97 94 49 42 369
1180.0 72 89 89 53 40 343
1185.0 75 88 94 53 40 350
1190.0 78 89 93 52 42 354
1195.0 84 98 94 52 42 370
1200.0 79 88 92 52 41 352
1205.0 77 83 96 50 36 342
1210.0 72 86 84 50 38 330
1215.0 62 83 82 47 29 303
1220.0 62 80 83 47 30 302
1225.0 59 71 74 44 24 272
1230.0 50 67 71 48 24 260
1235.0 49 65 65 44 23 246
1240.0 45 63 60 41 22 231
1245.0 38 57 60 42 18 215
1250.0 38 49 60 37 19 203
1255.0 37 51 50 33 21 192
1260.0 34 43 44 30 20 171
1265.0 34 40 44 26 18 162
1270.0 32 29 47 19 15 142
1275.0 26 24 46 21 13 130
1280.0 27 22 43 21 12 125
1285.0 24 24 45 17 10 120
1290.0 22 26 40 16 9 113
1295.0 21 27 36 16 8 108
1300.0 17 25 32 13 7 94
1305.0 13 23 27 16 7 86
1310.0 10 22 22 13 7 74
1315.0 7 19 19 13 6 64
1320.0 7 18 19 11 4 59
1325.0 8 15 16 9 4 52
1330.0 9 13 13 9 3 47
1335.0 8 8 12 6 4 38
1340.0 7 7 10 4 3 31
1345.0 6 6 9 3 3 27
1350.0 5 5 10 3 2 25
1355.0 4 3 9 3 1 20
1360.0 4 5 6 2 1 18
1365.0 3 4 5 2 1 15
1370.0 4 3 4 2 1 14
1375.0 8 2 2 2 1 15
1380.0 7 3 2 2 0 14
1385.0 5 4 2 1 0 12
1390.0 4 3 1 1 0 9
1395.0 3 1 2 0 1 7
1400.0 1 1 2 0 1 5
1405.0 1 1 2 0 1 5
1410.0 0 1 3 0 1 5
1415.0 0 0 3 0 1 4
1420.0 0 0 1 0 1 2
1425.0 0 0 1 0 0 1
1430.0 0 0 1 0 0 1
1435.0 0 0 1 0 0 1
