5.0 0 0 0 0 0 0
10.0 0 0 0 0 0 0
15.0 0 0 0 0 0 0
20.0 0 0 0 0 0 0
25.0 0 0 0 0 0 0
30.0 0 0 0 0 0 0
35.0 0 0 0 0 0 0
40.0 0 0 0 0 0 0
45.0 0 0 0 0 0 0
50.0 0 0 0 0 0 0
55.0 0 0 0 0 0 0
60.0 0 0 0 0 0 0
65.0 0 0 0 0 0 0
70.0 0 0 0 0 0 0
75.0 0 0 0 0 0 0
80.0 0 0 0 0 0 0
85.0 0 0 0 0 0 0
90.0 0 0 0 0 0 0
95.0 0 0 0 0 0 0
100.0 0 0 0 0 0 0
105.0 0 0 0 0 0 0
110.0 0 0 0 0 0 0
115.0 0 0 0 0 0 0
120.0 0 0 0 0 0 0
125.0 0 0 0 0 0 0
130.0 0 0 0 0 0 0
135.0 0 0 0 0 0 0
140.0 0 0 0 0 0 0
145.0 0 0 0 0 0 0
150.0 0 0 0 0 0 0
155.0 0 0 0 0 0 0
160.0 0 0 0 0 0 0
165.0 0 0 0 0 0 0
170.0 0 0 0 0 0 0
175.0 0 0 0 0 0 0
180.0 0 0 0 0 0 0
185.0 0 0 0 0 0 0
190.0 0 0 0 0 0 0
195.0 0 0 0 0 0 0
200.0 0 0 0 0 0 0
205.0 0 0 0 0 0 0
210.0 0 0 0 0 0 0
215.0 0 0 0 0 0 0
220.0 0 0 0 0 0 0
225.0 0 0 0 0 0 0
230.0 0 0 0 0 0 0
235.0 0 0 0 0 0 0
240.0 0 0 0 0 0 0
245.0 0 0 0 0 0 0
250.0 0 0 0 0 0 0
255.0 0 0 0 0 0 0
260.0 0 0 0 0 0 0
265.0 0 0 0 0 0 0
270.0 0 0 0 0 0 0
275.0 0 0 0 0 0 0
280.0 0 0 0 0 0 0
285.0 0 0 0 0 0 0
290.0 0 0 0 0 0 0
295.0 0 0 0 0 0 0
300.0 0 0 0 0 0 0
305.0 0 0 0 0 0 0
310.0 0 0 0 0 0 0
315.0 0 0 0 0 0 0
320.0 0 0 0 0 0 0
325.0 0 0 0 0 0 0
330.0 0 0 0 0 0 0
335.0 0 0 0 0 0 0
340.0 0 0 0 0 0 0
345.0 0 0 0 0 0 0
350.0 0 0 0 0 0 0
355.0 0 0 1 0 0 1
360.0 0 0 2 0 0 2
365.0 0 0 3 0 0 3
370.0 0 0 3 0 0 3
375.0 0 0 3 0 0 3
380.0 0 0 3 0 0 3
385.0 0 0 3 0 0 3
390.0 0 1 3 0 0 4
395.0 1 2 3 0 0 6
400.0 1 2 3 0 0 6
405.0 1 2 3 0 0 6
410.0 0 2 4 0 0 6
415.0 0 1 5 0 0 6
420.0 0 0 5 0 0 5
425.0 1 1 4 0 0 6
430.0 2 2 3 0 1 8
435.0 3 3 6 0 1 13
440.0 3 2 6 0 2 13
445.0 2 3 6 0 2 13
450.0 4 4 7 0 2 17
455.0 3 4 7 0 2 16
460.0 4 5 7 1 2 19
465.0 6 5 7 1 2 21
470.0 7 4 8 1 2 22
475.0 5 6 10 3 3 27
480.0 4 5 11 3 4 27
485.0 5 4 10 3 4 26
490.0 5 4 9 4 4 26
495.0 7 7 9 4 4 31
500.0 9 10 9 5 4 37
505.0 9 10 10 6 5 40
510.0 11 13 15 7 5 51
515.0 11 10 19 9 5 54
520.0 12 12 18 8 5 55
525.0 14 12 17 8 5 56
530.0 16 13 18 8 5 60
535.0 16 11 19 8 6 60
540.0 13 12 17 9 8 59
545.0 12 14 16 9 9 60
550.0 13 13 18 9 8 61
555.0 15 16 18 9 9 67
560.0 15 19 20 10 8 72
565.0 15 21 18 10 8 72
570.0 16 18 19 10 7 70
575.0 17 18 20 9 8 72
580.0 16 16 20 8 8 68
585.0 18 15 20 7 8 68
590.0 17 17 21 8 9 72
595.0 16 19 20 8 8 71
600.0 17 18 21 9 9 74
605.0 14 18 18 10 9 69
610.0 12 21 16 11 7 67
615.0 12 20 17 11 6 66
620.0 12 21 20 11 7 71
625.0 16 20 20 9 7 72
630.0 16 19 23 8 6 72
635.0 13 19 23 6 5 66
640.0 13 21 21 6 4 65
645.0 13 24 25 8 4 74
650.0 11 25 23 9 7 75
655.0 11 24 22 10 6 73
660.0 12 24 21 8 6 71
665.0 14 24 20 8 5 71
670.0 13 21 22 11 6 73
675.0 11 23 25 13 6 78
680.0 12 25 25 11 7 80
685.0 12 23 26 11 8 80
690.0 11 21 21 12 7 72
695.0 9 20 18 12 6 65
700.0 10 22 18 13 4 67
705.0 10 21 17 12 4 64
710.0 10 23 14 10 5 62
715.0 9 18 16 12 6 61
720.0 9 14 20 13 6 62
725.0 11 11 18 13 6 59
730.0 13 15 15 8 6 57
735.0 12 16 14 5 6 53
740.0 11 16 15 5 7 54
745.0 10 19 15 4 7 55
750.0 11 19 13 4 6 53
755.0 11 20 11 3 7 52
760.0 10 16 10 4 7 47
765.0 9 16 10 5 5 45
770.0 7 13 11 7 5 43
775.0 8 11 13 6 6 44
780.0 10 12 13 5 5 45
785.0 9 12 11 6 4 42
790.0 9 11 12 6 6 44
795.0 9 13 12 5 6 45
800.0 11 11 14 4 6 46
805.0 10 10 13 4 6 43
810.0 10 8 16 6 7 47
815.0 12 9 15 5 6 47
820.0 15 9 14 6 8 52
825.0 17 9 17 5 8 56
830.0 19 10 20 6 8 63
835.0 19 9 20 7 6 61
840.0 20 11 18 6 7 62
845.0 20 12 18 4 7 61
850.0 18 13 18 4 6 59
855.0 18 14 14 5 5 56
860.0 20 15 13 4 6 58
865.0 21 18 11 5 7 62
870.0 19 16 11 6 6 58
875.0 16 16 13 6 6 57
880.0 16 16 17 7 7 63
885.0 16 16 18 8 6 64
890.0 13 18 17 6 6 60
895.0 13 20 19 7 6 65
900.0 13 20 19 9 7 68
905.0 14 21 19 11 8 73
910.0 12 19 19 10 10 70
915.0 8 19 21 10 11 69
920.0 10 18 18 11 12 69
925.0 11 16 20 11 10 68
930.0 13 19 19 11 11 73
935.0 13 20 19 10 11 73
940.0 18 21 22 10 11 82
945.0 18 22 18 9 12 79
950.0 19 18 14 9 11 71
955.0 16 19 14 9 10 68
960.0 14 18 15 8 10 65
965.0 15 17 12 8 9 61
970.0 17 18 13 8 10 66
975.0 16 17 14 7 8 62
980.0 16 15 13 7 8 59
985.0 17 12 16 8 9 62
990.0 15 12 16 7 7 57
995.0 18 12 17 8 8 63
1000.0 18 13 16 7 9 63
1005.0 18 12 19 8 8 65
1010.0 12 13 23 11 8 67
1015.0 11 13 23 11 10 68
1020.0 8 13 19 9 10 59
1025.0 7 14 21 9 9 60
1030.0 7 14 21 8 8 58
1035.0 7 14 19 8 8 56
1040.0 7 18 20 8 9 62
1045.0 7 18 21 8 8 62
1050.0 9 15 22 8 8 62
1055.0 8 16 21 8 9 62
1060.0 11 16 27 8 10 72
1065.0 14 19 29 8 10 80
1070.0 14 17 26 7 9 73
1075.0 14 19 30 6 8 77
1080.0 16 19 26 4 7 72
1085.0 16 20 23 6 7 72
1090.0 15 21 26 6 7 75
1095.0 17 21 25 4 9 76
1100.0 19 22 25 3 11 80
1105.0 20 21 25 7 11 84
1110.0 23 16 24 8 11 82
1115.0 24 17 22 8 12 83
1120.0 20 16 20 10 11 77
1125.0 17 14 20 10 10 71
1130.0 15 15 19 9 9 67
1135.0 16 16 20 11 10 73
1140.0 13 17 19 12 9 70
1145.0 14 19 21 9 9 72
1150.0 15 22 20 9 8 74
1155.0 15 20 23 8 7 73
1160.0 17 20 23 9 8 77
1165.0 13 23 22 9 8 75
1170.0 13 24 23 11 7 78
1175.0 11 29 22 7 6 75
1180.0 12 31 19 8 8 78
1185.0 18 29 17 9 8 81
1190.0 19 27 16 9 9 80
1195.0 22 25 16 7 8 78
1200.0 20 22 15 4 7 68
1205.0 15 21 15 7 7 65
1210.0 14 19 13 9 7 62
1215.0 17 17 13 8 8 63
1220.0 15 15 11 7 7 55
1225.0 11 11 13 7 6 48
1230.0 12 10 13 6 6 47
1235.0 13 10 14 4 6 47
1240.0 10 13 11 6 5 45
1245.0 10 12 10 5 5 42
1250.0 11 12 10 5 6 44
1255.0 9 12 10 5 7 43
1260.0 8 10 9 6 5 38
1265.0 8 8 10 6 4 36
1270.0 8 5 10 5 3 31
1275.0 9 5 9 5 3 31
1280.0 8 6 6 6 3 29
1285.0 8 4 8 6 3 29
1290.0 5 2 9 6 3 25
1295.0 5 1 6 4 3 19
1300.0 5 1 5 3 3 17
1305.0 6 2 3 2 3 16
1310.0 5 1 3 2 1 12
1315.0 5 2 3 1 1 12
1320.0 5 2 2 1 1 11
1325.0 5 2 2 1 1 11
1330.0 4 2 1 1 1 9
1335.0 4 2 1 1 0 8
1340.0 2 3 1 1 0 7
1345.0 1 3 0 1 0 5
1350.0 1 3 0 1 0 5
1355.0 0 1 0 1 0 2
1360.0 0 1 0 2 0 3
1365.0 0 1 0 2 0 3
1370.0 0 1 0 1 0 2
1375.0 0 1 0 1 0 2
1380.0 0 2 0 0 0 2
1385.0 0 2 0 0 0 2
1390.0 0 1 0 0 0 1
1395.0 0 1 0 0 0 1
1400.0 0 1 0 0 0 1
1405.0 0 1 0 0 0 1
1410.0 0 1 0 0 0 1
1415.0 0 1 0 0 0 1
1420.0 0 1 0 0 0 1
1425.0 0 0 1 0 0 1
1430.0 0 0 1 0 0 1
1435.0 0 0 0 0 0 0
