5.0 0 0 0 0 0 0
10.0 0 0 0 0 0 0
15.0 0 0 0 0 0 0
20.0 0 0 0 0 0 0
25.0 0 0 0 0 0 0
30.0 0 0 0 0 0 0
35.0 0 0 0 0 0 0
40.0 0 0 0 0 0 0
45.0 0 0 0 0 0 0
50.0 0 0 0 0 0 0
55.0 0 0 0 0 0 0
60.0 0 0 0 0 0 0
65.0 0 0 0 0 0 0
70.0 0 0 0 0 0 0
75.0 0 0 0 0 0 0
80.0 0 0 0 0 0 0
85.0 0 0 0 0 0 0
90.0 0 0 0 0 0 0
95.0 0 0 0 0 0 0
100.0 0 0 0 0 0 0
105.0 0 0 0 0 0 0
110.0 0 0 0 0 0 0
115.0 0 0 0 0 0 0
120.0 0 0 0 0 0 0
125.0 0 0 0 0 0 0
130.0 0 0 0 0 0 0
135.0 0 0 0 0 0 0
140.0 0 0 0 0 0 0
145.0 0 0 0 0 0 0
150.0 0 0 0 0 0 0
155.0 0 0 0 0 0 0
160.0 0 0 0 0 0 0
165.0 0 0 0 0 0 0
170.0 0 0 0 0 0 0
175.0 0 0 0 0 0 0
180.0 0 0 0 0 0 0
185.0 0 0 0 0 0 0
190.0 0 0 0 0 0 0
195.0 0 0 0 0 0 0
200.0 0 0 0 0 0 0
205.0 0 0 0 0 0 0
210.0 0 0 0 0 0 0
215.0 0 0 0 0 0 0
220.0 0 1 0 0 0 1
225.0 0 1 0 0 0 1
230.0 0 2 0 0 0 2
235.0 0 2 0 0 0 2
240.0 0 2 0 0 0 2
245.0 0 2 0 0 0 2
250.0 0 1 0 0 0 1
255.0 0 0 0 0 0 0
260.0 0 0 0 0 0 0
265.0 0 0 0 0 0 0
270.0 0 0 0 0 0 0
275.0 0 0 0 0 0 0
280.0 0 0 0 1 0 1
285.0 0 0 0 1 0 1
290.0 0 0 0 1 0 1
295.0 0 0 0 1 0 1
300.0 0 0 1 1 0 2
305.0 1 0 1 1 0 3
310.0 1 0 2 1 0 4
315.0 1 0 2 2 0 5
320.0 1 0 3 2 0 6
325.0 1 0 3 2 0 6
330.0 1 0 3 2 0 6
335.0 0 1 3 2 0 6
340.0 0 2 3 1 0 6
345.0 0 1 3 2 0 6
350.0 0 1 3 2 0 6
355.0 0 1 3 2 0 6
360.0 2 0 3 2 0 7
365.0 2 0 4 4 1 11
370.0 3 1 3 2 1 10
375.0 3 3 3 2 1 12
380.0 3 4 3 2 2 14
385.0 3 4 4 2 2 15
390.0 3 5 5 1 2 16
395.0 3 5 7 1 2 18
400.0 3 6 9 1 2 21
405.0 4 11 12 1 1 29
410.0 5 9 13 1 1 29
415.0 3 10 12 3 1 29
420.0 4 10 8 3 1 26
425.0 5 9 9 3 1 27
430.0 4 9 11 3 1 28
435.0 6 8 10 5 2 31
440.0 10 10 11 5 3 39
445.0 12 11 11 7 3 44
450.0 13 9 10 8 3 43
455.0 17 10 11 9 3 50
460.0 17 11 17 11 3 59
465.0 16 11 22 14 4 67
470.0 15 14 24 15 4 72
475.0 14 11 23 15 5 68
480.0 17 13 23 17 5 75
485.0 21 16 26 14 6 83
490.0 23 17 30 15 6 91
495.0 25 17 33 17 8 100
500.0 27 15 39 17 10 108
505.0 25 19 38 16 12 110
510.0 24 19 42 20 13 118
515.0 24 18 43 18 14 117
520.0 29 24 44 19 14 130
525.0 30 24 46 20 15 135
530.0 34 25 46 20 17 142
535.0 37 27 44 19 16 143
540.0 35 34 46 19 15 149
545.0 35 35 52 19 16 157
550.0 32 33 51 21 18 155
555.0 34 35 52 24 20 165
560.0 35 35 53 24 22 169
565.0 39 32 49 24 24 168
570.0 39 32 51 32 24 178
575.0 48 33 55 31 25 192
580.0 49 38 59 30 25 201
585.0 50 44 56 28 25 203
590.0 51 42 57 29 26 205
595.0 48 46 60 30 26 210
600.0 44 47 60 31 27 209
605.0 37 49 58 36 26 206
610.0 46 45 59 37 26 213
615.0 48 46 60 34 26 214
620.0 54 48 61 35 25 223
625.0 52 48 57 32 27 216
630.0 53 53 61 34 27 228
635.0 52 59 54 33 24 222
640.0 49 52 55 34 26 216
645.0 51 53 52 33 27 216
650.0 50 50 50 30 28 208
655.0 54 54 49 32 24 213
660.0 55 62 48 36 23 224
665.0 51 64 50 40 23 228
670.0 47 56 45 40 23 211
675.0 45 53 44 40 23 205
680.0 49 56 51 41 21 218
685.0 40 52 51 45 18 206
690.0 44 55 51 42 17 209
695.0 45 60 49 42 17 213
700.0 49 52 47 41 18 207
705.0 45 55 50 33 16 199
710.0 41 58 50 31 17 197
715.0 48 54 53 29 16 200
720.0 47 63 50 27 20 207
725.0 46 66 48 30 24 214
730.0 49 62 44 34 23 212
735.0 46 55 49 32 26 208
740.0 46 55 48 29 26 204
745.0 44 50 48 25 28 195
750.0 41 47 51 27 26 192
755.0 38 43 53 30 25 189
760.0 37 39 56 30 24 186
765.0 39 42 52 32 23 188
770.0 40 46 52 29 21 188
775.0 42 42 49 27 21 181
780.0 39 43 50 28 20 180
785.0 41 43 53 33 22 192
790.0 44 46 47 32 23 192
795.0 42 48 43 31 23 187
800.0 45 44 45 28 23 185
805.0 47 45 45 26 21 184
810.0 42 45 46 26 20 179
815.0 32 43 44 26 19 164
820.0 35 44 41 27 19 166
825.0 33 39 45 27 20 164
830.0 39 38 51 26 21 175
835.0 42 39 50 27 22 180
840.0 43 45 54 26 25 193
845.0 44 46 57 29 25 201
850.0 46 47 60 25 24 202
855.0 37 42 59 25 28 191
860.0 38 39 58 28 28 191
865.0 40 36 63 27 27 193
870.0 41 40 66 28 27 202
875.0 45 40 58 28 28 199
880.0 46 44 64 26 29 209
885.0 46 44 61 25 30 206
890.0 42 42 66 23 31 204
895.0 45 39 68 24 31 207
900.0 48 39 62 21 32 202
905.0 53 38 61 23 33 208
910.0 54 46 60 21 34 215
915.0 55 47 58 21 32 213
920.0 53 51 55 25 30 214
925.0 49 49 55 30 31 214
930.0 50 50 50 33 30 213
935.0 49 50 53 36 32 220
940.0 46 49 55 33 31 214
945.0 45 47 59 31 33 215
950.0 46 49 58 28 34 215
955.0 44 52 58 29 33 216
960.0 44 56 60 29 32 221
965.0 43 54 64 33 33 227
970.0 43 59 68 32 32 234
975.0 45 59 70 32 30 236
980.0 41 63 69 32 33 238
985.0 42 59 72 25 34 232
990.0 35 53 82 28 30 228
995.0 38 57 78 28 29 230
1000.0 42 54 72 25 28 221
1005.0 41 55 70 26 26 218
1010.0 40 62 65 23 28 218
1015.0 40 59 66 24 23 212
1020.0 44 56 58 23 22 203
1025.0 46 59 60 24 24 213
1030.0 46 58 60 26 26 216
1035.0 46 58 57 24 24 209
1040.0 45 57 54 27 19 202
1045.0 47 55 58 27 19 206
1050.0 47 55 61 30 19 212
1055.0 53 56 59 28 19 215
1060.0 47 54 60 33 20 214
1065.0 45 60 56 32 19 212
1070.0 54 55 62 29 17 217
1075.0 59 62 67 27 18 233
1080.0 59 63 69 26 19 236
1085.0 57 58 75 26 21 237
1090.0 56 52 71 25 20 224
1095.0 56 56 68 31 20 231
1100.0 54 51 67 31 22 225
1105.0 54 55 66 34 22 231
1110.0 53 61 73 35 20 242
1115.0 52 64 75 34 21 246
1120.0 50 62 77 35 21 245
1125.0 53 66 74 29 22 244
1130.0 58 70 71 27 21 247
1135.0 57 67 75 30 21 250
1140.0 52 69 78 27 22 248
1145.0 55 74 68 32 24 253
1150.0 57 69 66 31 26 249
1155.0 58 58 65 32 27 240
1160.0 58 64 65 34 27 248
1165.0 57 63 72 32 31 255
1170.0 55 60 75 28 28 246
1175.0 49 56 74 28 27 234
1180.0 45 50 82 27 25 229
1185.0 48 48 78 28 21 223
1190.0 49 49 73 27 20 218
1195.0 46 47 65 30 22 210
1200.0 39 46 66 32 21 204
1205.0 37 45 63 29 20 194
1210.0 36 45 61 28 18 188
1215.0 28 46 58 30 18 180
1220.0 29 43 58 29 17 176
1225.0 29 41 47 25 15 157
1230.0 27 38 47 26 15 153
1235.0 30 34 48 25 16 153
1240.0 33 38 45 22 17 155
1245.0 36 36 45 20 16 153
1250.0 37 34 37 18 17 143
1255.0 36 33 33 17 14 133
1260.0 26 26 29 12 13 106
1265.0 25 22 25 10 12 94
1270.0 25 19 22 11 9 86
1275.0 27 18 20 13 7 85
1280.0 22 21 15 12 5 75
1285.0 20 15 16 11 5 67
1290.0 19 13 12 13 5 62
1295.0 18 9 14 13 5 59
1300.0 18 12 14 12 3 59
1305.0 16 10 15 9 3 53
1310.0 14 11 11 7 3 46
1315.0 11 8 8 8 3 38
1320.0 9 8 6 5 4 32
1325.0 8 8 7 4 3 30
1330.0 5 8 8 3 3 27
1335.0 3 9 7 1 3 23
1340.0 2 6 7 0 3 18
1345.0 3 6 7 1 2 19
1350.0 4 7 6 1 1 19
1355.0 4 6 6 1 1 18
1360.0 4 5 5 0 2 16
1365.0 3 5 2 0 2 12
1370.0 2 4 1 1 2 10
1375.0 2 3 1 1 2 9
1380.0 2 3 1 1 2 9
1385.0 2 2 1 1 2 8
1390.0 2 1 1 1 2 7
1395.0 0 0 2 1 2 5
1400.0 0 0 2 2 2 6
1405.0 0 0 2 2 2 6
1410.0 0 0 2 2 2 6
1415.0 0 0 2 2 2 6
1420.0 0 0 2 1 2 5
1425.0 1 0 3 1 1 6
1430.0 1 0 1 1 1 4
1435.0 0 0 1 1 0 2
