5.0 0 0 0 0 0 0
10.0 0 0 0 0 0 0
15.0 0 0 0 0 0 0
20.0 0 0 0 0 0 0
25.0 0 0 0 0 0 0
30.0 0 0 0 0 0 0
35.0 0 0 0 0 0 0
40.0 0 0 0 0 0 0
45.0 0 0 0 0 0 0
50.0 0 0 0 0 0 0
55.0 0 0 0 0 0 0
60.0 0 0 0 0 0 0
65.0 0 0 0 0 0 0
70.0 0 0 0 0 0 0
75.0 0 0 0 0 0 0
80.0 0 0 0 0 0 0
85.0 0 0 0 0 0 0
90.0 0 0 0 0 0 0
95.0 0 0 0 0 0 0
100.0 0 0 0 0 0 0
105.0 0 0 0 0 0 0
110.0 0 0 0 0 0 0
115.0 0 0 0 0 0 0
120.0 0 0 0 0 0 0
125.0 0 0 0 0 0 0
130.0 0 0 0 0 0 0
135.0 0 0 0 0 0 0
140.0 0 0 0 0 0 0
145.0 0 0 0 0 0 0
150.0 0 0 0 0 0 0
155.0 0 0 0 0 0 0
160.0 0 0 1 0 0 1
165.0 0 0 1 0 0 1
170.0 0 0 1 0 0 1
175.0 0 0 1 0 0 1
180.0 0 0 1 0 0 1
185.0 0 0 1 0 0 1
190.0 0 0 1 0 0 1
195.0 0 0 1 0 0 1
200.0 0 0 1 0 0 1
205.0 0 0 1 0 0 1
210.0 0 0 1 0 0 1
215.0 0 0 1 0 0 1
220.0 0 0 1 0 0 1
225.0 0 0 1 0 0 1
230.0 0 0 1 0 0 1
235.0 0 0 1 0 0 1
240.0 0 0 1 0 0 1
245.0 0 0 1 0 0 1
250.0 0 0 1 0 0 1
255.0 0 0 1 0 0 1
260.0 0 0 1 0 0 1
265.0 0 0 1 0 0 1
270.0 0 0 1 0 1 2
275.0 0 0 1 0 1 2
280.0 0 0 1 0 1 2
285.0 0 0 1 0 1 2
290.0 0 0 1 0 1 2
295.0 0 0 1 0 1 2
300.0 0 0 1 0 1 2
305.0 0 0 1 0 1 2
310.0 0 0 1 0 1 2
315.0 0 1 1 0 1 3
320.0 0 1 1 1 1 4
325.0 1 1 1 1 1 5
330.0 3 1 2 1 3 10
335.0 3 1 1 1 4 10
340.0 4 0 2 1 4 11
345.0 4 0 4 1 4 13
350.0 3 2 6 1 4 16
355.0 3 2 7 1 2 15
360.0 3 5 7 1 3 19
365.0 2 5 8 1 3 19
370.0 2 6 8 1 5 22
375.0 1 7 11 3 6 28
380.0 4 8 15 3 6 36
385.0 7 10 15 3 6 41
390.0 7 10 17 4 6 44
395.0 7 15 17 5 7 51
400.0 11 18 17 6 7 59
405.0 13 21 16 8 7 65
410.0 16 21 20 9 7 73
415.0 15 23 19 9 8 74
420.0 15 27 19 9 9 79
425.0 18 29 23 10 9 89
430.0 21 33 25 10 12 101
435.0 24 30 25 11 12 102
440.0 26 37 27 12 13 115
445.0 30 41 29 11 11 122
450.0 32 36 30 15 15 128
455.0 38 38 33 13 17 139
460.0 42 47 37 17 18 161
465.0 42 50 43 23 21 179
470.0 47 52 47 25 22 193
475.0 52 56 52 31 22 213
480.0 49 61 54 34 25 223
485.0 49 59 69 35 22 234
490.0 56 64 73 35 20 248
495.0 63 68 80 32 19 262
500.0 67 68 89 35 18 277
505.0 67 68 94 40 20 289
510.0 70 62 94 48 21 295
515.0 64 71 98 52 22 307
520.0 76 72 107 56 25 336
525.0 78 72 112 55 28 345
530.0 85 74 114 55 29 357
535.0 90 75 125 55 33 378
540.0 93 83 124 50 38 388
545.0 93 87 131 52 36 399
550.0 99 94 131 55 37 416
555.0 96 91 127 57 35 406
560.0 102 87 133 60 36 418
565.0 115 94 141 61 38 449
570.0 113 96 145 68 42 464
575.0 110 100 155 65 50 480
580.0 122 109 163 57 47 498
585.0 125 111 167 55 55 513
590.0 125 114 173 54 61 527
595.0 113 124 163 63 57 520
600.0 120 120 150 68 62 520
605.0 134 126 146 75 63 544
610.0 136 132 157 74 65 564
615.0 138 135 166 77 64 580
620.0 137 142 168 80 62 589
625.0 129 144 157 80 65 575
630.0 138 146 152 87 68 591
635.0 139 144 156 91 69 599
640.0 136 145 151 88 65 585
645.0 142 138 151 95 61 587
650.0 146 142 146 92 61 587
655.0 145 151 152 86 64 598
660.0 141 151 163 84 64 603
665.0 139 144 165 80 63 591
670.0 130 144 154 77 69 574
675.0 121 135 151 84 67 558
680.0 131 133 149 84 59 556
685.0 135 135 141 83 57 551
690.0 130 134 135 78 56 533
695.0 125 131 140 79 53 528
700.0 123 124 146 80 52 525
705.0 135 121 140 80 52 528
710.0 122 131 148 79 54 534
715.0 120 121 149 77 48 515
720.0 115 119 143 67 44 488
725.0 104 125 128 63 44 464
730.0 102 128 124 58 51 463
735.0 94 138 117 57 54 460
740.0 99 135 106 55 47 442
745.0 105 121 102 59 50 437
750.0 98 116 105 64 45 428
755.0 106 112 106 67 49 440
760.0 108 113 110 63 45 439
765.0 101 112 107 71 52 443
770.0 98 115 103 61 48 425
775.0 96 113 105 63 46 423
780.0 107 116 105 57 47 432
785.0 103 115 106 56 53 433
790.0 98 121 98 59 55 431
795.0 94 121 114 58 57 444
800.0 88 124 118 55 52 437
805.0 86 114 118 52 49 419
810.0 81 109 115 57 48 410
815.0 84 102 118 61 52 417
820.0 89 96 130 63 54 432
825.0 84 103 128 64 52 431
830.0 79 96 125 62 55 417
835.0 78 91 134 66 52 421
840.0 85 96 144 57 54 436
845.0 89 102 140 61 54 446
850.0 97 114 142 59 51 463
855.0 93 112 147 67 48 467
860.0 87 116 148 70 46 467
865.0 81 115 151 73 46 466
870.0 87 127 162 69 46 491
875.0 90 130 164 70 43 497
880.0 88 129 173 72 43 505
885.0 90 132 159 71 44 496
890.0 99 134 150 73 47 503
895.0 103 129 146 72 46 496
900.0 107 132 151 74 49 513
905.0 101 141 144 77 47 510
910.0 94 138 140 78 49 499
915.0 98 139 146 75 46 504
920.0 104 137 160 66 46 513
925.0 95 133 158 74 49 509
930.0 89 132 161 74 54 510
935.0 95 124 156 77 59 511
940.0 95 125 155 79 59 513
945.0 96 129 152 78 58 513
950.0 91 127 152 69 64 503
955.0 98 126 149 64 63 500
960.0 101 131 147 64 65 508
965.0 103 134 142 70 66 515
970.0 93 132 150 71 67 513
975.0 91 139 158 65 62 515
980.0 96 139 161 67 64 527
985.0 106 135 155 70 63 529
990.0 111 138 158 73 63 543
995.0 122 144 165 66 64 561
1000.0 113 147 162 67 62 551
1005.0 113 150 159 69 60 551
1010.0 117 149 152 66 61 545
1015.0 117 151 159 65 57 549
1020.0 112 141 160 70 56 539
1025.0 117 133 153 66 54 523
1030.0 122 124 166 61 53 526
1035.0 123 133 169 63 54 542
1040.0 131 132 169 61 58 551
1045.0 134 137 161 61 59 552
1050.0 136 139 163 66 60 564
1055.0 133 140 163 68 59 563
1060.0 127 141 167 70 61 566
1065.0 129 150 162 74 58 573
1070.0 130 147 161 72 57 567
1075.0 127 158 154 82 59 580
1080.0 121 168 156 82 57 584
1085.0 115 172 160 90 59 596
1090.0 118 163 166 85 63 595
1095.0 123 153 166 81 66 589
1100.0 128 156 170 76 66 596
1105.0 128 152 174 81 67 602
1110.0 127 166 167 84 68 612
1115.0 128 166 170 83 70 617
1120.0 120 161 185 85 68 619
1125.0 127 168 191 90 65 641
1130.0 121 168 195 93 65 642
1135.0 117 167 191 86 71 632
1140.0 105 167 187 84 75 618
1145.0 107 165 198 83 78 631
1150.0 112 155 203 73 76 619
1155.0 108 144 210 80 70 612
1160.0 121 153 202 85 72 633
1165.0 126 149 192 74 70 611
1170.0 133 141 187 73 67 601
1175.0 133 140 177 70 66 586
1180.0 132 134 165 61 67 559
1185.0 132 130 170 69 62 563
1190.0 122 130 178 67 57 554
1195.0 116 116 163 71 49 515
1200.0 114 108 167 71 51 511
1205.0 113 99 155 66 49 482
1210.0 110 94 146 63 44 457
1215.0 99 92 141 64 42 438
1220.0 101 94 130 53 43 421
1225.0 92 86 119 59 43 399
1230.0 92 88 108 58 36 382
1235.0 92 82 102 50 32 358
1240.0 88 80 98 48 29 343
1245.0 83 79 93 46 24 325
1250.0 76 75 88 41 23 303
1255.0 68 68 89 36 24 285
1260.0 68 61 87 32 24 272
1265.0 56 54 74 34 26 244
1270.0 48 47 66 33 25 219
1275.0 45 49 58 31 21 204
1280.0 47 39 52 27 19 184
1285.0 44 39 46 25 18 172
1290.0 38 29 36 25 17 145
1295.0 32 29 27 24 16 128
1300.0 31 28 23 20 9 111
1305.0 25 26 23 20 7 101
1310.0 21 23 19 20 8 91
1315.0 20 19 19 19 7 84
1320.0 17 19 17 17 6 76
1325.0 18 16 17 11 7 69
1330.0 19 15 16 9 7 66
1335.0 17 14 12 7 6 56
1340.0 16 13 10 7 6 52
1345.0 15 8 6 7 4 40
1350.0 13 8 8 5 6 40
1355.0 12 5 10 5 5 37
1360.0 7 5 10 6 5 33
1365.0 4 4 11 5 4 28
1370.0 3 6 10 3 4 26
1375.0 3 6 7 3 4 23
1380.0 3 5 4 2 4 18
1385.0 3 5 3 2 3 16
1390.0 4 3 2 2 2 13
1395.0 3 3 2 2 2 12
1400.0 1 1 5 2 2 11
1405.0 1 0 3 2 2 8
1410.0 0 1 3 2 2 8
1415.0 0 1 1 2 1 5
1420.0 0 0 4 0 2 6
1425.0 1 0 3 0 2 6
1430.0 1 0 2 0 2 5
1435.0 1 1 1 0 3 6
