5.0 0 0 0 0 0 0
10.0 0 0 0 0 0 0
15.0 0 0 0 0 0 0
20.0 0 0 0 0 0 0
25.0 0 0 0 0 0 0
30.0 0 0 0 0 0 0
35.0 0 0 0 0 0 0
40.0 0 0 0 0 0 0
45.0 0 0 0 0 0 0
50.0 0 0 0 0 0 0
55.0 0 0 0 0 0 0
60.0 0 0 0 0 0 0
65.0 0 0 0 0 0 0
70.0 0 0 0 0 0 0
75.0 0 0 0 0 0 0
80.0 0 0 0 0 0 0
85.0 0 0 0 0 0 0
90.0 0 0 0 0 0 0
95.0 0 0 0 0 0 0
100.0 0 0 0 0 0 0
105.0 0 0 0 0 0 0
110.0 0 0 0 0 0 0
115.0 0 0 0 0 0 0
120.0 0 0 0 0 0 0
125.0 0 0 0 0 0 0
130.0 0 0 0 0 0 0
135.0 0 0 0 0 0 0
140.0 0 0 0 0 0 0
145.0 0 0 0 0 0 0
150.0 0 0 0 0 0 0
155.0 0 0 0 0 0 0
160.0 0 0 0 0 0 0
165.0 0 0 0 0 0 0
170.0 0 0 0 0 0 0
175.0 0 0 0 0 0 0
180.0 0 0 0 0 0 0
185.0 0 0 0 0 0 0
190.0 0 0 0 0 0 0
195.0 0 0 0 0 0 0
200.0 0 0 0 0 0 0
205.0 0 0 0 0 0 0
210.0 0 0 0 0 0 0
215.0 0 0 0 0 0 0
220.0 0 0 0 0 0 0
225.0 0 0 0 0 0 0
230.0 0 0 0 0 0 0
235.0 0 0 0 0 0 0
240.0 0 0 0 0 0 0
245.0 0 0 0 0 0 0
250.0 0 0 0 0 0 0
255.0 0 0 0 0 0 0
260.0 0 0 0 0 0 0
265.0 0 0 1 0 0 1
270.0 0 1 1 0 0 2
275.0 0 1 1 0 0 2
280.0 0 0 1 0 0 1
285.0 0 0 1 0 0 1
290.0 0 0 1 0 0 1
295.0 0 0 1 0 0 1
300.0 0 0 1 0 0 1
305.0 1 0 0 0 0 1
310.0 1 1 1 0 0 3
315.0 2 1 1 0 0 4
320.0 2 0 1 0 0 3
325.0 2 0 1 0 0 3
330.0 2 2 1 0 0 5
335.0 2 3 2 0 0 7
340.0 2 3 2 0 0 7
345.0 2 4 2 1 0 9
350.0 1 3 3 1 1 9
355.0 1 5 3 1 1 11
360.0 3 6 3 1 1 14
365.0 4 7 3 2 1 17
370.0 4 8 2 2 1 17
375.0 3 13 2 2 2 22
380.0 3 13 2 2 2 22
385.0 3 12 2 2 2 21
390.0 5 10 4 3 2 24
395.0 7 9 6 3 3 28
400.0 9 10 7 3 3 32
405.0 10 9 7 2 4 32
410.0 9 11 4 3 5 32
415.0 10 12 4 5 5 36
420.0 8 12 6 5 5 36
425.0 10 13 8 6 4 41
430.0 11 16 10 7 4 48
435.0 14 18 12 7 4 55
440.0 12 15 18 7 4 56
445.0 12 17 20 7 5 61
450.0 10 19 25 8 6 68
455.0 10 22 26 10 6 74
460.0 13 24 26 9 6 78
465.0 13 25 28 9 6 81
470.0 14 23 35 10 7 89
475.0 15 25 38 10 8 96
480.0 18 28 39 13 9 107
485.0 22 31 39 14 10 116
490.0 23 35 40 15 12 125
495.0 29 34 38 11 13 125
500.0 34 35 39 6 13 127
505.0 35 31 49 6 16 137
510.0 35 32 54 11 17 149
515.0 39 31 58 15 18 161
520.0 41 28 64 19 16 168
525.0 39 31 67 23 15 175
530.0 42 29 65 22 17 175
535.0 44 27 69 22 17 179
540.0 39 27 65 23 18 172
545.0 43 31 66 23 22 185
550.0 44 32 72 23 24 195
555.0 40 38 77 24 23 202
560.0 44 42 77 25 27 215
565.0 51 50 85 22 25 233
570.0 53 56 86 24 25 244
575.0 51 58 87 26 23 245
580.0 48 55 84 27 22 236
585.0 48 56 80 29 25 238
590.0 52 60 79 31 27 249
595.0 51 65 76 38 28 258
600.0 58 56 76 37 30 257
605.0 58 60 78 33 27 256
610.0 59 58 81 32 28 258
615.0 67 58 82 29 27 263
620.0 64 54 87 33 27 265
625.0 64 52 86 33 29 264
630.0 65 56 90 31 27 269
635.0 61 62 84 33 26 266
640.0 62 66 88 33 24 273
645.0 65 60 89 38 22 274
650.0 67 57 87 35 22 268
655.0 61 64 91 38 20 274
660.0 54 65 92 38 21 270
665.0 54 70 86 41 22 273
670.0 56 69 78 34 26 263
675.0 60 67 80 39 26 272
680.0 59 65 82 37 28 271
685.0 65 62 82 36 27 272
690.0 68 62 79 31 25 265
695.0 70 62 80 30 24 266
700.0 67 66 78 26 22 259
705.0 62 67 68 28 21 246
710.0 54 62 65 29 22 232
715.0 57 62 65 27 22 233
720.0 57 55 66 30 18 226
725.0 51 52 69 29 18 219
730.0 49 44 61 26 18 198
735.0 47 43 60 25 17 192
740.0 45 47 64 27 18 201
745.0 41 48 60 33 19 201
750.0 44 49 57 33 18 201
755.0 51 55 51 27 17 201
760.0 50 55 46 27 18 196
765.0 50 49 49 28 19 195
770.0 49 47 44 30 16 186
775.0 51 42 41 29 16 179
780.0 53 43 41 28 16 181
785.0 58 45 39 26 17 185
790.0 52 45 47 26 13 183
795.0 48 49 50 22 14 183
800.0 45 49 51 17 15 177
805.0 45 49 56 19 15 184
810.0 39 51 54 19 15 178
815.0 36 53 50 23 16 178
820.0 42 57 45 20 18 182
825.0 44 59 49 18 18 188
830.0 43 59 54 17 18 191
835.0 38 57 53 19 22 189
840.0 36 57 52 23 23 191
845.0 38 50 51 23 25 187
850.0 42 52 51 23 24 192
855.0 44 57 50 21 26 198
860.0 43 63 50 20 25 201
865.0 50 63 54 17 27 211
870.0 50 66 58 18 28 220
875.0 46 66 53 17 29 211
880.0 44 68 53 16 31 212
885.0 44 70 47 16 33 210
890.0 52 69 48 16 34 219
895.0 49 67 53 19 33 221
900.0 43 68 53 19 32 215
905.0 44 63 58 21 32 218
910.0 36 61 68 18 35 218
915.0 38 63 72 20 35 228
920.0 40 60 79 16 35 230
925.0 42 52 75 19 35 223
930.0 40 52 76 19 34 221
935.0 43 51 74 19 32 219
940.0 45 55 71 19 33 223
945.0 50 60 68 19 34 231
950.0 45 59 73 17 31 225
955.0 46 57 66 15 33 217
960.0 43 56 66 17 32 214
965.0 51 52 58 18 29 208
970.0 50 51 54 18 29 202
975.0 44 57 59 22 29 211
980.0 44 52 62 24 32 214
985.0 48 49 67 25 33 222
990.0 44 49 64 30 31 218
995.0 49 44 61 29 29 212
1000.0 48 44 63 36 28 219
1005.0 50 46 61 36 27 220
1010.0 49 49 57 32 31 218
1015.0 46 47 71 31 30 225
1020.0 44 46 72 40 30 232
1025.0 51 47 68 36 31 233
1030.0 51 55 70 37 31 244
1035.0 51 56 72 36 33 248
1040.0 55 58 76 34 32 255
1045.0 48 57 76 35 34 250
1050.0 48 53 80 30 36 247
1055.0 51 60 75 30 37 253
1060.0 53 66 75 27 34 255
1065.0 58 71 78 27 32 266
1070.0 57 75 78 31 31 272
1075.0 55 77 82 28 27 269
1080.0 50 78 78 30 25 261
1085.0 47 83 83 34 27 274
1090.0 51 82 85 36 29 283
1095.0 56 83 89 33 30 291
1100.0 61 78 89 32 32 292
1105.0 57 76 95 32 30 290
1110.0 57 76 91 37 33 294
1115.0 60 77 81 38 34 290
1120.0 66 79 77 37 32 291
1125.0 68 72 76 35 30 281
1130.0 64 66 84 34 29 277
1135.0 61 61 83 37 30 272
1140.0 59 56 83 35 33 266
1145.0 59 51 92 37 33 272
1150.0 64 55 86 35 30 270
1155.0 66 66 82 35 27 276
1160.0 66 67 86 36 29 284
1165.0 68 65 82 34 30 279
1170.0 67 59 79 34 26 265
1175.0 74 59 70 36 23 262
1180.0 73 58 70 34 23 258
1185.0 76 57 65 37 23 258
1190.0 77 54 65 33 24 253
1195.0 68 53 58 32 25 236
1200.0 67 52 58 29 25 231
1205.0 58 49 56 34 22 219
1210.0 46 46 51 29 22 194
1215.0 43 50 48 27 19 187
1220.0 43 50 47 23 18 181
1225.0 41 46 45 20 16 168
1230.0 46 44 44 19 18 171
1235.0 40 41 42 22 19 164
1240.0 40 40 43 21 20 164
1245.0 41 41 49 19 21 171
1250.0 36 39 47 24 21 167
1255.0 29 38 42 22 17 148
1260.0 24 36 35 19 15 129
1265.0 26 36 29 15 12 118
1270.0 24 38 24 12 11 109
1275.0 22 36 21 10 12 101
1280.0 23 33 21 9 12 98
1285.0 20 34 20 7 11 92
1290.0 24 29 21 5 11 90
1295.0 21 31 20 5 8 85
1300.0 15 24 21 5 7 72
1305.0 12 21 16 7 6 62
1310.0 10 17 13 6 7 53
1315.0 13 17 13 2 4 49
1320.0 11 15 10 4 5 45
1325.0 10 16 11 4 5 46
1330.0 11 16 10 3 6 46
1335.0 9 13 10 2 6 40
1340.0 8 10 9 2 5 34
1345.0 7 10 8 2 4 31
1350.0 5 10 7 2 4 28
1355.0 4 9 6 2 4 25
1360.0 2 6 6 3 3 20
1365.0 2 5 6 3 2 18
1370.0 2 3 6 3 2 16
1375.0 2 1 5 3 2 13
1380.0 2 0 1 2 2 7
1385.0 2 1 0 0 2 5
1390.0 1 3 0 0 2 6
1395.0 1 2 0 0 2 5
1400.0 1 1 0 0 2 4
1405.0 0 1 0 0 2 3
1410.0 0 1 0 0 1 2
1415.0 0 0 0 0 1 1
1420.0 0 0 0 0 1 1
1425.0 0 0 0 0 1 1
1430.0 0 0 0 0 1 1
1435.0 0 0 0 0 1 1
