5.0 0 0 0 0 0 0
10.0 0 0 0 0 0 0
15.0 0 0 0 0 0 0
20.0 0 0 0 0 0 0
25.0 0 0 0 0 0 0
30.0 0 0 0 0 0 0
35.0 0 0 0 0 0 0
40.0 0 0 0 0 0 0
45.0 0 0 0 0 0 0
50.0 0 0 0 0 0 0
55.0 0 0 0 0 0 0
60.0 0 0 0 0 0 0
65.0 0 0 0 0 0 0
70.0 0 0 0 0 0 0
75.0 0 0 0 0 0 0
80.0 0 0 0 0 0 0
85.0 0 0 0 0 0 0
90.0 0 0 0 0 0 0
95.0 0 0 0 0 0 0
100.0 0 0 0 0 0 0
105.0 0 0 0 0 0 0
110.0 0 0 0 0 0 0
115.0 0 0 0 0 0 0
120.0 0 0 0 0 0 0
125.0 0 0 0 0 0 0
130.0 0 0 0 0 0 0
135.0 0 0 0 0 0 0
140.0 0 0 0 0 0 0
145.0 0 0 0 0 0 0
150.0 0 0 0 0 0 0
155.0 0 0 0 0 0 0
160.0 0 0 0 0 0 0
165.0 0 0 0 0 0 0
170.0 0 0 0 0 0 0
175.0 0 0 0 0 0 0
180.0 0 0 0 0 0 0
185.0 0 0 0 0 0 0
190.0 0 0 0 0 0 0
195.0 0 0 0 0 0 0
200.0 0 0 0 0 0 0
205.0 0 0 0 0 0 0
210.0 0 0 0 0 0 0
215.0 0 0 0 0 0 0
220.0 0 0 0 0 0 0
225.0 0 0 0 0 0 0
230.0 0 0 0 0 0 0
235.0 0 0 0 0 0 0
240.0 0 0 0 0 0 0
245.0 0 0 0 0 0 0
250.0 0 0 0 0 0 0
255.0 0 0 0 0 0 0
260.0 0 0 1 0 0 1
265.0 0 0 1 0 0 1
270.0 0 0 1 0 0 1
275.0 0 0 1 0 0 1
280.0 0 0 1 0 1 2
285.0 0 0 0 0 1 1
290.0 0 0 0 1 2 3
295.0 0 0 0 1 2 3
300.0 0 0 0 1 3 4
305.0 0 0 0 1 3 4
310.0 1 0 1 1 3 6
315.0 2 0 1 1 3 7
320.0 3 1 1 2 3 10
325.0 3 1 1 2 2 9
330.0 2 1 1 4 2 10
335.0 3 1 2 3 2 11
340.0 3 2 4 3 2 14
345.0 2 3 4 2 2 13
350.0 2 3 6 3 3 17
355.0 4 3 6 4 3 20
360.0 5 2 6 5 2 20
365.0 6 3 6 5 1 21
370.0 8 6 6 5 1 26
375.0 8 10 7 5 1 31
380.0 8 13 7 6 1 35
385.0 8 14 9 5 2 38
390.0 10 12 9 7 3 41
395.0 11 14 9 7 3 44
400.0 12 16 11 9 4 52
405.0 12 16 12 12 4 56
410.0 15 17 16 14 6 68
415.0 16 18 17 14 6 71
420.0 18 20 22 11 6 77
425.0 17 22 24 12 6 81
430.0 16 20 30 13 6 85
435.0 18 25 33 14 7 97
440.0 20 31 37 15 7 110
445.0 23 31 41 17 9 121
450.0 24 34 46 21 11 136
455.0 26 34 50 23 11 144
460.0 25 35 57 27 11 155
465.0 27 42 57 28 13 167
470.0 28 41 63 29 18 179
475.0 29 41 67 28 21 186
480.0 34 51 70 28 20 203
485.0 40 51 74 30 21 216
490.0 45 58 72 30 21 226
495.0 50 66 72 33 22 243
500.0 54 69 74 35 24 256
505.0 53 75 76 36 24 264
510.0 54 72 83 40 29 278
515.0 58 70 90 39 30 287
520.0 71 70 81 35 33 290
525.0 75 72 89 42 34 312
530.0 77 77 89 42 34 319
535.0 78 82 95 46 42 343
540.0 77 80 112 52 41 362
545.0 78 82 116 55 40 371
550.0 78 92 113 60 40 383
555.0 83 100 120 60 40 403
560.0 90 111 127 61 40 429
565.0 100 115 128 57 42 442
570.0 106 119 137 51 42 455
575.0 96 126 138 57 42 459
580.0 108 132 144 60 42 486
585.0 118 148 137 58 45 506
590.0 120 148 140 59 47 514
595.0 124 142 140 66 46 518
600.0 129 139 142 70 48 528
605.0 126 140 150 70 51 537
610.0 126 138 150 74 56 544
615.0 128 144 160 70 53 555
620.0 124 150 162 64 55 555
625.0 123 151 162 67 55 558
630.0 127 145 167 60 55 554
635.0 138 143 158 63 52 554
640.0 135 149 160 56 60 560
645.0 125 149 152 58 66 550
650.0 128 160 146 56 65 555
655.0 123 154 146 59 66 548
660.0 117 150 145 66 61 539
665.0 111 151 139 65 57 523
670.0 108 142 144 67 58 519
675.0 113 148 147 69 56 533
680.0 122 142 152 67 60 543
685.0 130 138 158 73 59 558
690.0 134 138 156 61 59 548
695.0 127 135 141 64 58 525
700.0 124 125 144 68 56 517
705.0 120 126 135 66 58 505
710.0 118 125 136 69 58 506
715.0 108 129 125 73 55 490
720.0 101 129 129 75 55 489
725.0 97 124 125 73 51 470
730.0 100 115 126 60 53 454
735.0 94 117 126 66 54 457
740.0 98 108 123 63 56 448
745.0 97 109 113 63 57 439
750.0 93 106 111 66 56 432
755.0 97 103 107 72 53 432
760.0 99 103 110 70 50 432
765.0 96 102 116 75 53 442
770.0 91 100 124 82 52 449
775.0 96 99 126 77 52 450
780.0 102 104 125 72 48 451
785.0 101 103 115 66 50 435
790.0 91 99 114 69 48 421
795.0 94 106 109 62 48 419
800.0 91 107 113 64 45 420
805.0 91 103 118 67 47 426
810.0 92 105 120 67 50 434
815.0 92 115 127 59 48 441
820.0 92 110 124 53 47 426
825.0 91 117 139 52 45 444
830.0 97 120 131 52 43 443
835.0 99 116 131 59 41 446
840.0 98 113 133 60 41 445
845.0 105 123 146 54 38 466
850.0 103 121 145 60 43 472
855.0 109 115 138 57 44 463
860.0 103 120 140 66 38 467
865.0 106 117 138 63 37 461
870.0 96 118 141 70 37 462
875.0 103 121 148 68 41 481
880.0 103 121 153 71 43 491
885.0 109 121 141 76 43 490
890.0 118 124 142 73 48 505
895.0 119 120 138 76 50 503
900.0 110 126 140 78 53 507
905.0 107 128 147 78 54 514
910.0 111 128 148 79 52 518
915.0 109 127 153 81 54 524
920.0 106 126 148 75 57 512
925.0 106 118 153 74 62 513
930.0 103 127 151 72 61 514
935.0 98 127 147 71 59 502
940.0 95 131 155 70 62 513
945.0 101 130 149 73 57 510
950.0 102 133 134 77 55 501
955.0 104 131 131 77 60 503
960.0 123 120 136 72 60 511
965.0 118 120 142 68 61 509
970.0 112 120 145 65 59 501
975.0 111 119 142 68 62 502
980.0 105 118 145 75 63 506
985.0 104 109 155 70 65 503
990.0 103 112 149 74 66 504
995.0 107 108 149 72 68 504
1000.0 105 108 151 66 68 498
1005.0 104 121 151 63 67 506
1010.0 105 126 149 66 63 509
1015.0 103 125 156 70 66 520
1020.0 106 117 166 65 68 522
1025.0 109 122 164 61 66 522
1030.0 110 127 156 56 65 514
1035.0 120 124 154 60 62 520
1040.0 123 121 152 60 65 521
1045.0 129 118 153 58 64 522
1050.0 133 122 154 64 63 536
1055.0 138 114 155 75 65 547
1060.0 144 118 155 71 64 552
1065.0 150 124 157 69 62 562
1070.0 147 139 155 72 65 578
1075.0 147 132 156 73 64 572
1080.0 153 127 172 76 61 589
1085.0 150 128 186 80 60 604
1090.0 162 134 184 75 59 614
1095.0 153 136 187 80 60 616
1100.0 147 142 193 89 61 632
1105.0 146 136 189 92 66 629
1110.0 142 132 194 86 66 620
1115.0 137 131 195 88 65 616
1120.0 137 140 195 89 68 629
1125.0 127 135 204 80 65 611
1130.0 121 153 195 83 67 619
1135.0 136 144 194 84 64 622
1140.0 132 148 188 79 64 611
1145.0 124 153 177 78 67 599
1150.0 130 145 178 75 71 599
1155.0 129 147 179 78 71 604
1160.0 121 157 174 77 67 596
1165.0 115 161 159 78 67 580
1170.0 116 159 154 73 68 570
1175.0 120 160 154 76 67 577
1180.0 121 150 154 71 64 560
1185.0 125 141 159 77 59 561
1190.0 122 133 154 75 53 537
1195.0 119 131 138 65 51 504
1200.0 119 115 131 64 49 478
1205.0 108 114 120 60 51 453
1210.0 102 108 110 55 49 424
1215.0 95 105 110 49 52 411
1220.0 95 101 109 49 47 401
1225.0 95 98 110 47 43 393
1230.0 87 90 106 41 46 370
1235.0 75 88 102 38 44 347
1240.0 72 79 95 33 42 321
1245.0 75 72 82 30 38 297
1250.0 75 73 76 32 33 289
1255.0 71 63 76 34 31 275
1260.0 69 57 71 34 28 259
1265.0 65 51 64 30 26 236
1270.0 57 49 55 28 26 215
1275.0 51 45 56 34 22 208
1280.0 46 43 49 31 19 188
1285.0 43 45 41 28 18 175
1290.0 37 43 36 23 14 153
1295.0 33 38 35 21 10 137
1300.0 27 33 29 20 8 117
1305.0 22 28 31 22 7 110
1310.0 25 25 30 15 5 100
1315.0 20 23 30 15 4 92
1320.0 18 17 26 11 5 77
1325.0 13 16 24 12 6 71
1330.0 14 16 23 10 6 69
1335.0 16 14 20 7 4 61
1340.0 15 13 16 6 4 54
1345.0 12 10 17 6 5 50
1350.0 11 9 14 5 4 43
1355.0 7 6 14 5 3 35
1360.0 6 7 10 4 3 30
1365.0 5 6 6 3 3 23
1370.0 4 7 5 3 1 20
1375.0 5 7 5 2 2 21
1380.0 5 7 6 2 2 22
1385.0 5 4 7 2 2 20
1390.0 3 3 6 2 2 16
1395.0 3 4 6 2 2 17
1400.0 3 3 6 2 2 16
1405.0 2 3 4 2 2 13
1410.0 2 1 4 1 2 10
1415.0 2 0 4 2 2 10
1420.0 2 0 3 2 2 9
1425.0 1 0 1 1 2 5
1430.0 0 0 1 1 2 4
1435.0 0 0 1 1 2 4
