5.0 0 0 0 0 0 0
10.0 0 0 0 0 0 0
15.0 0 0 0 0 0 0
20.0 0 0 0 0 0 0
25.0 0 0 0 0 0 0
30.0 0 0 0 0 0 0
35.0 0 0 0 0 0 0
40.0 0 0 0 0 0 0
45.0 0 0 0 0 0 0
50.0 0 0 0 0 0 0
55.0 0 0 0 0 0 0
60.0 0 0 0 0 0 0
65.0 0 0 0 0 0 0
70.0 0 0 0 0 0 0
75.0 0 0 0 0 0 0
80.0 0 0 0 0 0 0
85.0 0 0 0 0 0 0
90.0 0 0 0 0 0 0
95.0 0 0 0 0 0 0
100.0 0 0 0 0 0 0
105.0 0 0 0 0 0 0
110.0 0 0 0 0 0 0
115.0 0 0 0 0 0 0
120.0 0 0 0 0 0 0
125.0 0 0 0 0 0 0
130.0 0 0 0 0 0 0
135.0 0 0 0 0 0 0
140.0 0 0 0 0 0 0
145.0 0 0 0 0 0 0
150.0 0 0 0 0 0 0
155.0 0 0 0 0 0 0
160.0 0 0 0 0 0 0
165.0 0 0 0 0 0 0
170.0 0 0 0 0 0 0
175.0 0 0 0 0 0 0
180.0 0 0 0 0 0 0
185.0 0 0 0 0 0 0
190.0 0 0 0 0 0 0
195.0 0 0 0 0 0 0
200.0 0 0 0 0 0 0
205.0 0 0 0 0 0 0
210.0 0 0 0 0 0 0
215.0 0 0 0 0 0 0
220.0 0 0 0 0 0 0
225.0 0 0 0 0 0 0
230.0 0 0 0 0 0 0
235.0 0 0 0 0 0 0
240.0 0 0 0 0 0 0
245.0 0 0 0 0 0 0
250.0 0 0 0 0 0 0
255.0 0 0 0 0 0 0
260.0 0 0 0 0 0 0
265.0 0 0 0 0 0 0
270.0 0 0 0 0 0 0
275.0 0 0 0 0 0 0
280.0 0 0 0 0 0 0
285.0 0 0 0 0 0 0
290.0 0 0 0 0 0 0
295.0 0 0 0 0 0 0
300.0 0 0 0 0 0 0
305.0 0 0 0 0 0 0
310.0 0 0 0 0 0 0
315.0 0 0 0 0 0 0
320.0 1 1 0 0 0 2
325.0 1 2 0 0 0 3
330.0 1 2 1 0 0 4
335.0 1 2 1 0 0 4
340.0 2 2 1 0 0 5
345.0 3 2 0 1 0 6
350.0 2 2 1 1 0 6
355.0 3 3 1 2 0 9
360.0 2 3 1 2 0 8
365.0 2 3 1 2 0 8
370.0 3 2 1 2 0 8
375.0 5 2 1 2 0 10
380.0 9 2 2 2 0 15
385.0 10 4 4 2 0 20
390.0 12 3 4 3 0 22
395.0 13 4 4 4 0 25
400.0 14 6 9 4 0 33
405.0 13 7 8 5 0 33
410.0 12 5 11 6 0 34
415.0 12 5 11 7 0 35
420.0 12 8 14 7 1 42
425.0 12 9 15 6 2 44
430.0 13 10 16 5 3 47
435.0 14 14 16 7 3 54
440.0 14 14 16 9 4 57
445.0 11 19 18 9 4 61
450.0 9 22 22 8 5 66
455.0 14 21 17 8 7 67
460.0 17 18 17 8 6 66
465.0 16 21 17 6 6 66
470.0 16 22 16 6 6 66
475.0 14 24 19 7 7 71
480.0 14 24 20 9 6 73
485.0 14 28 23 9 9 83
490.0 13 29 28 10 9 89
495.0 14 29 30 12 8 93
500.0 18 29 29 13 10 99
505.0 26 27 31 17 10 111
510.0 27 28 32 17 11 115
515.0 26 31 34 19 11 121
520.0 27 33 35 20 11 126
525.0 28 38 40 19 12 137
530.0 31 39 44 19 12 145
535.0 33 39 46 18 14 150
540.0 37 40 49 24 14 164
545.0 32 45 46 24 12 159
550.0 38 45 46 24 12 165
555.0 39 49 46 23 12 169
560.0 43 52 45 22 12 174
565.0 42 47 51 23 15 178
570.0 39 49 53 25 17 183
575.0 47 51 54 26 16 194
580.0 50 53 61 25 20 209
585.0 51 55 65 27 19 217
590.0 47 55 63 24 20 209
595.0 49 51 64 25 20 209
600.0 52 48 60 21 23 204
605.0 51 50 60 24 22 207
610.0 57 49 54 25 22 207
615.0 51 50 52 31 24 208
620.0 49 55 44 36 23 207
625.0 51 56 45 34 23 209
630.0 50 55 49 37 23 214
635.0 53 50 49 36 22 210
640.0 46 49 47 40 22 204
645.0 48 52 46 35 23 204
650.0 46 50 56 28 25 205
655.0 44 56 54 30 25 209
660.0 43 50 57 34 25 209
665.0 43 49 50 33 26 201
670.0 46 48 54 32 27 207
675.0 50 46 58 31 28 213
680.0 49 47 63 31 25 215
685.0 48 47 59 30 25 209
690.0 46 54 55 28 21 204
695.0 47 51 54 30 17 199
700.0 53 48 53 26 20 200
705.0 54 42 51 26 20 193
710.0 57 38 50 26 21 192
715.0 54 35 45 29 21 184
720.0 48 41 45 33 22 189
725.0 43 44 43 32 20 182
730.0 43 43 42 27 21 176
735.0 36 41 46 28 21 172
740.0 37 39 43 28 19 166
745.0 33 39 40 29 21 162
750.0 29 36 49 28 20 162
755.0 29 44 46 26 22 167
760.0 34 49 42 24 22 171
765.0 29 39 41 24 22 155
770.0 27 39 42 25 24 157
775.0 28 41 38 23 22 152
780.0 29 39 34 21 22 145
785.0 32 43 34 21 20 150
790.0 32 41 33 22 21 149
795.0 36 39 37 22 20 154
800.0 33 40 42 27 19 161
805.0 32 43 47 25 17 164
810.0 32 39 56 21 16 164
815.0 30 34 64 18 19 165
820.0 27 32 59 19 20 157
825.0 25 33 63 17 18 156
830.0 22 36 65 17 19 159
835.0 26 36 58 18 19 157
840.0 24 36 57 21 17 155
845.0 25 38 60 16 17 156
850.0 27 42 58 18 18 163
855.0 31 42 62 18 18 171
860.0 33 38 61 20 20 172
865.0 34 32 66 21 21 174
870.0 37 42 67 19 22 187
875.0 35 56 64 18 24 197
880.0 31 60 63 14 23 191
885.0 30 61 57 16 21 185
890.0 31 57 61 18 20 187
895.0 31 55 61 18 23 188
900.0 34 54 59 20 24 191
905.0 39 56 61 22 24 202
910.0 42 52 62 18 23 197
915.0 38 49 62 19 26 194
920.0 36 40 61 24 28 189
925.0 38 36 65 23 28 190
930.0 42 33 63 23 25 186
935.0 42 36 61 22 24 185
940.0 42 42 64 24 24 196
945.0 39 46 61 24 22 192
950.0 44 47 59 24 20 194
955.0 45 45 61 25 20 196
960.0 43 42 62 27 19 193
965.0 40 44 67 24 20 195
970.0 39 37 69 21 23 189
975.0 47 42 60 18 23 190
980.0 50 40 58 18 22 188
985.0 48 36 61 21 22 188
990.0 53 38 59 20 20 190
995.0 46 40 54 21 19 180
1000.0 44 45 50 22 18 179
1005.0 47 45 49 28 19 188
1010.0 49 44 48 27 19 187
1015.0 50 41 44 29 20 184
1020.0 47 40 45 32 22 186
1025.0 47 50 45 31 21 194
1030.0 53 54 39 30 21 197
1035.0 48 53 41 27 23 192
1040.0 50 56 49 21 19 195
1045.0 53 55 52 22 17 199
1050.0 60 53 52 25 16 206
1055.0 62 51 59 24 15 211
1060.0 63 46 65 25 16 215
1065.0 62 52 62 26 16 218
1070.0 63 55 68 23 20 229
1075.0 62 56 76 21 22 237
1080.0 57 53 76 26 21 233
1085.0 55 55 77 30 21 238
1090.0 55 55 77 31 22 240
1095.0 51 58 78 35 23 245
1100.0 49 59 75 31 22 236
1105.0 49 60 74 28 23 234
1110.0 53 56 74 28 22 233
1115.0 54 50 81 25 24 234
1120.0 47 56 80 30 23 236
1125.0 55 59 82 30 21 247
1130.0 53 62 79 31 22 247
1135.0 52 57 80 31 22 242
1140.0 53 54 74 31 19 231
1145.0 51 54 76 26 20 227
1150.0 49 53 78 28 21 229
1155.0 46 52 79 27 21 225
1160.0 51 52 91 28 23 245
1165.0 43 54 92 34 23 246
1170.0 48 54 94 32 22 250
1175.0 52 48 86 32 22 240
1180.0 52 45 77 28 22 224
1185.0 44 45 72 31 18 210
1190.0 42 45 74 31 18 210
1195.0 41 46 65 34 17 203
1200.0 44 45 65 28 22 204
1205.0 38 43 53 30 21 185
1210.0 39 39 51 30 17 176
1215.0 43 40 49 31 14 177
1220.0 41 38 53 33 15 180
1225.0 41 40 50 33 13 177
1230.0 45 36 51 26 14 172
1235.0 46 34 50 22 14 166
1240.0 44 31 44 22 15 156
1245.0 42 35 40 20 13 150
1250.0 34 38 36 20 12 140
1255.0 33 32 36 17 12 130
1260.0 32 30 31 15 13 121
1265.0 29 26 28 13 9 105
1270.0 24 26 27 12 10 99
1275.0 17 25 26 11 8 87
1280.0 18 29 21 11 7 86
1285.0 15 33 19 12 7 86
1290.0 16 28 18 10 7 79
1295.0 19 22 20 7 7 75
1300.0 18 21 19 4 7 69
1305.0 15 18 17 4 8 62
1310.0 13 15 18 5 7 58
1315.0 13 10 18 5 6 52
1320.0 10 8 11 5 5 39
1325.0 6 6 8 8 5 33
1330.0 5 6 6 9 3 29
1335.0 4 4 5 7 5 25
1340.0 5 1 6 5 4 21
1345.0 3 3 5 4 3 18
1350.0 1 3 3 4 3 14
1355.0 0 2 3 4 3 12
1360.0 1 2 5 2 4 14
1365.0 2 1 4 2 3 12
1370.0 2 2 3 1 1 9
1375.0 1 2 4 0 0 7
1380.0 2 1 5 0 0 8
1385.0 2 0 4 0 0 6
1390.0 2 0 3 0 0 5
1395.0 2 0 3 0 0 5
1400.0 1 0 3 0 0 4
1405.0 1 0 2 0 0 3
1410.0 1 0 2 0 0 3
1415.0 1 0 1 0 0 2
1420.0 1 0 1 0 0 2
1425.0 2 0 1 0 0 3
1430.0 1 0 1 0 0 2
1435.0 1 0 1 0 0 2
