5.0 0 0 0 0 0 0
10.0 0 0 0 0 0 0
15.0 0 0 0 0 0 0
20.0 0 0 0 0 0 0
25.0 0 0 0 0 0 0
30.0 0 0 0 0 0 0
35.0 0 0 0 0 0 0
40.0 0 0 0 0 0 0
45.0 0 0 0 0 0 0
50.0 0 0 0 0 0 0
55.0 0 0 0 0 0 0
60.0 0 0 0 0 0 0
65.0 0 0 0 0 0 0
70.0 0 0 0 0 0 0
75.0 0 0 0 0 0 0
80.0 0 0 0 0 0 0
85.0 0 0 0 0 0 0
90.0 0 0 0 0 0 0
95.0 0 0 0 0 0 0
100.0 0 0 0 0 0 0
105.0 0 0 0 0 0 0
110.0 0 0 0 0 0 0
115.0 0 0 0 0 0 0
120.0 0 0 0 0 0 0
125.0 0 0 0 0 0 0
130.0 0 0 0 0 0 0
135.0 0 0 0 0 0 0
140.0 0 0 0 0 0 0
145.0 0 0 0 0 0 0
150.0 0 0 0 0 0 0
155.0 0 0 0 0 0 0
160.0 0 0 0 0 0 0
165.0 0 0 0 0 0 0
170.0 0 0 0 0 0 0
175.0 0 0 0 0 0 0
180.0 0 0 0 0 0 0
185.0 0 0 0 0 0 0
190.0 0 0 0 0 0 0
195.0 0 0 0 0 0 0
200.0 0 0 0 0 0 0
205.0 0 0 0 0 0 0
210.0 0 0 0 0 0 0
215.0 0 0 0 0 0 0
220.0 0 0 0 0 0 0
225.0 0 0 0 0 0 0
230.0 0 0 0 0 0 0
235.0 0 0 0 0 0 0
240.0 0 0 0 0 0 0
245.0 0 0 0 0 0 0
250.0 0 0 0 0 0 0
255.0 0 0 0 0 0 0
260.0 1 0 0 0 0 1
265.0 1 0 0 0 0 1
270.0 1 0 0 0 0 1
275.0 1 0 0 0 0 1
280.0 2 0 0 0 0 2
285.0 2 0 0 0 0 2
290.0 3 0 0 0 0 3
295.0 2 0 0 0 0 2
300.0 2 1 0 0 0 3
305.0 2 1 0 1 0 4
310.0 2 1 0 1 0 4
315.0 1 1 1 1 0 4
320.0 1 0 2 3 0 6
325.0 2 0 2 2 0 6
330.0 2 0 2 2 0 6
335.0 3 0 2 2 0 7
340.0 4 0 3 1 0 8
345.0 5 1 4 1 0 11
350.0 6 2 4 2 0 14
355.0 5 4 4 3 0 16
360.0 6 3 5 3 0 17
365.0 6 3 4 3 0 16
370.0 7 3 5 3 0 18
375.0 7 4 4 2 0 17
380.0 8 4 3 2 0 17
385.0 7 4 3 2 0 16
390.0 7 5 2 2 0 16
395.0 7 4 9 2 0 22
400.0 8 6 10 2 0 26
405.0 9 8 12 3 1 33
410.0 9 7 12 3 2 33
415.0 10 8 12 3 2 35
420.0 11 10 13 3 4 41
425.0 13 11 15 2 4 45
430.0 15 11 18 2 5 51
435.0 20 15 17 3 5 60
440.0 21 22 22 6 5 76
445.0 23 25 20 8 6 82
450.0 23 22 25 8 5 83
455.0 24 21 29 10 6 90
460.0 23 23 30 10 6 92
465.0 23 22 34 13 7 99
470.0 21 28 37 14 7 107
475.0 27 33 36 12 7 115
480.0 29 33 42 14 8 126
485.0 28 33 50 13 8 132
490.0 30 32 52 14 8 136
495.0 33 37 53 11 9 143
500.0 39 40 57 13 9 158
505.0 41 44 64 17 11 177
510.0 44 51 58 18 16 187
515.0 45 50 55 21 18 189
520.0 45 57 56 23 18 199
525.0 45 57 59 24 19 204
530.0 48 55 56 31 24 214
535.0 50 54 68 28 24 224
540.0 51 55 74 28 26 234
545.0 61 54 77 27 27 246
550.0 65 56 77 27 28 253
555.0 73 59 84 27 28 271
560.0 78 61 89 31 28 287
565.0 74 63 88 35 28 288
570.0 83 63 92 34 28 300
575.0 89 63 96 34 27 309
580.0 84 68 97 37 29 315
585.0 88 59 102 37 33 319
590.0 82 64 108 44 35 333
595.0 81 69 114 47 35 346
600.0 73 70 111 49 33 336
605.0 67 76 107 53 33 336
610.0 67 80 104 50 31 332
615.0 74 80 104 46 32 336
620.0 80 88 106 44 32 350
625.0 80 92 116 41 33 362
630.0 84 91 120 39 33 367
635.0 90 83 117 42 33 365
640.0 87 83 112 46 31 359
645.0 80 86 114 48 32 360
650.0 79 85 109 49 31 353
655.0 78 88 114 47 32 359
660.0 79 88 109 45 31 352
665.0 79 85 110 50 31 355
670.0 70 81 104 53 34 342
675.0 69 82 94 56 34 335
680.0 63 86 98 55 34 336
685.0 61 85 91 56 37 330
690.0 61 89 83 57 35 325
695.0 59 91 85 55 38 328
700.0 61 88 89 50 39 327
705.0 60 82 88 41 37 308
710.0 64 79 86 38 33 300
715.0 62 76 88 38 30 294
720.0 55 70 90 43 32 290
725.0 51 70 93 38 30 282
730.0 47 66 88 37 31 269
735.0 49 62 86 35 33 265
740.0 49 64 78 35 34 260
745.0 50 66 76 32 35 259
750.0 44 67 78 34 36 259
755.0 53 70 76 32 36 267
760.0 55 72 67 36 35 265
765.0 62 70 66 36 31 265
770.0 64 76 66 33 28 267
775.0 62 75 63 34 29 263
780.0 59 71 61 29 29 249
785.0 52 71 61 31 28 243
790.0 59 71 66 30 28 254
795.0 59 71 69 29 27 255
800.0 57 72 69 28 29 255
805.0 58 67 72 30 27 254
810.0 57 68 76 29 27 257
815.0 56 60 85 27 26 254
820.0 56 57 86 27 26 252
825.0 51 58 88 24 28 249
830.0 51 60 90 30 25 256
835.0 60 60 86 35 21 262
840.0 63 61 85 34 21 264
845.0 57 60 85 33 20 255
850.0 62 70 88 33 19 272
855.0 61 67 93 34 21 276
860.0 65 69 90 34 20 278
865.0 61 64 96 36 19 276
870.0 63 67 91 35 16 272
875.0 65 72 86 38 16 277
880.0 65 76 91 36 16 284
885.0 66 78 94 32 17 287
890.0 69 76 96 31 18 290
895.0 70 79 98 30 17 294
900.0 68 73 99 34 20 294
905.0 73 79 101 34 19 306
910.0 73 82 98 40 22 315
915.0 73 90 89 36 24 312
920.0 78 86 92 39 28 323
925.0 82 87 88 41 32 330
930.0 77 92 89 40 30 328
935.0 79 84 95 41 33 332
940.0 78 83 93 42 32 328
945.0 78 75 99 45 33 330
950.0 77 77 89 48 34 325
955.0 79 76 86 50 34 325
960.0 87 82 80 49 33 331
965.0 87 88 76 51 36 338
970.0 92 95 75 44 37 343
975.0 92 100 75 40 34 341
980.0 88 101 69 38 34 330
985.0 80 98 67 41 33 319
990.0 75 93 80 40 36 324
995.0 74 94 88 39 35 330
1000.0 80 93 96 39 33 341
1005.0 81 90 103 36 35 345
1010.0 85 90 104 38 32 349
1015.0 82 83 107 41 31 344
1020.0 85 86 103 37 31 342
1025.0 87 88 111 33 32 351
1030.0 90 89 118 35 33 365
1035.0 83 93 103 37 33 349
1040.0 83 87 99 39 32 340
1045.0 84 95 93 40 32 344
1050.0 77 100 92 43 32 344
1055.0 74 91 98 44 35 342
1060.0 77 95 96 43 35 346
1065.0 73 104 96 42 36 351
1070.0 75 108 99 39 38 359
1075.0 73 107 111 36 39 366
1080.0 72 109 113 42 37 373
1085.0 68 100 125 44 36 373
1090.0 70 104 113 46 36 369
1095.0 78 112 111 43 44 388
1100.0 83 119 114 40 41 397
1105.0 87 121 115 35 38 396
1110.0 88 119 119 41 40 407
1115.0 90 122 116 45 41 414
1120.0 86 114 127 47 42 416
1125.0 91 113 124 50 43 421
1130.0 81 115 123 56 43 418
1135.0 86 105 113 52 45 401
1140.0 85 101 118 52 44 400
1145.0 78 97 124 50 44 393
1150.0 85 93 124 50 42 394
1155.0 90 93 120 50 36 389
1160.0 91 95 113 52 34 385
1165.0 87 98 96 55 35 371
1170.0 81 101 95 54 36 367
1175.0 83 98 90 53 37 361
1180.0 85 95 94 47 37 358
1185.0 83 92 92 47 35 349
1190.0 85 84 90 50 32 341
1195.0 82 81 82 48 30 323
1200.0 73 78 83 46 30 310
1205.0 69 74 75 41 28 287
1210.0 67 70 70 41 29 277
1215.0 65 64 70 32 29 260
1220.0 65 61 69 27 27 249
1225.0 56 59 70 21 29 235
1230.0 54 57 68 24 28 231
1235.0 55 56 70 26 21 228
1240.0 55 51 65 24 18 213
1245.0 47 53 61 26 18 205
1250.0 46 51 49 26 15 187
1255.0 38 49 45 24 15 171
1260.0 33 50 45 25 14 167
1265.0 29 51 44 24 13 161
1270.0 22 37 39 18 13 129
1275.0 24 34 35 17 8 118
1280.0 24 27 36 15 9 111
1285.0 24 26 37 14 10 111
1290.0 18 26 30 9 10 93
1295.0 12 25 28 9 9 83
1300.0 13 20 28 8 7 76
1305.0 10 18 30 3 7 68
1310.0 9 14 28 3 7 61
1315.0 7 16 20 4 7 54
1320.0 5 13 17 6 7 48
1325.0 5 11 12 6 6 40
1330.0 4 11 11 6 6 38
1335.0 4 11 10 6 6 37
1340.0 3 11 11 5 5 35
1345.0 4 8 11 3 4 30
1350.0 5 8 14 2 4 33
1355.0 4 7 14 2 4 31
1360.0 8 6 12 1 4 31
1365.0 6 6 10 1 5 28
1370.0 4 4 4 1 5 18
1375.0 4 3 4 0 5 16
1380.0 4 3 2 1 5 15
1385.0 3 2 2 1 4 12
1390.0 1 4 2 2 2 11
1395.0 1 4 1 2 1 9
1400.0 1 2 1 1 1 6
1405.0 0 2 1 1 1 5
1410.0 0 2 0 1 1 4
1415.0 0 1 0 2 1 4
1420.0 1 1 1 2 0 5
1425.0 1 1 0 1 0 3
1430.0 1 1 0 1 0 3
1435.0 1 1 0 1 0 3
