5.0 0 0 0 0 0 0
10.0 0 0 0 0 0 0
15.0 0 0 0 0 0 0
20.0 0 0 0 0 0 0
25.0 0 0 0 0 0 0
30.0 0 0 0 0 0 0
35.0 0 0 0 0 0 0
40.0 0 0 0 0 0 0
45.0 0 0 0 0 0 0
50.0 0 0 0 0 0 0
55.0 0 0 0 0 0 0
60.0 0 0 0 0 0 0
65.0 0 0 0 0 0 0
70.0 0 0 0 0 0 0
75.0 0 0 0 0 0 0
80.0 0 0 0 0 0 0
85.0 0 0 0 0 0 0
90.0 0 0 0 0 0 0
95.0 0 0 0 0 0 0
100.0 0 0 0 0 0 0
105.0 0 0 0 0 0 0
110.0 0 0 0 0 0 0
115.0 0 0 0 0 0 0
120.0 0 0 0 0 0 0
125.0 0 0 0 0 0 0
130.0 0 0 0 0 0 0
135.0 0 0 0 0 0 0
140.0 0 0 0 0 0 0
145.0 0 0 0 0 0 0
150.0 0 0 0 0 0 0
155.0 0 0 0 0 0 0
160.0 0 0 0 0 0 0
165.0 0 0 0 0 0 0
170.0 0 0 0 0 0 0
175.0 0 0 0 0 0 0
180.0 0 0 0 0 0 0
185.0 0 0 0 0 0 0
190.0 0 0 0 0 0 0
195.0 0 0 0 0 0 0
200.0 0 0 0 0 0 0
205.0 0 0 0 0 0 0
210.0 0 0 0 0 0 0
215.0 0 0 0 0 0 0
220.0 0 0 0 0 0 0
225.0 0 0 0 0 0 0
230.0 0 0 0 0 0 0
235.0 0 0 0 0 0 0
240.0 0 0 0 0 0 0
245.0 0 0 0 0 0 0
250.0 0 0 0 0 0 0
255.0 0 0 0 0 0 0
260.0 0 0 0 0 0 0
265.0 0 0 0 0 0 0
270.0 0 0 0 0 0 0
275.0 0 0 0 0 0 0
280.0 0 0 0 0 0 0
285.0 0 0 0 0 0 0
290.0 0 0 0 0 0 0
295.0 0 0 0 0 0 0
300.0 1 0 0 0 0 1
305.0 1 0 0 0 0 1
310.0 1 0 0 0 0 1
315.0 1 0 0 0 0 1
320.0 1 0 0 0 0 1
325.0 0 1 0 0 0 1
330.0 0 1 0 0 0 1
335.0 0 1 0 0 0 1
340.0 0 1 1 0 1 3
345.0 0 1 1 0 1 3
350.0 0 0 2 0 1 3
355.0 0 0 2 0 1 3
360.0 1 0 2 0 1 4
365.0 1 0 2 0 1 4
370.0 1 0 5 0 1 7
375.0 1 1 4 0 1 7
380.0 1 2 3 0 1 7
385.0 3 2 3 0 1 9
390.0 2 2 4 0 0 8
395.0 4 2 4 0 0 10
400.0 3 2 4 1 0 10
405.0 2 4 4 2 0 12
410.0 1 7 6 3 0 17
415.0 2 8 8 3 0 21
420.0 2 9 9 4 0 24
425.0 3 10 9 5 1 28
430.0 4 9 11 7 1 32
435.0 5 9 11 6 1 32
440.0 5 11 13 6 2 37
445.0 5 11 12 5 2 35
450.0 7 11 12 7 3 40
455.0 9 14 12 7 4 46
460.0 8 15 13 8 4 48
465.0 8 18 13 9 5 53
470.0 7 16 14 10 6 53
475.0 9 18 16 11 6 60
480.0 10 16 17 11 7 61
485.0 10 17 22 10 7 66
490.0 10 20 23 12 8 73
495.0 12 19 24 12 8 75
500.0 13 14 27 11 9 74
505.0 11 17 32 12 8 80
510.0 14 20 29 12 7 82
515.0 17 22 27 10 7 83
520.0 22 21 25 13 7 88
525.0 22 25 30 12 8 97
530.0 22 30 31 12 7 102
535.0 21 34 38 13 7 113
540.0 21 36 34 11 7 109
545.0 25 37 31 11 8 112
550.0 25 42 31 13 8 119
555.0 25 42 33 15 11 126
560.0 31 40 34 13 12 130
565.0 35 41 35 14 13 138
570.0 39 46 37 14 12 148
575.0 39 45 40 18 12 154
580.0 41 46 44 18 14 163
585.0 43 48 41 20 17 169
590.0 36 45 48 23 16 168
595.0 38 48 47 22 16 171
600.0 42 52 43 23 16 176
605.0 44 56 43 20 15 178
610.0 43 56 44 24 15 182
615.0 42 57 47 25 14 185
620.0 44 53 53 28 16 194
625.0 43 52 55 28 16 194
630.0 39 52 54 31 17 193
635.0 35 51 55 33 18 192
640.0 31 49 49 35 18 182
645.0 29 49 49 35 17 179
650.0 33 47 46 35 18 179
655.0 35 42 47 34 16 174
660.0 38 40 52 29 13 172
665.0 42 39 51 24 12 168
670.0 42 41 54 22 13 172
675.0 43 43 54 28 12 180
680.0 46 47 47 28 12 180
685.0 46 47 45 25 15 178
690.0 42 42 49 20 19 172
695.0 42 41 55 17 18 173
700.0 36 36 55 20 17 164
705.0 32 40 58 23 16 169
710.0 32 38 54 19 18 161
715.0 33 36 51 20 19 159
720.0 29 31 57 23 18 158
725.0 34 34 53 23 17 161
730.0 37 33 49 25 17 161
735.0 36 30 45 26 18 155
740.0 32 28 46 27 18 151
745.0 35 27 47 28 17 154
750.0 32 24 44 27 17 144
755.0 31 24 44 26 18 143
760.0 33 24 40 25 20 142
765.0 38 23 38 23 22 144
770.0 36 26 41 20 19 142
775.0 31 26 40 21 20 138
780.0 31 25 42 20 19 137
785.0 29 23 44 26 19 141
790.0 26 26 43 24 19 138
795.0 20 30 41 25 20 136
800.0 21 30 38 23 20 132
805.0 22 32 37 26 19 136
810.0 24 32 40 21 18 135
815.0 23 29 39 21 16 128
820.0 29 28 39 21 17 134
825.0 28 26 50 23 17 144
830.0 28 28 49 26 18 149
835.0 30 28 49 27 19 153
840.0 29 28 50 26 18 151
845.0 33 31 46 23 16 149
850.0 31 28 44 21 15 139
855.0 30 30 50 20 15 145
860.0 29 33 51 17 15 145
865.0 31 34 54 16 16 151
870.0 37 39 52 16 15 159
875.0 36 39 47 15 14 151
880.0 40 39 46 17 15 157
885.0 39 39 44 17 16 155
890.0 36 39 48 19 16 158
895.0 37 43 51 21 16 168
900.0 29 37 55 22 20 163
905.0 33 33 64 21 21 172
910.0 39 33 62 24 19 177
915.0 37 31 65 27 19 179
920.0 38 33 62 27 17 177
925.0 38 33 62 30 16 179
930.0 41 34 63 29 15 182
935.0 46 31 61 27 16 181
940.0 44 32 59 29 18 182
945.0 41 31 63 25 18 178
950.0 38 31 60 22 18 169
955.0 38 36 61 22 19 176
960.0 39 38 55 22 20 174
965.0 38 47 51 24 20 180
970.0 37 42 54 26 20 179
975.0 42 38 57 28 24 189
980.0 47 43 54 29 23 196
985.0 51 41 48 30 24 194
990.0 49 39 43 33 24 188
995.0 48 42 44 30 25 189
1000.0 51 40 45 34 28 198
1005.0 51 45 49 29 26 200
1010.0 47 43 52 30 25 197
1015.0 43 43 55 26 25 192
1020.0 37 38 55 29 24 183
1025.0 38 40 58 28 23 187
1030.0 41 37 58 27 25 188
1035.0 48 35 55 23 24 185
1040.0 50 33 54 23 22 182
1045.0 58 37 50 23 22 190
1050.0 52 30 52 24 24 182
1055.0 48 31 54 27 24 184
1060.0 45 36 53 32 20 186
1065.0 40 42 57 32 17 188
1070.0 39 43 54 27 15 178
1075.0 36 42 57 31 14 180
1080.0 34 44 59 30 13 180
1085.0 32 47 61 34 15 189
1090.0 35 42 60 34 15 186
1095.0 35 41 61 35 17 189
1100.0 32 46 55 39 16 188
1105.0 41 46 55 34 18 194
1110.0 41 44 54 31 20 190
1115.0 39 48 49 31 21 188
1120.0 39 47 43 33 23 185
1125.0 44 44 42 29 22 181
1130.0 47 46 43 25 19 180
1135.0 49 47 44 21 20 181
1140.0 52 45 50 21 22 190
1145.0 54 49 55 19 24 201
1150.0 53 55 52 21 21 202
1155.0 46 50 54 23 21 194
1160.0 44 46 60 24 21 195
1165.0 37 45 60 28 21 191
1170.0 37 41 60 28 25 191
1175.0 35 42 59 27 23 186
1180.0 35 48 59 22 19 183
1185.0 38 52 54 24 18 186
1190.0 33 45 60 21 17 176
1195.0 30 39 59 22 17 167
1200.0 25 31 60 25 17 158
1205.0 26 28 54 20 13 141
1210.0 29 29 50 24 16 148
1215.0 26 25 47 21 14 133
1220.0 25 31 44 22 14 136
1225.0 26 33 39 21 17 136
1230.0 25 34 38 19 16 132
1235.0 21 36 37 21 17 132
1240.0 17 39 34 19 17 126
1245.0 16 36 33 16 14 115
1250.0 21 32 26 17 13 109
1255.0 24 31 25 17 11 108
1260.0 27 31 21 13 11 103
1265.0 28 27 15 12 9 91
1270.0 27 24 14 14 7 86
1275.0 28 24 14 11 8 85
1280.0 23 19 16 11 9 78
1285.0 22 18 14 11 9 74
1290.0 19 19 12 7 9 66
1295.0 16 20 12 8 7 63
1300.0 13 18 12 7 5 55
1305.0 13 17 12 7 5 54
1310.0 11 14 12 5 2 44
1315.0 10 13 9 5 1 38
1320.0 8 14 10 5 1 38
1325.0 8 12 7 6 1 34
1330.0 7 8 5 7 1 28
1335.0 8 9 5 5 1 28
1340.0 7 8 3 4 0 22
1345.0 6 9 3 3 0 21
1350.0 7 7 4 2 0 20
1355.0 6 6 2 3 0 17
1360.0 4 5 3 3 0 15
1365.0 4 4 5 2 1 16
1370.0 1 4 5 2 1 13
1375.0 1 3 5 2 1 12
1380.0 1 3 5 2 1 12
1385.0 1 3 3 1 2 10
1390.0 1 4 3 2 2 12
1395.0 2 2 3 0 2 9
1400.0 1 1 3 1 2 8
1405.0 1 1 1 1 1 5
1410.0 1 0 0 1 0 2
1415.0 1 0 0 1 0 2
1420.0 1 0 0 1 0 2
1425.0 2 0 0 0 0 2
1430.0 2 0 0 0 0 2
1435.0 2 0 0 0 0 2
