5.0 0 0 0 0 0 0
10.0 0 0 0 0 0 0
15.0 0 0 0 0 0 0
20.0 0 0 0 0 0 0
25.0 0 0 0 0 0 0
30.0 0 0 0 0 0 0
35.0 0 0 0 0 0 0
40.0 0 0 0 0 0 0
45.0 0 0 0 0 0 0
50.0 0 0 0 0 0 0
55.0 0 0 0 0 0 0
60.0 0 0 0 0 0 0
65.0 0 0 0 0 0 0
70.0 0 0 0 0 0 0
75.0 0 0 0 0 0 0
80.0 0 0 0 0 0 0
85.0 0 0 0 0 0 0
90.0 0 0 0 0 0 0
95.0 0 0 0 0 0 0
100.0 0 0 0 0 0 0
105.0 0 0 0 0 0 0
110.0 0 0 0 0 0 0
115.0 0 0 0 0 0 0
120.0 0 0 0 0 0 0
125.0 0 0 0 0 0 0
130.0 0 0 0 0 0 0
135.0 0 0 0 0 0 0
140.0 0 0 0 0 0 0
145.0 0 0 0 0 0 0
150.0 0 0 0 0 0 0
155.0 0 0 0 0 0 0
160.0 0 0 0 0 0 0
165.0 0 0 0 0 0 0
170.0 0 0 0 0 0 0
175.0 0 0 0 0 0 0
180.0 0 0 0 0 0 0
185.0 0 0 0 0 0 0
190.0 0 0 0 0 0 0
195.0 0 0 0 0 0 0
200.0 0 0 0 0 0 0
205.0 0 0 0 0 0 0
210.0 0 0 0 0 0 0
215.0 0 0 0 0 0 0
220.0 0 0 0 0 0 0
225.0 0 0 0 0 0 0
230.0 0 0 0 0 0 0
235.0 0 0 0 0 0 0
240.0 0 0 0 0 0 0
245.0 0 1 0 0 0 1
250.0 0 1 0 0 0 1
255.0 1 0 0 1 0 2
260.0 1 0 0 1 0 2
265.0 0 0 0 1 0 1
270.0 0 0 0 1 1 2
275.0 0 0 1 1 1 3
280.0 0 0 1 1 1 3
285.0 0 0 1 1 1 3
290.0 0 0 1 2 1 4
295.0 0 0 1 2 1 4
300.0 0 0 3 2 1 6
305.0 1 0 2 1 1 5
310.0 2 0 2 1 1 6
315.0 3 0 3 1 1 8
320.0 4 1 4 1 1 11
325.0 3 3 4 1 1 12
330.0 2 3 6 1 1 13
335.0 2 3 6 1 1 13
340.0 1 5 6 2 0 14
345.0 3 3 4 2 0 12
350.0 4 4 6 2 1 17
355.0 4 4 7 2 2 19
360.0 4 5 7 4 2 22
365.0 5 5 6 3 2 21
370.0 5 5 6 3 3 22
375.0 4 7 7 3 5 26
380.0 4 7 8 3 5 27
385.0 3 10 10 4 5 32
390.0 4 10 11 3 6 34
395.0 5 11 8 3 8 35
400.0 6 8 9 5 8 36
405.0 6 8 9 6 9 38
410.0 9 10 13 6 9 47
415.0 13 11 16 6 8 54
420.0 16 14 18 6 9 63
425.0 16 21 21 7 10 75
430.0 16 22 24 7 10 79
435.0 18 22 25 7 10 82
440.0 18 25 22 10 12 87
445.0 21 26 22 11 11 91
450.0 21 27 28 14 13 103
455.0 28 26 37 13 14 118
460.0 33 28 41 13 16 131
465.0 38 34 46 12 15 145
470.0 32 38 51 16 18 155
475.0 29 47 53 21 20 170
480.0 27 49 54 25 21 176
485.0 28 50 63 24 20 185
490.0 35 50 69 22 21 197
495.0 34 49 71 23 22 199
500.0 38 49 71 24 23 205
505.0 43 54 66 26 23 212
510.0 47 60 68 33 25 233
515.0 55 62 70 34 26 247
520.0 63 66 70 30 29 258
525.0 70 71 74 33 30 278
530.0 75 71 79 36 30 291
535.0 73 75 80 40 36 304
540.0 77 87 87 39 41 331
545.0 80 99 84 38 39 340
550.0 78 102 84 45 43 352
555.0 83 97 86 40 46 352
560.0 79 91 85 46 48 349
565.0 83 96 95 53 45 372
570.0 96 96 102 56 45 395
575.0 97 101 108 53 44 403
580.0 97 107 110 51 44 409
585.0 100 110 111 56 45 422
590.0 104 108 119 61 45 437
595.0 104 111 121 60 45 441
600.0 109 111 119 58 52 449
605.0 108 109 116 58 49 440
610.0 104 123 118 56 53 454
615.0 107 123 125 56 54 465
620.0 108 117 130 58 58 471
625.0 106 112 128 61 61 468
630.0 105 115 132 65 55 472
635.0 95 122 132 60 55 464
640.0 102 126 135 57 57 477
645.0 104 120 133 59 58 474
650.0 103 120 137 63 55 478
655.0 103 119 138 68 49 477
660.0 101 125 130 68 52 476
665.0 96 131 129 66 55 477
670.0 98 129 136 61 57 481
675.0 85 129 129 62 56 461
680.0 82 131 127 53 55 448
685.0 82 126 122 56 56 442
690.0 85 127 125 54 59 450
695.0 81 128 121 54 57 441
700.0 79 128 119 55 57 438
705.0 72 124 122 58 55 431
710.0 67 114 127 62 53 423
715.0 61 98 129 58 49 395
720.0 62 93 131 53 49 388
725.0 64 87 133 47 45 376
730.0 65 93 123 54 43 378
735.0 61 97 118 47 43 366
740.0 68 97 113 46 42 366
745.0 76 100 110 41 44 371
750.0 81 102 103 38 43 367
755.0 68 107 105 40 42 362
760.0 69 102 99 43 41 354
765.0 69 94 98 39 39 339
770.0 72 96 106 39 38 351
775.0 67 102 112 38 35 354
780.0 75 96 109 32 29 341
785.0 76 94 110 33 28 341
790.0 81 91 112 32 27 343
795.0 75 83 113 36 32 339
800.0 72 85 110 33 33 333
805.0 66 86 107 33 34 326
810.0 65 88 109 34 31 327
815.0 62 91 99 34 34 320
820.0 71 79 103 40 35 328
825.0 74 78 104 40 34 330
830.0 68 79 100 40 33 320
835.0 69 81 95 41 37 323
840.0 65 79 93 44 39 320
845.0 65 82 99 45 37 328
850.0 70 79 100 43 40 332
855.0 64 82 99 50 44 339
860.0 59 87 108 53 42 349
865.0 53 95 118 52 44 362
870.0 64 91 117 55 40 367
875.0 66 88 125 63 39 381
880.0 72 91 125 57 39 384
885.0 75 95 124 53 46 393
890.0 79 100 124 46 47 396
895.0 79 98 125 50 48 400
900.0 72 102 126 47 46 393
905.0 78 96 127 42 47 390
910.0 78 89 118 40 45 370
915.0 78 85 121 44 45 373
920.0 86 91 131 48 49 405
925.0 88 100 131 47 48 414
930.0 86 108 130 51 51 426
935.0 93 105 140 46 54 438
940.0 101 114 141 45 53 454
945.0 95 111 139 47 50 442
950.0 96 106 137 45 50 434
955.0 94 107 137 42 54 434
960.0 98 102 139 49 52 440
965.0 106 99 142 54 47 448
970.0 106 95 135 51 43 430
975.0 100 96 124 52 44 416
980.0 106 106 121 54 44 431
985.0 106 108 122 59 42 437
990.0 106 111 127 61 44 449
995.0 105 106 139 67 46 463
1000.0 98 109 144 66 47 464
1005.0 101 105 142 58 46 452
1010.0 99 105 146 58 44 452
1015.0 107 100 148 53 44 452
1020.0 105 99 144 58 46 452
1025.0 104 102 140 58 45 449
1030.0 111 103 133 52 47 446
1035.0 112 105 134 50 49 450
1040.0 104 109 132 50 45 440
1045.0 99 98 129 56 46 428
1050.0 96 105 129 56 46 432
1055.0 97 112 133 60 47 449
1060.0 90 108 136 59 45 438
1065.0 91 109 138 62 44 444
1070.0 86 109 141 60 47 443
1075.0 93 115 139 61 44 452
1080.0 105 114 142 62 40 463
1085.0 117 117 144 61 38 477
1090.0 115 124 140 64 37 480
1095.0 113 121 143 62 43 482
1100.0 114 121 143 60 44 482
1105.0 119 122 142 62 42 487
1110.0 125 124 144 60 45 498
1115.0 122 124 140 67 44 497
1120.0 123 123 145 65 44 500
1125.0 125 116 149 66 46 502
1130.0 131 116 150 63 46 506
1135.0 133 123 146 66 45 513
1140.0 128 127 139 57 47 498
1145.0 119 124 136 61 47 487
1150.0 106 123 130 59 49 467
1155.0 101 126 129 65 48 469
1160.0 97 125 125 71 47 465
1165.0 96 124 124 72 50 466
1170.0 97 126 122 74 54 473
1175.0 98 124 123 74 52 471
1180.0 93 119 119 75 51 457
1185.0 88 119 115 71 48 441
1190.0 83 115 117 71 51 437
1195.0 83 100 124 68 46 421
1200.0 76 94 129 64 45 408
1205.0 74 92 131 59 46 402
1210.0 72 96 126 55 43 392
1215.0 75 91 112 58 40 376
1220.0 68 89 115 62 36 370
1225.0 65 84 113 55 33 350
1230.0 65 82 107 50 34 338
1235.0 65 82 106 44 34 331
1240.0 63 80 96 35 33 307
1245.0 66 67 95 33 31 292
1250.0 62 59 87 34 26 268
1255.0 61 65 86 29 25 266
1260.0 50 63 87 29 25 254
1265.0 46 55 77 30 21 229
1270.0 47 46 78 26 20 217
1275.0 44 42 65 24 17 192
1280.0 41 42 62 21 17 183
1285.0 42 37 57 22 14 172
1290.0 37 37 56 21 15 166
1295.0 33 31 44 23 14 145
1300.0 29 27 40 22 13 131
1305.0 23 29 36 21 13 122
1310.0 25 22 34 15 13 109
1315.0 21 21 34 15 9 100
1320.0 20 19 26 19 10 94
1325.0 16 19 21 19 9 84
1330.0 14 18 16 13 10 71
1335.0 12 14 14 10 8 58
1340.0 10 15 15 5 7 52
1345.0 9 14 12 6 6 47
1350.0 10 12 8 8 5 43
1355.0 10 12 7 4 4 37
1360.0 10 11 1 6 4 32
1365.0 11 7 1 5 4 28
1370.0 9 6 2 6 3 26
1375.0 8 5 1 7 3 24
1380.0 4 3 2 7 3 19
1385.0 4 2 2 6 3 17
1390.0 4 2 2 6 2 16
1395.0 2 2 2 3 2 11
1400.0 1 2 2 3 1 9
1405.0 2 2 2 2 0 8
1410.0 2 1 2 1 0 6
1415.0 1 1 2 0 0 4
1420.0 1 0 2 0 0 3
1425.0 1 0 1 0 0 2
1430.0 0 0 1 1 0 2
1435.0 0 0 1 1 0 2
