5.0 0 0 0 0 0 0
10.0 0 0 0 0 0 0
15.0 0 0 0 0 0 0
20.0 0 0 0 0 0 0
25.0 0 0 0 0 0 0
30.0 0 0 0 0 0 0
35.0 0 0 0 0 0 0
40.0 0 0 0 0 0 0
45.0 0 0 0 0 0 0
50.0 0 0 0 0 0 0
55.0 0 0 0 0 0 0
60.0 0 0 0 0 0 0
65.0 0 0 0 0 0 0
70.0 0 0 0 0 0 0
75.0 0 0 0 0 0 0
80.0 0 0 0 0 0 0
85.0 0 0 0 0 0 0
90.0 0 0 0 0 0 0
95.0 0 0 0 0 0 0
100.0 0 0 0 0 0 0
105.0 0 0 0 0 0 0
110.0 0 0 0 0 0 0
115.0 0 0 0 0 0 0
120.0 0 0 0 0 0 0
125.0 0 0 0 0 0 0
130.0 0 0 0 0 0 0
135.0 0 0 0 0 0 0
140.0 0 0 0 0 0 0
145.0 0 0 0 0 0 0
150.0 0 0 0 0 0 0
155.0 0 0 0 0 0 0
160.0 0 0 0 0 0 0
165.0 0 0 0 0 0 0
170.0 0 0 0 0 0 0
175.0 0 0 0 0 0 0
180.0 0 0 0 0 0 0
185.0 0 0 0 0 0 0
190.0 0 0 0 0 0 0
195.0 0 0 0 0 0 0
200.0 0 0 0 0 0 0
205.0 0 0 0 0 0 0
210.0 0 0 0 0 0 0
215.0 0 0 0 0 0 0
220.0 0 0 0 0 0 0
225.0 0 0 0 0 0 0
230.0 0 0 0 0 0 0
235.0 0 0 0 0 0 0
240.0 0 0 0 0 0 0
245.0 0 0 0 0 0 0
250.0 0 0 0 0 0 0
255.0 0 0 0 0 0 0
260.0 0 0 0 0 0 0
265.0 0 0 0 0 0 0
270.0 0 0 0 0 0 0
275.0 0 0 0 0 0 0
280.0 0 0 0 0 0 0
285.0 0 0 0 0 0 0
290.0 0 0 0 0 0 0
295.0 0 0 0 0 0 0
300.0 0 0 0 0 0 0
305.0 0 0 0 0 0 0
310.0 0 0 0 0 0 0
315.0 0 0 0 0 0 0
320.0 0 0 0 0 0 0
325.0 0 0 0 0 0 0
330.0 0 0 0 0 0 0
335.0 0 0 0 0 0 0
340.0 0 0 0 0 0 0
345.0 0 0 0 0 0 0
350.0 0 0 0 0 0 0
355.0 0 0 0 0 0 0
360.0 0 0 0 0 0 0
365.0 0 0 0 0 0 0
370.0 0 0 0 0 0 0
375.0 0 0 0 0 0 0
380.0 0 0 0 0 0 0
385.0 0 0 0 0 0 0
390.0 0 0 0 0 0 0
395.0 0 0 0 0 0 0
400.0 0 0 0 0 0 0
405.0 0 0 0 0 0 0
410.0 0 0 0 0 0 0
415.0 0 0 0 0 0 0
420.0 0 0 0 0 0 0
425.0 0 0 0 0 1 1
430.0 0 0 0 0 1 1
435.0 0 1 0 1 1 3
440.0 0 1 0 1 1 3
445.0 0 1 0 1 1 3
450.0 0 0 1 1 1 3
455.0 0 0 1 1 1 3
460.0 0 1 1 1 1 4
465.0 0 1 2 1 1 5
470.0 0 1 2 1 1 5
475.0 0 2 4 1 1 8
480.0 2 2 2 0 1 7
485.0 2 3 2 0 1 8
490.0 1 3 3 0 1 8
495.0 1 3 5 0 1 10
500.0 3 3 6 0 1 13
505.0 3 4 6 1 1 15
510.0 3 4 6 2 1 16
515.0 6 4 8 2 1 21
520.0 6 4 8 3 1 22
525.0 7 3 6 3 1 20
530.0 6 3 9 4 1 23
535.0 6 3 8 2 2 21
540.0 6 4 10 2 2 24
545.0 9 4 9 3 2 27
550.0 11 3 9 3 3 29
555.0 13 4 9 3 4 33
560.0 12 5 10 4 4 35
565.0 10 8 10 6 4 38
570.0 11 9 11 7 4 42
575.0 9 12 12 6 4 43
580.0 11 11 12 6 4 44
585.0 12 7 11 6 4 40
590.0 9 8 12 6 4 39
595.0 8 7 11 7 4 37
600.0 9 7 15 5 4 40
605.0 12 8 15 3 4 42
610.0 13 7 12 3 5 40
615.0 12 7 10 4 5 38
620.0 12 10 11 3 5 41
625.0 14 10 12 5 5 46
630.0 12 10 12 5 5 44
635.0 8 11 12 7 5 43
640.0 7 12 12 8 7 46
645.0 6 12 15 7 7 47
650.0 8 10 15 7 7 47
655.0 9 8 14 5 8 44
660.0 9 7 10 6 8 40
665.0 7 8 8 7 8 38
670.0 7 7 8 6 7 35
675.0 8 8 10 5 7 38
680.0 7 8 10 7 6 38
685.0 11 9 8 6 5 39
690.0 11 11 8 6 5 41
695.0 12 11 10 3 5 41
700.0 14 7 8 4 6 39
705.0 12 9 7 5 6 39
710.0 14 9 6 4 6 39
715.0 14 8 6 5 6 39
720.0 15 10 4 4 6 39
725.0 15 10 4 3 6 38
730.0 14 10 5 3 5 37
735.0 13 15 5 3 5 41
740.0 12 17 5 3 4 41
745.0 14 16 5 3 4 42
750.0 11 12 4 7 4 38
755.0 10 12 6 7 4 39
760.0 13 10 8 7 4 42
765.0 14 10 8 6 4 42
770.0 11 10 7 5 3 36
775.0 10 10 7 4 3 34
780.0 12 9 8 3 3 35
785.0 12 9 5 1 3 30
790.0 11 10 5 2 3 31
795.0 8 8 6 3 3 28
800.0 8 7 7 5 3 30
805.0 9 6 8 7 3 33
810.0 8 6 7 8 3 32
815.0 9 6 6 7 3 31
820.0 8 6 5 6 3 28
825.0 7 7 5 4 3 26
830.0 7 8 6 4 3 28
835.0 6 8 8 4 3 29
840.0 6 8 8 7 3 32
845.0 6 10 8 7 3 34
850.0 9 11 9 8 4 41
855.0 9 10 10 8 4 41
860.0 10 10 9 7 4 40
865.0 9 9 8 8 4 38
870.0 9 9 8 8 5 39
875.0 13 8 7 8 5 41
880.0 12 5 9 8 5 39
885.0 10 9 8 8 5 40
890.0 8 9 9 9 4 39
895.0 6 13 9 7 3 38
900.0 8 14 11 7 3 43
905.0 9 15 12 6 3 45
910.0 9 16 10 6 3 44
915.0 8 14 11 6 3 42
920.0 8 16 12 5 3 44
925.0 8 16 12 5 3 44
930.0 7 13 12 3 3 38
935.0 7 12 11 4 3 37
940.0 8 10 9 6 3 36
945.0 9 10 6 6 3 34
950.0 9 9 6 7 5 36
955.0 7 10 9 6 4 36
960.0 6 12 10 6 5 39
965.0 6 11 11 2 6 36
970.0 6 10 10 1 5 32
975.0 7 7 10 1 5 30
980.0 7 8 8 2 6 31
985.0 7 8 8 3 5 31
990.0 7 7 9 3 4 30
995.0 10 8 8 4 4 34
1000.0 11 9 10 3 4 37
1005.0 11 7 10 3 2 33
1010.0 11 10 9 4 1 35
1015.0 12 11 9 5 1 38
1020.0 11 11 9 8 1 40
1025.0 9 10 7 7 1 34
1030.0 8 8 10 7 0 33
1035.0 10 5 9 6 1 31
1040.0 11 5 9 9 2 36
1045.0 9 5 11 9 3 37
1050.0 11 8 11 7 4 41
1055.0 10 9 11 8 4 42
1060.0 8 11 13 6 6 44
1065.0 6 11 15 7 7 46
1070.0 9 12 16 7 7 51
1075.0 9 10 15 7 7 48
1080.0 10 10 14 7 7 48
1085.0 11 10 12 9 5 47
1090.0 11 11 7 12 4 45
1095.0 11 11 7 11 4 44
1100.0 9 11 7 10 3 40
1105.0 10 14 7 11 2 44
1110.0 9 17 10 10 2 48
1115.0 10 16 15 8 2 51
1120.0 10 15 15 9 2 51
1125.0 11 15 14 6 3 49
1130.0 11 14 15 5 4 49
1135.0 14 13 14 5 4 50
1140.0 10 14 13 5 3 45
1145.0 12 18 12 3 0 45
1150.0 12 17 11 5 1 46
1155.0 12 16 11 6 1 46
1160.0 11 8 10 5 1 35
1165.0 10 7 11 5 1 34
1170.0 10 7 12 3 1 33
1175.0 9 8 12 5 1 35
1180.0 10 8 12 5 1 36
1185.0 5 9 15 5 1 35
1190.0 7 10 10 4 1 32
1195.0 5 11 10 4 1 31
1200.0 7 11 10 3 1 32
1205.0 8 10 11 3 1 33
1210.0 9 6 11 2 1 29
1215.0 8 4 12 2 1 27
1220.0 8 4 9 2 0 23
1225.0 6 3 7 2 0 18
1230.0 5 2 6 2 1 16
1235.0 6 2 6 1 1 16
1240.0 6 1 4 1 1 13
1245.0 4 1 7 0 2 14
1250.0 3 1 8 1 2 15
1255.0 3 1 7 1 2 14
1260.0 4 1 5 1 2 13
1265.0 3 2 4 1 2 12
1270.0 4 0 2 1 1 8
1275.0 4 0 1 1 1 7
1280.0 5 0 0 2 1 8
1285.0 6 0 2 1 1 10
1290.0 8 0 2 0 1 11
1295.0 4 0 2 0 1 7
1300.0 3 0 2 2 0 7
1305.0 2 0 2 2 0 6
1310.0 2 0 2 1 0 5
1315.0 1 0 3 0 0 4
1320.0 1 0 2 0 0 3
1325.0 1 0 1 0 0 2
1330.0 1 1 1 0 0 3
1335.0 1 1 1 0 0 3
1340.0 1 1 1 0 0 3
1345.0 2 1 1 0 0 4
1350.0 1 1 1 0 0 3
1355.0 1 1 1 0 0 3
1360.0 1 0 1 0 0 2
1365.0 2 0 0 0 0 2
1370.0 2 0 0 0 0 2
1375.0 2 0 0 0 0 2
1380.0 2 0 0 0 0 2
1385.0 1 0 0 0 0 1
1390.0 1 0 0 1 0 2
1395.0 1 0 0 1 0 2
1400.0 0 0 0 1 0 1
1405.0 0 0 0 1 0 1
1410.0 0 0 0 1 0 1
1415.0 0 0 0 1 0 1
1420.0 0 0 0 1 0 1
1425.0 0 0 0 1 0 1
1430.0 0 0 0 1 0 1
1435.0 0 0 0 1 0 1
