5.0 0 0 0 0 0 0
10.0 0 0 0 0 0 0
15.0 0 0 0 0 0 0
20.0 0 0 0 0 0 0
25.0 0 0 0 0 0 0
30.0 0 0 0 0 0 0
35.0 0 0 0 0 0 0
40.0 0 0 0 0 0 0
45.0 0 0 0 0 0 0
50.0 0 0 0 0 0 0
55.0 0 0 0 0 0 0
60.0 0 0 0 0 0 0
65.0 0 0 0 0 0 0
70.0 0 0 0 0 0 0
75.0 0 0 0 0 0 0
80.0 0 0 0 0 0 0
85.0 0 0 0 0 0 0
90.0 0 0 0 0 0 0
95.0 0 0 0 0 0 0
100.0 0 0 0 0 0 0
105.0 0 0 0 0 0 0
110.0 0 0 0 0 0 0
115.0 0 0 0 0 0 0
120.0 0 0 0 0 0 0
125.0 0 0 0 0 0 0
130.0 0 0 0 0 0 0
135.0 0 0 0 0 0 0
140.0 0 0 0 0 0 0
145.0 0 0 0 0 0 0
150.0 0 0 0 0 0 0
155.0 0 0 0 0 0 0
160.0 0 0 0 0 0 0
165.0 0 0 0 0 0 0
170.0 0 0 0 0 0 0
175.0 0 0 0 0 0 0
180.0 0 0 0 0 0 0
185.0 0 0 0 0 0 0
190.0 0 0 0 0 0 0
195.0 0 0 0 0 0 0
200.0 0 0 0 0 0 0
205.0 0 0 0 0 0 0
210.0 0 0 0 0 0 0
215.0 0 0 0 0 0 0
220.0 0 0 0 0 0 0
225.0 0 0 0 0 0 0
230.0 0 0 0 0 0 0
235.0 0 0 0 0 0 0
240.0 0 0 0 0 0 0
245.0 0 0 0 0 0 0
250.0 0 0 0 0 0 0
255.0 0 0 0 0 0 0
260.0 0 0 0 0 0 0
265.0 0 0 0 0 0 0
270.0 0 0 0 0 0 0
275.0 0 0 0 0 0 0
280.0 0 0 0 0 0 0
285.0 0 0 0 0 0 0
290.0 0 0 0 0 0 0
295.0 0 0 0 0 0 0
300.0 0 0 0 0 0 0
305.0 0 0 0 0 0 0
310.0 0 0 1 0 0 1
315.0 0 0 1 0 0 1
320.0 0 0 1 0 0 1
325.0 0 0 1 0 0 1
330.0 0 0 1 0 0 1
335.0 0 0 1 0 0 1
340.0 1 0 1 0 0 2
345.0 1 0 1 0 0 2
350.0 2 1 1 0 0 4
355.0 2 1 2 0 0 5
360.0 3 1 3 1 0 8
365.0 3 1 3 1 0 8
370.0 3 1 3 1 0 8
375.0 2 1 3 1 0 7
380.0 3 1 3 1 0 8
385.0 4 1 2 1 0 8
390.0 4 2 1 1 0 8
395.0 4 2 1 1 0 8
400.0 6 2 1 0 0 9
405.0 7 2 3 0 1 13
410.0 8 2 4 1 1 16
415.0 8 2 4 1 1 16
420.0 9 1 6 0 1 17
425.0 8 2 8 2 1 21
430.0 9 4 7 2 1 23
435.0 6 6 10 2 1 25
440.0 5 6 11 4 1 27
445.0 3 6 12 3 2 26
450.0 3 5 11 3 2 24
455.0 3 7 12 4 2 28
460.0 3 9 14 3 2 31
465.0 3 11 12 3 3 32
470.0 6 10 11 4 4 35
475.0 8 12 13 4 3 40
480.0 10 11 14 4 4 43
485.0 11 11 15 4 5 46
490.0 11 12 18 3 5 49
495.0 11 13 20 4 6 54
500.0 12 13 18 4 4 51
505.0 13 14 18 6 4 55
510.0 14 16 17 5 5 57
515.0 14 18 20 5 6 63
520.0 15 23 23 6 8 75
525.0 16 26 22 8 8 80
530.0 11 26 23 10 8 78
535.0 9 28 25 8 8 78
540.0 10 25 25 7 9 76
545.0 11 23 22 9 11 76
550.0 10 20 21 12 13 76
555.0 9 23 22 13 12 79
560.0 9 26 24 12 13 84
565.0 8 29 25 12 13 87
570.0 12 27 29 14 12 94
575.0 14 29 24 13 14 94
580.0 15 27 29 14 14 99
585.0 16 30 26 15 13 100
590.0 19 33 26 15 12 105
595.0 22 33 27 17 11 110
600.0 24 30 29 15 11 109
605.0 24 27 30 15 10 106
610.0 28 26 28 14 10 106
615.0 28 26 29 18 8 109
620.0 25 25 29 17 7 103
625.0 23 24 28 16 7 98
630.0 23 28 30 18 7 106
635.0 27 30 33 21 8 119
640.0 28 36 30 20 9 123
645.0 32 36 29 16 8 121
650.0 33 34 30 15 11 123
655.0 36 35 31 14 11 127
660.0 33 33 31 15 12 124
665.0 31 34 28 20 11 124
670.0 33 30 27 21 11 122
675.0 32 24 27 22 11 116
680.0 32 26 27 23 13 121
685.0 32 28 25 20 14 119
690.0 33 31 25 13 16 118
695.0 33 29 27 13 14 116
700.0 29 23 33 14 15 114
705.0 26 27 28 13 13 107
710.0 29 28 22 13 12 104
715.0 27 24 22 14 13 100
720.0 22 25 20 12 14 93
725.0 21 19 23 15 13 91
730.0 19 24 26 15 11 95
735.0 23 24 23 14 10 94
740.0 23 20 21 14 9 87
745.0 24 19 26 12 10 91
750.0 22 19 27 13 9 90
755.0 23 20 29 15 7 94
760.0 23 19 27 13 6 88
765.0 21 20 23 12 6 82
770.0 18 20 18 11 6 73
775.0 19 18 16 11 8 72
780.0 17 19 15 13 7 71
785.0 21 21 13 13 8 76
790.0 21 23 14 13 7 78
795.0 19 22 13 17 9 80
800.0 15 24 15 17 9 80
805.0 19 25 17 14 10 85
810.0 17 25 19 17 11 89
815.0 16 25 18 18 11 88
820.0 14 25 23 17 11 90
825.0 14 26 22 15 9 86
830.0 14 28 20 13 9 84
835.0 15 28 21 13 11 88
840.0 20 25 19 11 11 86
845.0 22 22 21 10 11 86
850.0 19 20 23 12 12 86
855.0 16 23 22 15 12 88
860.0 16 29 21 12 13 91
865.0 17 27 23 12 13 92
870.0 21 28 21 16 11 97
875.0 21 25 20 16 11 93
880.0 26 26 24 17 10 103
885.0 30 24 24 17 10 105
890.0 29 25 25 19 11 109
895.0 29 23 26 18 12 108
900.0 27 25 25 21 9 107
905.0 27 25 24 20 9 105
910.0 27 27 20 20 9 103
915.0 28 27 23 19 9 106
920.0 27 32 24 18 9 110
925.0 24 34 26 18 8 110
930.0 22 34 28 15 8 107
935.0 19 35 28 14 9 105
940.0 17 34 31 15 10 107
945.0 17 39 28 17 9 110
950.0 23 42 27 15 9 116
955.0 25 40 23 15 9 112
960.0 28 32 22 16 9 107
965.0 23 30 18 18 7 96
970.0 25 27 21 17 7 97
975.0 24 25 26 16 6 97
980.0 21 21 23 17 6 88
985.0 20 23 26 17 6 92
990.0 17 23 30 18 7 95
995.0 21 27 32 15 6 101
1000.0 24 28 27 14 7 100
1005.0 27 26 26 15 5 99
1010.0 31 29 26 16 7 109
1015.0 29 31 28 15 8 111
1020.0 28 30 31 16 8 113
1025.0 28 33 32 14 8 115
1030.0 26 28 34 14 9 111
1035.0 23 26 34 15 10 108
1040.0 19 26 34 15 12 106
1045.0 21 32 27 13 11 104
1050.0 19 30 28 12 11 100
1055.0 19 26 25 14 11 95
1060.0 19 20 26 14 12 91
1065.0 21 22 26 13 13 95
1070.0 22 23 32 16 13 106
1075.0 22 27 36 19 12 116
1080.0 21 27 36 19 13 116
1085.0 27 27 37 21 12 124
1090.0 27 25 38 21 13 124
1095.0 28 26 36 22 13 125
1100.0 30 27 35 23 12 127
1105.0 33 25 35 18 11 122
1110.0 29 24 38 14 11 116
1115.0 29 22 38 15 10 114
1120.0 26 20 37 18 12 113
1125.0 25 16 37 16 12 106
1130.0 28 18 33 15 11 105
1135.0 26 15 34 18 11 104
1140.0 28 21 34 18 11 112
1145.0 32 23 37 14 13 119
1150.0 33 24 40 11 13 121
1155.0 31 24 39 9 12 115
1160.0 24 23 42 10 11 110
1165.0 22 22 41 9 10 104
1170.0 23 25 35 9 11 103
1175.0 21 28 34 11 12 106
1180.0 25 28 36 8 13 110
1185.0 26 27 37 3 13 106
1190.0 24 25 37 5 12 103
1195.0 25 27 34 6 12 104
1200.0 23 22 32 5 13 95
1205.0 20 25 32 6 12 95
1210.0 20 23 30 7 11 91
1215.0 16 21 25 10 11 83
1220.0 20 18 25 12 11 86
1225.0 17 18 25 10 8 78
1230.0 17 18 27 8 9 79
1235.0 12 18 28 7 8 73
1240.0 11 18 22 6 7 64
1245.0 9 18 16 7 7 57
1250.0 9 17 13 6 7 52
1255.0 10 15 10 8 7 50
1260.0 10 15 11 6 7 49
1265.0 9 15 10 4 6 44
1270.0 10 15 8 4 4 41
1275.0 7 14 10 4 5 40
1280.0 9 14 10 4 4 41
1285.0 10 12 13 2 6 43
1290.0 9 13 11 4 5 42
1295.0 6 11 12 6 5 40
1300.0 5 10 13 6 4 38
1305.0 6 5 10 7 3 31
1310.0 6 4 8 7 4 29
1315.0 5 6 7 4 2 24
1320.0 4 7 6 4 2 23
1325.0 2 6 6 4 1 19
1330.0 2 6 4 4 1 17
1335.0 1 6 3 3 1 14
1340.0 4 4 2 3 1 14
1345.0 3 3 2 2 1 11
1350.0 3 0 2 3 1 9
1355.0 2 0 3 3 0 8
1360.0 2 0 3 3 0 8
1365.0 2 0 3 3 0 8
1370.0 2 0 1 2 0 5
1375.0 2 0 1 2 0 5
1380.0 2 0 0 1 0 3
1385.0 2 0 0 1 0 3
1390.0 1 0 0 1 0 2
1395.0 1 0 0 1 0 2
1400.0 1 0 0 1 0 2
1405.0 1 0 0 1 0 2
1410.0 1 0 0 1 0 2
1415.0 1 0 0 1 0 2
1420.0 1 1 0 0 0 2
1425.0 1 0 0 0 0 1
1430.0 0 0 0 0 0 0
1435.0 0 0 0 0 0 0
