5.0 0 0 0 0 0 0
10.0 0 0 0 0 0 0
15.0 0 0 0 0 0 0
20.0 0 0 0 0 0 0
25.0 0 0 0 0 0 0
30.0 0 0 0 0 0 0
35.0 0 0 0 0 0 0
40.0 0 0 0 0 0 0
45.0 0 0 0 0 0 0
50.0 0 0 0 0 0 0
55.0 0 0 0 0 0 0
60.0 0 0 0 0 0 0
65.0 0 0 0 0 0 0
70.0 0 0 0 0 0 0
75.0 0 0 0 0 0 0
80.0 0 0 0 0 0 0
85.0 0 0 0 0 0 0
90.0 0 0 0 0 0 0
95.0 0 0 0 0 0 0
100.0 0 0 0 0 0 0
105.0 0 0 0 0 0 0
110.0 0 0 0 0 0 0
115.0 0 0 0 0 0 0
120.0 0 0 0 0 0 0
125.0 0 0 0 0 0 0
130.0 0 0 0 0 0 0
135.0 0 0 0 0 0 0
140.0 0 0 0 0 0 0
145.0 0 0 0 0 0 0
150.0 0 0 0 0 0 0
155.0 0 0 0 0 0 0
160.0 0 0 0 0 0 0
165.0 0 0 0 0 0 0
170.0 0 0 0 0 0 0
175.0 0 0 0 0 0 0
180.0 0 0 0 0 0 0
185.0 0 0 0 0 0 0
190.0 0 0 0 0 0 0
195.0 0 0 0 0 0 0
200.0 0 0 0 0 0 0
205.0 0 0 0 0 0 0
210.0 0 0 0 0 0 0
215.0 0 0 0 0 0 0
220.0 0 0 0 0 0 0
225.0 0 0 0 0 0 0
230.0 0 0 0 0 0 0
235.0 0 0 0 0 0 0
240.0 0 0 0 0 0 0
245.0 0 0 0 0 0 0
250.0 0 0 0 0 0 0
255.0 0 0 0 0 0 0
260.0 0 0 0 0 0 0
265.0 0 0 0 0 0 0
270.0 0 0 0 0 0 0
275.0 0 0 0 0 0 0
280.0 0 0 0 0 0 0
285.0 0 0 0 0 0 0
290.0 0 0 0 0 0 0
295.0 0 0 0 0 0 0
300.0 0 0 0 0 0 0
305.0 0 0 0 0 0 0
310.0 0 0 0 0 0 0
315.0 0 0 0 0 0 0
320.0 0 0 0 0 0 0
325.0 0 0 0 0 0 0
330.0 0 0 0 0 0 0
335.0 0 0 0 0 0 0
340.0 0 0 0 0 0 0
345.0 0 0 0 0 0 0
350.0 0 0 0 0 0 0
355.0 0 0 0 0 0 0
360.0 0 0 0 0 0 0
365.0 0 0 0 0 0 0
370.0 0 0 0 0 0 0
375.0 0 0 0 0 0 0
380.0 0 0 0 0 0 0
385.0 0 0 0 0 0 0
390.0 0 0 0 1 0 1
395.0 0 0 0 1 0 1
400.0 0 0 2 1 0 3
405.0 0 0 2 1 0 3
410.0 0 0 2 1 0 3
415.0 0 0 1 1 0 2
420.0 0 0 1 1 0 2
425.0 0 0 1 1 0 2
430.0 0 0 1 1 0 2
435.0 0 0 1 1 0 2
440.0 0 0 1 0 0 1
445.0 0 0 1 0 0 1
450.0 0 0 1 0 0 1
455.0 0 1 1 0 0 2
460.0 0 1 1 0 0 2
465.0 0 1 1 0 0 2
470.0 0 0 1 1 0 2
475.0 0 1 1 1 0 3
480.0 1 1 0 1 0 3
485.0 1 1 0 1 1 4
490.0 1 2 0 1 1 5
495.0 1 2 1 1 1 6
500.0 1 2 1 1 1 6
505.0 1 1 1 1 1 5
510.0 1 1 2 0 0 4
515.0 1 1 2 0 1 5
520.0 1 1 2 0 1 5
525.0 1 1 2 0 1 5
530.0 1 1 2 0 1 5
535.0 1 2 1 0 0 4
540.0 1 2 1 0 0 4
545.0 1 2 1 0 0 4
550.0 3 1 1 0 0 5
555.0 3 1 1 1 0 6
560.0 3 3 2 1 0 9
565.0 6 3 2 0 0 11
570.0 6 3 1 0 0 10
575.0 6 3 2 0 0 11
580.0 5 1 2 0 0 8
585.0 3 1 1 0 0 5
590.0 3 1 1 1 0 6
595.0 3 2 1 2 0 8
600.0 3 2 2 2 1 10
605.0 3 2 4 2 1 12
610.0 4 3 3 2 1 13
615.0 4 4 3 2 1 14
620.0 4 4 4 2 1 15
625.0 4 4 3 3 1 15
630.0 4 3 3 3 1 14
635.0 4 3 3 3 1 14
640.0 4 5 1 3 1 14
645.0 3 5 2 2 1 13
650.0 3 4 2 2 1 12
655.0 2 4 1 3 1 11
660.0 1 4 3 3 1 12
665.0 1 3 3 4 1 12
670.0 1 4 3 3 1 12
675.0 1 4 4 2 1 12
680.0 2 3 4 1 2 12
685.0 1 1 4 1 2 9
690.0 1 0 3 1 2 7
695.0 2 0 2 1 2 7
700.0 4 0 2 1 2 9
705.0 4 1 2 1 2 10
710.0 4 2 1 1 2 10
715.0 3 2 1 0 2 8
720.0 3 2 1 0 2 8
725.0 3 1 1 0 2 7
730.0 2 1 1 1 1 6
735.0 2 2 1 1 1 7
740.0 2 3 1 1 1 8
745.0 1 3 2 1 1 8
750.0 1 4 2 0 1 8
755.0 1 4 2 0 1 8
760.0 1 3 2 0 0 6
765.0 0 3 1 0 0 4
770.0 0 2 1 1 0 4
775.0 0 2 1 1 0 4
780.0 1 2 1 1 1 6
785.0 1 1 1 2 1 6
790.0 1 1 3 1 0 6
795.0 2 0 3 0 1 6
800.0 2 1 4 0 1 8
805.0 2 1 4 0 1 8
810.0 2 1 4 0 1 8
815.0 2 0 3 0 1 6
820.0 2 0 2 1 2 7
825.0 1 0 2 1 2 6
830.0 1 0 2 2 2 7
835.0 1 0 2 2 2 7
840.0 4 0 1 1 2 8
845.0 4 1 1 1 1 8
850.0 3 1 1 1 0 6
855.0 3 1 1 1 0 6
860.0 4 1 1 2 0 8
865.0 4 1 0 2 0 7
870.0 3 1 0 3 0 7
875.0 1 2 0 3 0 6
880.0 0 3 0 4 0 7
885.0 0 3 0 2 0 5
890.0 0 3 0 2 0 5
895.0 1 3 2 2 0 8
900.0 1 3 2 2 0 8
905.0 1 3 2 1 0 7
910.0 0 3 2 2 0 7
915.0 0 3 2 2 0 7
920.0 0 1 2 2 1 6
925.0 1 0 1 3 1 6
930.0 3 1 1 2 1 8
935.0 3 1 1 2 1 8
940.0 3 1 1 2 1 8
945.0 3 1 1 1 1 7
950.0 3 1 1 1 1 7
955.0 3 1 1 1 1 7
960.0 2 1 1 1 1 6
965.0 3 1 1 1 3 9
970.0 3 1 1 2 3 10
975.0 5 1 1 2 2 11
980.0 5 2 1 2 1 11
985.0 5 2 3 1 1 12
990.0 4 1 3 3 1 12
995.0 4 1 3 3 1 12
1000.0 3 1 4 3 0 11
1005.0 4 1 4 1 1 11
1010.0 5 0 5 1 1 12
1015.0 5 0 5 1 2 13
1020.0 5 0 4 1 2 12
1025.0 5 0 3 1 2 11
1030.0 5 0 3 1 2 11
1035.0 4 1 4 1 1 11
1040.0 3 1 5 1 1 11
1045.0 3 1 5 1 2 12
1050.0 2 1 4 0 2 9
1055.0 4 1 5 1 1 12
1060.0 3 0 5 1 1 10
1065.0 3 0 4 1 0 8
1070.0 2 0 4 0 0 6
1075.0 2 1 4 0 0 7
1080.0 3 1 5 0 0 9
1085.0 3 0 5 0 0 8
1090.0 4 0 5 0 0 9
1095.0 4 0 5 0 0 9
1100.0 4 1 4 0 0 9
1105.0 4 1 6 0 0 11
1110.0 3 1 6 1 0 11
1115.0 3 2 5 2 0 12
1120.0 3 2 5 2 0 12
1125.0 3 2 4 2 0 11
1130.0 2 2 3 2 1 10
1135.0 0 2 3 3 1 9
1140.0 0 2 3 3 1 9
1145.0 1 3 3 2 1 10
1150.0 1 3 4 2 1 11
1155.0 0 3 3 1 1 8
1160.0 1 3 4 1 1 10
1165.0 1 3 4 0 0 8
1170.0 1 4 4 0 0 9
1175.0 1 4 4 0 0 9
1180.0 1 3 3 2 0 9
1185.0 2 4 2 2 0 10
1190.0 2 4 3 2 0 11
1195.0 3 4 3 2 0 12
1200.0 4 3 2 2 0 11
1205.0 3 4 2 1 0 10
1210.0 4 2 2 0 0 8
1215.0 5 1 2 0 0 8
1220.0 6 1 0 0 0 7
1225.0 7 2 1 0 0 10
1230.0 4 2 1 1 0 8
1235.0 3 2 1 1 0 7
1240.0 3 1 1 1 0 6
1245.0 1 1 0 3 0 5
1250.0 1 1 0 3 0 5
1255.0 1 0 1 2 0 4
1260.0 1 0 1 2 0 4
1265.0 1 0 1 1 0 3
1270.0 1 0 1 1 0 3
1275.0 1 0 1 1 0 3
1280.0 1 0 1 1 0 3
1285.0 1 0 1 1 0 3
1290.0 1 0 0 1 0 2
1295.0 1 0 0 1 0 2
1300.0 1 0 0 1 0 2
1305.0 1 0 0 0 0 1
1310.0 0 0 1 0 0 1
1315.0 0 0 1 0 0 1
1320.0 0 0 1 0 0 1
1325.0 0 0 1 0 0 1
1330.0 1 0 0 0 0 1
1335.0 1 0 0 0 0 1
1340.0 1 0 0 0 0 1
1345.0 1 0 0 0 0 1
1350.0 0 0 0 0 0 0
1355.0 0 0 0 0 0 0
1360.0 0 0 0 0 0 0
1365.0 0 0 0 0 0 0
1370.0 0 0 0 0 0 0
1375.0 0 0 0 0 0 0
1380.0 0 0 0 0 0 0
1385.0 0 0 0 0 0 0
1390.0 0 0 0 0 0 0
1395.0 0 0 0 0 0 0
1400.0 0 0 0 0 0 0
1405.0 0 0 0 0 0 0
1410.0 0 0 0 0 0 0
1415.0 0 0 0 0 0 0
1420.0 0 0 0 0 0 0
1425.0 0 0 0 0 0 0
1430.0 0 0 0 0 0 0
1435.0 0 0 0 0 0 0
