5.0 0 0 0 0 0 0
10.0 0 0 0 0 0 0
15.0 0 0 0 0 0 0
20.0 0 0 0 0 0 0
25.0 0 0 0 0 0 0
30.0 0 0 0 0 0 0
35.0 0 0 0 0 0 0
40.0 0 0 0 0 0 0
45.0 0 0 0 0 0 0
50.0 0 0 0 0 0 0
55.0 0 0 0 0 0 0
60.0 0 0 0 0 0 0
65.0 0 0 0 0 0 0
70.0 0 0 0 0 0 0
75.0 0 0 0 0 0 0
80.0 0 0 0 0 0 0
85.0 0 0 0 0 0 0
90.0 0 0 0 0 0 0
95.0 0 0 0 0 0 0
100.0 0 0 0 0 0 0
105.0 0 0 0 0 0 0
110.0 0 0 0 0 0 0
115.0 0 0 0 0 0 0
120.0 0 0 0 0 0 0
125.0 0 0 0 0 0 0
130.0 0 0 0 0 0 0
135.0 0 0 0 0 0 0
140.0 0 0 0 0 0 0
145.0 0 0 0 0 0 0
150.0 0 0 0 0 0 0
155.0 0 0 0 0 0 0
160.0 0 0 0 0 0 0
165.0 0 0 0 0 0 0
170.0 0 0 0 0 0 0
175.0 0 0 0 0 0 0
180.0 0 0 0 0 0 0
185.0 0 0 0 0 0 0
190.0 0 0 0 0 0 0
195.0 0 0 0 0 0 0
200.0 0 0 0 0 0 0
205.0 0 0 0 0 0 0
210.0 0 0 0 0 0 0
215.0 0 0 0 0 0 0
220.0 0 0 0 0 0 0
225.0 0 0 0 0 0 0
230.0 0 0 0 0 0 0
235.0 0 0 0 0 0 0
240.0 0 0 0 0 0 0
245.0 0 0 0 0 0 0
250.0 0 0 0 0 0 0
255.0 0 0 0 0 0 0
260.0 0 0 0 0 0 0
265.0 0 0 0 0 0 0
270.0 0 0 0 0 0 0
275.0 0 0 0 0 0 0
280.0 0 0 0 0 0 0
285.0 0 0 0 0 0 0
290.0 0 0 0 0 0 0
295.0 0 0 0 0 0 0
300.0 1 0 0 0 0 1
305.0 1 1 0 0 0 2
310.0 1 2 0 0 0 3
315.0 2 2 0 0 0 4
320.0 2 2 0 0 0 4
325.0 0 1 0 0 0 1
330.0 0 0 1 2 0 3
335.0 1 1 1 2 0 5
340.0 1 1 2 2 0 6
345.0 1 1 2 2 0 6
350.0 3 2 2 2 0 9
355.0 3 3 2 2 0 10
360.0 4 3 2 2 0 11
365.0 3 5 4 3 0 15
370.0 3 5 5 3 0 16
375.0 2 6 6 3 0 17
380.0 1 9 8 5 0 23
385.0 2 10 8 5 0 25
390.0 2 9 10 7 0 28
395.0 1 7 13 8 0 29
400.0 3 7 10 9 0 29
405.0 4 10 12 9 0 35
410.0 3 9 13 8 2 35
415.0 6 9 15 7 2 39
420.0 8 9 16 8 3 44
425.0 12 9 17 9 4 51
430.0 14 9 19 8 4 54
435.0 12 10 19 9 4 54
440.0 14 11 16 8 3 52
445.0 15 13 18 11 3 60
450.0 17 14 19 12 3 65
455.0 17 16 21 14 4 72
460.0 17 16 23 14 6 76
465.0 20 16 22 17 6 81
470.0 21 17 23 15 7 83
475.0 21 22 22 12 7 84
480.0 21 23 26 12 7 89
485.0 18 24 32 12 7 93
490.0 21 23 38 11 9 102
495.0 21 22 40 12 8 103
500.0 23 19 44 13 8 107
505.0 31 23 40 16 6 116
510.0 32 28 39 18 7 124
515.0 36 30 41 22 7 136
520.0 31 33 44 26 8 142
525.0 33 40 45 23 10 151
530.0 36 40 45 26 12 159
535.0 38 41 43 23 15 160
540.0 42 43 57 19 16 177
545.0 43 45 61 23 17 189
550.0 44 45 66 24 15 194
555.0 50 41 67 23 18 199
560.0 52 40 68 29 20 209
565.0 56 44 66 28 19 213
570.0 53 44 69 31 18 215
575.0 52 45 72 34 20 223
580.0 50 48 70 34 22 224
585.0 49 46 73 30 23 221
590.0 52 45 76 30 26 229
595.0 51 51 80 35 28 245
600.0 48 48 83 39 31 249
605.0 40 50 84 46 31 251
610.0 42 58 79 48 33 260
615.0 42 56 90 47 31 266
620.0 49 57 92 44 30 272
625.0 49 53 87 45 31 265
630.0 54 53 82 39 29 257
635.0 61 56 78 35 32 262
640.0 71 55 79 34 34 273
645.0 73 54 84 37 36 284
650.0 67 60 85 35 33 280
655.0 67 63 85 31 29 275
660.0 70 59 84 31 26 270
665.0 71 55 84 32 27 269
670.0 58 53 87 30 28 256
675.0 51 50 85 35 24 245
680.0 51 53 81 33 24 242
685.0 48 51 77 33 26 235
690.0 52 45 75 35 28 235
695.0 51 41 72 36 32 232
700.0 59 39 65 32 32 227
705.0 58 44 67 33 27 229
710.0 59 37 70 30 23 219
715.0 50 35 66 36 20 207
720.0 45 31 67 46 19 208
725.0 45 29 71 47 19 211
730.0 48 31 68 51 18 216
735.0 47 31 62 51 21 212
740.0 42 34 62 48 20 206
745.0 45 33 66 42 19 205
750.0 46 31 57 41 20 195
755.0 48 28 48 43 20 187
760.0 42 34 50 43 22 191
765.0 42 35 45 39 19 180
770.0 42 34 45 33 19 173
775.0 44 34 46 30 19 173
780.0 44 36 48 26 19 173
785.0 41 41 46 22 19 169
790.0 46 38 47 20 20 171
795.0 51 37 49 19 21 177
800.0 50 36 51 22 20 179
805.0 45 37 58 27 24 191
810.0 50 41 57 30 22 200
815.0 47 39 57 31 21 195
820.0 49 40 53 31 20 193
825.0 42 48 52 34 21 197
830.0 41 48 54 33 21 197
835.0 42 53 54 36 22 207
840.0 44 54 61 37 23 219
845.0 45 52 59 39 23 218
850.0 44 55 67 37 24 227
855.0 44 54 62 28 24 212
860.0 46 50 61 27 27 211
865.0 50 54 61 30 28 223
870.0 54 50 59 29 27 219
875.0 55 53 54 26 25 213
880.0 53 58 56 23 23 213
885.0 54 60 62 22 22 220
890.0 47 60 67 22 24 220
895.0 47 68 63 26 26 230
900.0 51 68 63 21 25 228
905.0 50 67 62 25 27 231
910.0 48 69 62 24 29 232
915.0 47 71 68 27 30 243
920.0 47 73 71 29 29 249
925.0 51 73 64 29 28 245
930.0 47 76 63 31 30 247
935.0 51 74 60 27 29 241
940.0 55 67 67 27 30 246
945.0 55 71 68 23 33 250
950.0 47 70 77 26 33 253
955.0 47 70 71 27 33 248
960.0 46 74 67 28 32 247
965.0 44 66 68 34 32 244
970.0 49 63 62 31 33 238
975.0 53 56 67 31 32 239
980.0 52 60 68 34 33 247
985.0 52 51 71 37 36 247
990.0 48 55 69 37 35 244
995.0 50 56 67 34 33 240
1000.0 53 58 70 33 34 248
1005.0 57 51 71 28 36 243
1010.0 62 53 69 24 36 244
1015.0 62 53 71 25 37 248
1020.0 63 64 71 26 34 258
1025.0 68 70 72 29 31 270
1030.0 71 69 66 29 27 262
1035.0 66 66 70 27 28 257
1040.0 60 76 64 29 29 258
1045.0 66 77 67 28 30 268
1050.0 66 79 69 29 25 268
1055.0 66 81 67 31 27 272
1060.0 66 82 67 29 31 275
1065.0 63 86 66 31 29 275
1070.0 64 89 67 32 31 283
1075.0 67 86 58 33 32 276
1080.0 65 81 62 35 32 275
1085.0 66 83 59 36 32 276
1090.0 64 80 69 36 31 280
1095.0 72 79 73 33 28 285
1100.0 69 79 76 28 27 279
1105.0 72 81 86 30 26 295
1110.0 75 77 84 32 27 295
1115.0 75 69 98 28 22 292
1120.0 74 59 97 32 21 283
1125.0 74 67 98 33 21 293
1130.0 76 64 100 29 22 291
1135.0 73 70 98 33 24 298
1140.0 66 72 97 33 21 289
1145.0 60 74 98 31 19 282
1150.0 55 76 88 35 18 272
1155.0 55 75 94 38 15 277
1160.0 57 74 93 38 16 278
1165.0 60 69 85 35 15 264
1170.0 55 64 84 36 14 253
1175.0 51 62 79 33 14 239
1180.0 51 59 78 33 14 235
1185.0 59 57 81 37 17 251
1190.0 66 57 85 36 20 264
1195.0 64 48 93 39 19 263
1200.0 61 51 95 37 17 261
1205.0 52 47 82 37 15 233
1210.0 53 41 79 37 16 226
1215.0 53 40 77 37 18 225
1220.0 47 42 71 35 19 214
1225.0 46 43 70 30 21 210
1230.0 49 43 57 32 21 202
1235.0 42 40 50 32 21 185
1240.0 34 37 52 25 19 167
1245.0 30 37 49 22 18 156
1250.0 27 33 48 22 16 146
1255.0 22 33 44 21 13 133
1260.0 18 31 44 21 12 126
1265.0 13 27 40 21 11 112
1270.0 15 27 37 16 10 105
1275.0 17 23 33 13 9 95
1280.0 15 24 30 14 8 91
1285.0 16 19 22 15 9 81
1290.0 21 16 21 10 9 77
1295.0 16 18 17 10 7 68
1300.0 17 17 17 7 6 64
1305.0 16 18 14 7 7 62
1310.0 16 18 15 6 6 61
1315.0 13 16 12 3 5 49
1320.0 14 13 8 2 5 42
1325.0 13 14 6 1 3 37
1330.0 10 15 7 1 3 36
1335.0 9 10 6 2 4 31
1340.0 8 8 5 2 4 27
1345.0 8 5 7 3 2 25
1350.0 8 4 7 2 2 23
1355.0 7 7 4 2 3 23
1360.0 5 6 5 2 3 21
1365.0 4 5 5 2 3 19
1370.0 3 5 4 2 3 17
1375.0 2 5 5 2 3 17
1380.0 4 4 2 2 3 15
1385.0 3 3 2 2 2 12
1390.0 4 2 3 1 2 12
1395.0 4 1 3 1 2 11
1400.0 4 1 3 0 3 11
1405.0 2 1 4 0 3 10
1410.0 1 1 1 0 3 6
1415.0 0 1 1 0 3 5
1420.0 1 0 1 0 3 5
1425.0 0 1 1 0 3 5
1430.0 0 0 0 0 2 2
1435.0 0 0 0 0 1 1
