5.0 0 0 0 0 0 0
10.0 0 0 0 0 0 0
15.0 0 0 0 0 0 0
20.0 0 0 0 0 0 0
25.0 0 0 0 0 0 0
30.0 0 0 0 0 0 0
35.0 0 0 0 0 0 0
40.0 0 0 0 0 0 0
45.0 0 0 0 0 0 0
50.0 0 0 0 0 0 0
55.0 0 0 0 0 0 0
60.0 0 0 0 0 0 0
65.0 0 0 0 0 0 0
70.0 0 0 0 0 0 0
75.0 0 0 0 0 0 0
80.0 0 0 0 0 0 0
85.0 0 0 0 0 0 0
90.0 0 0 0 0 0 0
95.0 0 0 0 0 0 0
100.0 0 0 0 0 0 0
105.0 0 0 0 0 0 0
110.0 0 0 0 0 0 0
115.0 0 0 0 0 0 0
120.0 0 0 0 0 0 0
125.0 0 0 0 0 0 0
130.0 0 0 0 0 0 0
135.0 0 0 0 0 0 0
140.0 0 0 0 0 0 0
145.0 0 0 0 0 0 0
150.0 0 0 0 0 0 0
155.0 0 0 0 0 0 0
160.0 0 0 0 0 0 0
165.0 0 0 0 0 0 0
170.0 0 0 0 0 0 0
175.0 0 0 0 0 0 0
180.0 0 0 0 0 0 0
185.0 0 0 0 0 0 0
190.0 0 0 0 0 0 0
195.0 0 0 0 0 0 0
200.0 0 0 0 0 0 0
205.0 0 0 0 0 0 0
210.0 0 0 0 0 0 0
215.0 0 0 0 0 0 0
220.0 0 0 0 0 0 0
225.0 0 0 0 0 0 0
230.0 0 0 0 0 0 0
235.0 0 0 0 0 0 0
240.0 0 0 0 0 0 0
245.0 0 0 0 0 0 0
250.0 0 0 0 0 0 0
255.0 0 0 0 0 0 0
260.0 0 0 0 0 0 0
265.0 0 0 0 0 0 0
270.0 0 0 0 0 0 0
275.0 0 0 0 0 0 0
280.0 0 0 0 0 0 0
285.0 0 0 0 0 0 0
290.0 0 0 0 0 0 0
295.0 0 0 0 0 0 0
300.0 0 0 0 0 0 0
305.0 0 0 0 0 0 0
310.0 0 0 0 0 0 0
315.0 0 0 0 0 0 0
320.0 0 0 0 0 0 0
325.0 0 0 0 0 0 0
330.0 0 0 0 0 0 0
335.0 0 0 0 0 0 0
340.0 0 0 0 0 0 0
345.0 0 0 0 0 0 0
350.0 0 0 0 0 0 0
355.0 0 0 0 0 0 0
360.0 0 0 0 0 0 0
365.0 0 0 0 0 0 0
370.0 0 0 1 0 0 1
375.0 0 0 1 0 0 1
380.0 0 0 1 0 0 1
385.0 0 0 1 0 0 1
390.0 0 0 1 0 0 1
395.0 0 0 1 0 0 1
400.0 0 0 1 0 0 1
405.0 0 0 1 1 0 2
410.0 0 0 1 1 0 2
415.0 1 0 0 1 0 2
420.0 1 0 0 1 0 2
425.0 1 0 0 1 0 2
430.0 0 0 0 2 0 2
435.0 0 1 0 1 0 2
440.0 0 1 0 1 0 2
445.0 0 1 1 0 0 2
450.0 0 1 1 0 0 2
455.0 1 1 1 0 0 3
460.0 3 2 1 1 0 7
465.0 3 2 1 1 0 7
470.0 4 2 1 1 0 8
475.0 4 2 2 1 0 9
480.0 3 2 2 2 0 9
485.0 3 2 2 2 0 9
490.0 3 2 2 1 0 8
495.0 4 2 1 1 0 8
500.0 2 2 2 1 0 7
505.0 3 2 3 0 0 8
510.0 2 2 5 0 0 9
515.0 2 3 6 1 0 12
520.0 1 4 6 1 0 12
525.0 1 4 8 1 0 14
530.0 1 5 8 1 0 15
535.0 0 6 7 1 0 14
540.0 0 7 6 1 1 15
545.0 0 7 5 1 1 14
550.0 1 4 6 1 1 13
555.0 4 3 5 1 1 14
560.0 5 3 5 1 1 15
565.0 6 4 6 1 1 18
570.0 6 4 6 0 1 17
575.0 7 4 4 0 1 16
580.0 7 4 5 0 1 17
585.0 7 3 5 0 1 16
590.0 9 3 4 1 0 17
595.0 9 2 4 1 0 16
600.0 9 3 4 1 0 17
605.0 8 2 7 1 0 18
610.0 7 3 7 1 0 18
615.0 7 4 7 0 0 18
620.0 4 5 7 1 0 17
625.0 3 5 9 1 0 18
630.0 4 6 9 1 0 20
635.0 4 6 9 0 0 19
640.0 4 6 6 1 0 17
645.0 3 3 6 1 0 13
650.0 1 2 8 2 0 13
655.0 2 4 8 1 0 15
660.0 2 3 9 1 0 15
665.0 2 4 6 2 0 14
670.0 2 5 6 2 0 15
675.0 2 6 6 2 0 16
680.0 4 6 6 2 0 18
685.0 5 6 4 2 1 18
690.0 5 6 2 2 1 16
695.0 6 6 3 1 1 17
700.0 3 7 4 2 1 17
705.0 3 6 5 2 2 18
710.0 3 7 4 2 2 18
715.0 2 5 3 3 2 15
720.0 3 6 3 1 2 15
725.0 3 6 2 1 2 14
730.0 4 5 2 2 2 15
735.0 3 5 3 1 2 14
740.0 3 6 2 1 2 14
745.0 3 4 4 1 1 13
750.0 2 4 4 0 1 11
755.0 2 4 4 0 1 11
760.0 4 3 4 0 1 12
765.0 4 3 3 0 1 11
770.0 2 2 2 0 1 7
775.0 2 2 2 0 1 7
780.0 2 3 2 0 1 8
785.0 1 5 2 0 1 9
790.0 1 5 2 0 1 9
795.0 1 4 4 0 0 9
800.0 1 4 5 0 0 10
805.0 1 3 5 0 0 9
810.0 1 3 5 0 0 9
815.0 1 1 6 0 0 8
820.0 1 1 6 0 0 8
825.0 1 1 5 1 0 8
830.0 2 1 5 1 0 9
835.0 2 3 4 1 0 10
840.0 3 4 3 1 0 11
845.0 3 4 3 1 0 11
850.0 2 3 5 1 0 11
855.0 3 3 5 1 0 12
860.0 3 3 5 1 0 12
865.0 2 4 6 2 0 14
870.0 1 5 7 3 0 16
875.0 1 5 6 2 1 15
880.0 1 7 5 2 1 16
885.0 1 8 7 2 1 19
890.0 2 7 6 2 1 18
895.0 1 7 6 2 1 17
900.0 1 5 4 3 1 14
905.0 1 6 3 3 1 14
910.0 3 6 4 2 0 15
915.0 3 6 5 2 0 16
920.0 5 4 5 2 1 17
925.0 6 3 5 2 2 18
930.0 6 2 5 4 1 18
935.0 5 4 5 6 1 21
940.0 2 3 7 6 1 19
945.0 2 3 8 6 1 20
950.0 2 3 7 6 1 19
955.0 2 4 7 6 2 21
960.0 2 5 6 7 2 22
965.0 3 6 5 6 2 22
970.0 5 6 5 5 2 23
975.0 5 5 5 5 2 22
980.0 3 4 7 3 2 19
985.0 3 4 7 3 2 19
990.0 5 4 7 2 2 20
995.0 7 6 8 2 1 24
1000.0 6 5 8 2 1 22
1005.0 5 6 7 3 1 22
1010.0 4 6 6 3 1 20
1015.0 4 4 7 3 1 19
1020.0 5 5 7 2 1 20
1025.0 4 5 6 2 1 18
1030.0 3 5 6 2 1 17
1035.0 3 5 5 2 1 16
1040.0 3 5 5 1 1 15
1045.0 2 6 5 1 0 14
1050.0 2 7 6 1 0 16
1055.0 3 6 7 1 0 17
1060.0 3 6 7 1 0 17
1065.0 3 7 7 1 0 18
1070.0 2 7 8 1 0 18
1075.0 3 7 8 0 0 18
1080.0 2 6 8 0 0 16
1085.0 2 6 7 0 0 15
1090.0 4 6 8 1 0 19
1095.0 5 7 8 1 0 21
1100.0 4 6 7 2 0 19
1105.0 3 6 7 3 0 19
1110.0 3 6 5 3 0 17
1115.0 2 7 6 3 0 18
1120.0 2 5 7 2 0 16
1125.0 3 4 5 0 0 12
1130.0 4 2 5 0 1 12
1135.0 4 2 4 1 1 12
1140.0 4 4 4 1 1 14
1145.0 3 4 2 1 1 11
1150.0 4 5 3 1 1 14
1155.0 3 6 4 1 1 15
1160.0 4 5 4 1 1 15
1165.0 5 6 3 1 1 16
1170.0 5 5 4 1 1 16
1175.0 5 5 4 1 1 16
1180.0 5 5 5 1 1 17
1185.0 5 4 4 2 1 16
1190.0 5 4 3 3 1 16
1195.0 3 4 5 4 1 17
1200.0 3 3 5 2 1 14
1205.0 3 3 4 2 1 13
1210.0 4 3 5 2 1 15
1215.0 4 3 6 2 1 16
1220.0 3 3 6 1 1 14
1225.0 4 2 6 1 1 14
1230.0 4 3 3 1 1 12
1235.0 3 2 4 1 1 11
1240.0 2 3 4 1 1 11
1245.0 1 3 2 1 1 8
1250.0 1 3 1 1 1 7
1255.0 1 3 1 1 0 6
1260.0 1 3 1 0 0 5
1265.0 1 2 2 0 1 6
1270.0 0 2 2 0 1 5
1275.0 0 2 2 0 1 5
1280.0 0 2 2 0 1 5
1285.0 0 1 2 0 1 4
1290.0 0 0 1 0 1 2
1295.0 0 0 1 0 1 2
1300.0 0 0 1 0 1 2
1305.0 0 0 1 0 0 1
1310.0 0 0 1 0 0 1
1315.0 0 0 1 0 0 1
1320.0 0 0 1 0 0 1
1325.0 0 0 0 0 0 0
1330.0 0 0 0 0 0 0
1335.0 0 0 0 0 0 0
1340.0 0 0 0 0 0 0
1345.0 0 0 0 0 0 0
1350.0 0 0 0 0 0 0
1355.0 0 0 0 0 0 0
1360.0 0 0 0 0 0 0
1365.0 0 0 0 0 0 0
1370.0 0 0 0 0 0 0
1375.0 0 0 0 0 0 0
1380.0 0 0 0 0 0 0
1385.0 0 0 0 0 0 0
1390.0 0 0 0 0 0 0
1395.0 0 0 0 0 0 0
1400.0 0 0 0 0 0 0
1405.0 0 0 0 0 0 0
1410.0 0 0 0 0 0 0
1415.0 0 0 0 0 0 0
1420.0 0 0 0 0 0 0
1425.0 0 0 0 0 0 0
1430.0 0 0 0 0 0 0
1435.0 0 0 0 0 0 0
