5.0 0 0 0 0 0 0
10.0 0 0 0 0 0 0
15.0 0 0 0 0 0 0
20.0 0 0 0 0 0 0
25.0 0 0 0 0 0 0
30.0 0 0 0 0 0 0
35.0 0 0 0 0 0 0
40.0 0 0 0 0 0 0
45.0 0 0 0 0 0 0
50.0 0 0 0 0 0 0
55.0 0 0 0 0 0 0
60.0 0 0 0 0 0 0
65.0 0 0 0 0 0 0
70.0 0 0 0 0 0 0
75.0 0 0 0 0 0 0
80.0 0 0 0 0 0 0
85.0 0 0 0 0 0 0
90.0 0 0 0 0 0 0
95.0 0 0 0 0 0 0
100.0 0 0 0 0 0 0
105.0 0 0 0 0 0 0
110.0 0 0 0 0 0 0
115.0 0 0 0 0 0 0
120.0 0 0 0 0 0 0
125.0 0 0 0 0 0 0
130.0 0 0 0 0 0 0
135.0 0 0 0 0 0 0
140.0 0 0 0 0 0 0
145.0 0 0 0 0 0 0
150.0 0 0 0 0 0 0
155.0 0 0 0 0 0 0
160.0 0 0 0 0 0 0
165.0 0 0 0 0 0 0
170.0 0 0 0 0 0 0
175.0 0 0 0 0 0 0
180.0 0 0 0 0 0 0
185.0 0 0 0 0 0 0
190.0 0 0 0 0 0 0
195.0 0 0 0 0 0 0
200.0 0 0 0 0 0 0
205.0 0 0 0 0 0 0
210.0 0 0 0 0 0 0
215.0 0 0 0 0 0 0
220.0 0 0 0 0 0 0
225.0 0 0 0 0 0 0
230.0 0 0 0 0 0 0
235.0 0 0 0 0 0 0
240.0 0 0 0 0 0 0
245.0 0 0 0 0 0 0
250.0 0 0 0 0 0 0
255.0 0 0 0 0 0 0
260.0 0 0 0 0 0 0
265.0 0 0 0 0 0 0
270.0 0 0 0 0 0 0
275.0 0 0 0 0 0 0
280.0 0 0 0 0 0 0
285.0 0 0 0 0 0 0
290.0 0 0 0 0 0 0
295.0 0 0 0 0 0 0
300.0 0 0 0 0 0 0
305.0 0 0 0 0 0 0
310.0 0 0 0 0 0 0
315.0 0 0 0 0 0 0
320.0 0 0 0 0 0 0
325.0 0 0 0 0 0 0
330.0 0 0 0 0 0 0
335.0 0 0 0 0 0 0
340.0 0 0 0 0 0 0
345.0 0 0 0 0 0 0
350.0 0 0 0 0 0 0
355.0 0 0 0 0 0 0
360.0 0 0 0 0 0 0
365.0 0 0 0 0 0 0
370.0 0 0 0 0 0 0
375.0 0 0 0 0 0 0
380.0 0 0 0 0 1 1
385.0 1 1 0 0 1 3
390.0 1 1 0 0 1 3
395.0 1 1 0 0 1 3
400.0 1 1 0 0 1 3
405.0 1 3 0 0 1 5
410.0 2 3 0 0 1 6
415.0 2 3 0 1 1 7
420.0 3 3 0 2 1 9
425.0 4 3 0 3 1 11
430.0 4 6 0 3 1 14
435.0 4 6 0 3 3 16
440.0 4 6 0 4 3 17
445.0 4 6 1 4 4 19
450.0 3 7 1 4 4 19
455.0 3 6 1 5 2 17
460.0 4 6 2 5 1 18
465.0 4 5 4 4 2 19
470.0 5 7 5 5 2 24
475.0 7 8 5 7 2 29
480.0 7 9 5 7 2 30
485.0 7 13 5 6 3 34
490.0 5 13 6 5 3 32
495.0 4 13 8 8 3 36
500.0 5 11 8 8 3 35
505.0 5 12 12 7 3 39
510.0 6 11 12 6 4 39
515.0 9 12 11 6 4 42
520.0 9 9 13 5 4 40
525.0 12 9 13 4 2 40
530.0 12 10 11 4 3 40
535.0 11 10 13 5 3 42
540.0 9 12 13 6 4 44
545.0 12 14 14 7 5 52
550.0 14 16 13 9 5 57
555.0 14 17 11 6 5 53
560.0 12 16 13 6 7 54
565.0 11 16 13 9 6 55
570.0 14 18 14 11 6 63
575.0 15 16 14 13 8 66
580.0 13 18 17 13 8 69
585.0 13 17 18 13 7 68
590.0 16 19 16 12 5 68
595.0 17 16 18 12 5 68
600.0 19 19 17 12 5 72
605.0 18 19 16 12 5 70
610.0 19 18 15 10 5 67
615.0 19 19 14 8 6 66
620.0 16 24 14 10 5 69
625.0 15 25 12 11 6 69
630.0 13 28 16 14 5 76
635.0 13 28 18 15 6 80
640.0 13 27 16 11 6 73
645.0 16 28 18 11 7 80
650.0 21 23 19 12 7 82
655.0 22 24 22 10 7 85
660.0 19 21 24 14 7 85
665.0 21 21 25 13 6 86
670.0 22 23 24 15 4 88
675.0 26 23 25 14 4 92
680.0 25 20 26 13 2 86
685.0 23 21 29 10 3 86
690.0 13 22 32 11 4 82
695.0 14 20 32 12 4 82
700.0 10 21 31 14 4 80
705.0 14 20 28 11 5 78
710.0 13 15 26 13 5 72
715.0 12 19 23 13 5 72
720.0 12 19 28 10 3 72
725.0 13 15 24 11 3 66
730.0 15 15 27 12 4 73
735.0 18 12 24 10 4 68
740.0 20 15 22 10 3 70
745.0 24 14 20 8 3 69
750.0 20 14 24 7 3 68
755.0 22 12 23 7 3 67
760.0 17 13 19 8 3 60
765.0 17 12 17 8 3 57
770.0 17 11 14 8 3 53
775.0 15 12 12 8 3 50
780.0 13 11 12 12 3 51
785.0 10 12 11 12 3 48
790.0 11 11 12 13 2 49
795.0 13 12 12 13 1 51
800.0 11 10 12 12 2 47
805.0 8 10 12 12 2 44
810.0 7 9 12 10 3 41
815.0 8 10 8 10 3 39
820.0 8 12 7 8 3 38
825.0 9 14 5 8 2 38
830.0 8 16 5 6 3 38
835.0 11 16 7 5 3 42
840.0 9 17 10 5 3 44
845.0 7 18 14 6 4 49
850.0 9 18 13 6 4 50
855.0 9 16 14 6 4 49
860.0 12 15 14 6 5 52
865.0 8 18 14 7 6 53
870.0 8 20 15 7 6 56
875.0 8 20 18 4 6 56
880.0 8 20 19 3 6 56
885.0 10 21 17 5 6 59
890.0 11 19 17 5 5 57
895.0 11 19 17 5 5 57
900.0 12 17 15 7 4 55
905.0 14 23 17 7 4 65
910.0 12 21 19 7 5 64
915.0 11 19 21 8 4 63
920.0 14 19 20 6 4 63
925.0 15 16 25 6 5 67
930.0 16 19 23 7 5 70
935.0 16 19 25 8 4 72
940.0 16 17 24 9 4 70
945.0 15 15 25 8 3 66
950.0 13 14 24 8 3 62
955.0 14 13 24 7 3 61
960.0 10 15 22 6 4 57
965.0 12 15 23 6 3 59
970.0 17 14 23 6 4 64
975.0 17 14 24 6 4 65
980.0 14 16 24 8 5 67
985.0 14 13 21 6 6 60
990.0 12 15 20 7 5 59
995.0 12 16 20 10 5 63
1000.0 10 16 19 9 6 60
1005.0 10 15 18 9 7 59
1010.0 10 13 22 7 7 59
1015.0 14 13 20 8 5 60
1020.0 14 12 20 7 5 58
1025.0 13 10 19 8 6 56
1030.0 17 8 21 8 6 60
1035.0 21 8 22 6 5 62
1040.0 20 12 23 6 5 66
1045.0 20 12 25 7 5 69
1050.0 22 12 22 6 5 67
1055.0 24 13 20 5 6 68
1060.0 23 12 24 6 5 70
1065.0 20 10 23 7 7 67
1070.0 18 10 24 8 6 66
1075.0 18 11 22 7 6 64
1080.0 19 12 23 7 6 67
1085.0 19 13 21 7 7 67
1090.0 18 13 19 7 8 65
1095.0 18 15 20 6 7 66
1100.0 17 15 21 7 8 68
1105.0 20 19 21 8 7 75
1110.0 17 21 18 10 7 73
1115.0 16 22 18 11 6 73
1120.0 12 19 18 13 5 67
1125.0 10 20 17 16 5 68
1130.0 12 21 18 14 7 72
1135.0 12 17 19 15 7 70
1140.0 13 15 18 13 6 65
1145.0 12 13 16 12 6 59
1150.0 13 12 17 11 5 58
1155.0 14 12 18 11 5 60
1160.0 13 11 17 12 5 58
1165.0 14 8 17 14 4 57
1170.0 18 10 13 10 4 55
1175.0 18 13 13 10 4 58
1180.0 19 13 14 10 4 60
1185.0 17 13 14 9 4 57
1190.0 20 14 16 8 5 63
1195.0 22 14 15 6 5 62
1200.0 21 15 20 5 6 67
1205.0 20 15 17 5 6 63
1210.0 17 13 18 7 6 61
1215.0 16 14 22 8 6 66
1220.0 14 14 21 8 6 63
1225.0 15 13 19 7 6 60
1230.0 13 13 17 8 6 57
1235.0 11 16 16 6 6 55
1240.0 13 15 14 4 6 52
1245.0 10 15 13 5 6 49
1250.0 8 13 14 5 6 46
1255.0 8 11 12 5 5 41
1260.0 8 7 12 4 4 35
1265.0 9 7 10 3 3 32
1270.0 10 4 8 5 3 30
1275.0 9 3 8 4 2 26
1280.0 7 3 8 4 2 24
1285.0 5 2 9 3 3 22
1290.0 3 3 9 3 4 22
1295.0 4 2 7 2 3 18
1300.0 3 3 7 1 3 17
1305.0 2 2 7 1 2 14
1310.0 4 1 7 1 1 14
1315.0 3 1 6 1 1 12
1320.0 4 1 6 0 1 12
1325.0 4 0 4 0 0 8
1330.0 3 1 3 1 0 8
1335.0 1 2 2 2 0 7
1340.0 1 2 2 2 0 7
1345.0 1 2 1 2 0 6
1350.0 1 0 1 1 0 3
1355.0 1 0 0 1 0 2
1360.0 1 0 0 1 0 2
1365.0 1 0 1 2 0 4
1370.0 1 0 1 2 0 4
1375.0 1 0 0 2 0 3
1380.0 1 0 0 2 0 3
1385.0 1 0 0 2 0 3
1390.0 1 0 0 1 0 2
1395.0 1 0 0 1 0 2
1400.0 1 0 0 1 0 2
1405.0 1 0 0 1 0 2
1410.0 0 0 1 1 0 2
1415.0 0 0 1 1 0 2
1420.0 0 0 0 1 0 1
1425.0 0 0 0 1 0 1
1430.0 0 0 0 1 0 1
1435.0 0 0 0 1 0 1
