5.0 0 0 0 0 0 0
10.0 0 0 0 0 0 0
15.0 0 0 0 0 0 0
20.0 0 0 0 0 0 0
25.0 0 0 0 0 0 0
30.0 0 0 0 0 0 0
35.0 0 0 0 0 0 0
40.0 0 0 0 0 0 0
45.0 0 0 0 0 0 0
50.0 0 0 0 0 0 0
55.0 0 0 0 0 0 0
60.0 0 0 0 0 0 0
65.0 0 0 0 0 0 0
70.0 0 0 0 0 0 0
75.0 0 0 0 0 0 0
80.0 0 0 0 0 0 0
85.0 0 0 0 0 0 0
90.0 0 0 0 0 0 0
95.0 0 0 0 0 0 0
100.0 0 0 0 0 0 0
105.0 0 0 0 0 0 0
110.0 0 0 0 0 0 0
115.0 0 0 0 0 0 0
120.0 0 0 0 0 0 0
125.0 0 0 0 0 0 0
130.0 0 0 0 0 0 0
135.0 0 0 0 0 0 0
140.0 0 0 0 0 0 0
145.0 0 0 0 0 0 0
150.0 0 0 0 0 0 0
155.0 0 0 0 0 0 0
160.0 0 0 0 0 0 0
165.0 0 0 0 0 0 0
170.0 0 0 0 0 0 0
175.0 0 0 0 0 0 0
180.0 0 0 0 0 0 0
185.0 0 0 0 0 0 0
190.0 0 0 0 0 0 0
195.0 0 0 0 0 0 0
200.0 0 0 0 0 0 0
205.0 0 0 0 0 0 0
210.0 0 0 0 0 0 0
215.0 0 0 0 0 0 0
220.0 0 0 0 0 0 0
225.0 0 0 0 0 0 0
230.0 0 0 0 0 0 0
235.0 0 0 0 0 0 0
240.0 0 0 0 0 0 0
245.0 0 0 0 0 0 0
250.0 0 0 0 0 0 0
255.0 0 0 0 0 0 0
260.0 0 0 0 0 0 0
265.0 0 0 0 0 0 0
270.0 0 0 0 0 0 0
275.0 0 0 0 0 0 0
280.0 0 0 0 0 0 0
285.0 0 0 0 0 0 0
290.0 0 0 1 0 0 1
295.0 0 0 1 0 0 1
300.0 0 0 1 0 0 1
305.0 0 0 1 0 0 1
310.0 0 0 1 0 0 1
315.0 0 0 1 0 0 1
320.0 0 0 2 0 0 2
325.0 0 0 2 0 0 2
330.0 0 0 2 0 0 2
335.0 0 0 2 0 0 2
340.0 0 0 2 0 0 2
345.0 0 0 2 0 0 2
350.0 0 1 2 0 0 3
355.0 0 1 2 1 0 4
360.0 1 1 3 1 0 6
365.0 2 1 3 1 0 7
370.0 2 2 3 0 0 7
375.0 2 4 1 0 0 7
380.0 1 4 1 2 0 8
385.0 1 5 1 2 0 9
390.0 1 5 2 2 1 11
395.0 2 4 5 2 1 14
400.0 4 5 7 1 1 18
405.0 4 5 8 1 1 19
410.0 5 6 7 1 1 20
415.0 4 5 7 1 2 19
420.0 4 5 5 1 2 17
425.0 5 6 6 2 2 21
430.0 5 10 7 2 2 26
435.0 5 11 7 2 2 27
440.0 5 11 7 2 1 26
445.0 4 13 8 2 1 28
450.0 3 12 8 2 1 26
455.0 5 10 11 3 1 30
460.0 7 10 11 5 1 34
465.0 10 11 10 4 2 37
470.0 10 10 10 3 4 37
475.0 11 11 11 5 4 42
480.0 11 13 12 6 5 47
485.0 12 13 14 6 5 50
490.0 12 14 14 6 6 52
495.0 13 14 15 9 7 58
500.0 12 13 12 14 7 58
505.0 12 13 14 16 7 62
510.0 12 15 15 13 8 63
515.0 14 19 15 12 9 69
520.0 17 16 15 11 10 69
525.0 17 13 14 13 10 67
530.0 19 13 16 16 10 74
535.0 14 13 21 17 10 75
540.0 14 15 24 16 10 79
545.0 19 17 25 13 10 84
550.0 20 18 22 15 11 86
555.0 20 17 23 14 12 86
560.0 19 20 21 15 11 86
565.0 17 21 22 17 13 90
570.0 18 24 21 19 12 94
575.0 17 26 26 18 12 99
580.0 18 29 26 16 13 102
585.0 19 29 25 17 15 105
590.0 21 30 30 16 14 111
595.0 22 30 30 15 14 111
600.0 28 30 27 11 13 109
605.0 28 28 27 12 14 109
610.0 26 28 28 10 15 107
615.0 23 28 29 12 12 104
620.0 23 26 29 12 11 101
625.0 24 27 28 12 10 101
630.0 25 22 30 14 12 103
635.0 28 23 30 15 14 110
640.0 25 29 30 17 14 115
645.0 24 32 29 18 11 114
650.0 23 30 30 20 12 115
655.0 22 28 28 20 14 112
660.0 18 25 29 18 16 106
665.0 19 27 31 17 16 110
670.0 22 30 31 12 14 109
675.0 20 30 29 12 14 105
680.0 22 28 33 12 14 109
685.0 22 23 33 12 13 103
690.0 20 23 32 10 12 97
695.0 12 25 34 13 12 96
700.0 16 23 32 14 13 98
705.0 16 18 33 12 13 92
710.0 14 16 29 12 10 81
715.0 15 12 27 11 10 75
720.0 19 13 23 7 9 71
725.0 18 15 22 6 9 70
730.0 16 16 23 10 7 72
735.0 17 15 20 12 6 70
740.0 17 18 22 10 6 73
745.0 16 16 22 10 6 70
750.0 12 16 20 11 5 64
755.0 13 20 20 10 5 68
760.0 15 20 20 12 5 72
765.0 15 17 22 9 4 67
770.0 12 15 22 9 6 64
775.0 12 14 20 8 5 59
780.0 16 16 17 8 6 63
785.0 14 17 18 9 7 65
790.0 15 18 16 9 8 66
795.0 16 16 18 10 7 67
800.0 16 13 19 13 9 70
805.0 16 14 21 14 8 73
810.0 17 13 21 13 8 72
815.0 17 17 19 13 8 74
820.0 20 22 19 9 8 78
825.0 21 21 19 10 7 78
830.0 24 18 21 10 7 80
835.0 22 19 22 10 7 80
840.0 21 19 19 12 8 79
845.0 18 19 22 13 11 83
850.0 17 18 27 13 12 87
855.0 17 15 26 12 12 82
860.0 15 17 25 12 11 80
865.0 16 16 26 12 11 81
870.0 13 14 27 13 11 78
875.0 15 16 27 11 11 80
880.0 15 18 30 13 11 87
885.0 12 19 26 18 11 86
890.0 12 19 26 20 11 88
895.0 13 21 31 18 11 94
900.0 11 22 36 19 11 99
905.0 11 27 38 16 11 103
910.0 13 31 36 13 12 105
915.0 16 33 36 11 12 108
920.0 19 34 37 10 13 113
925.0 20 33 35 11 12 111
930.0 23 32 31 11 11 108
935.0 24 27 26 11 14 102
940.0 27 26 23 12 13 101
945.0 28 25 23 15 13 104
950.0 23 22 27 15 14 101
955.0 25 21 27 13 16 102
960.0 24 25 31 12 15 107
965.0 26 25 31 12 16 110
970.0 19 27 32 12 17 107
975.0 21 29 34 14 17 115
980.0 22 29 35 12 15 113
985.0 19 32 36 10 15 112
990.0 20 32 33 12 14 111
995.0 26 33 31 10 13 113
1000.0 28 34 29 10 12 113
1005.0 29 34 29 11 10 113
1010.0 30 34 27 10 10 111
1015.0 31 35 26 12 9 113
1020.0 29 32 24 15 9 109
1025.0 28 32 26 18 10 114
1030.0 29 29 25 17 11 111
1035.0 32 21 29 15 13 110
1040.0 29 27 23 16 10 105
1045.0 30 28 21 17 9 105
1050.0 28 29 22 16 11 106
1055.0 29 28 25 16 10 108
1060.0 26 30 30 17 11 114
1065.0 22 35 31 18 10 116
1070.0 23 31 34 20 11 119
1075.0 25 29 35 22 10 121
1080.0 24 31 37 23 10 125
1085.0 26 37 35 23 6 127
1090.0 32 35 36 19 7 129
1095.0 33 37 36 20 8 134
1100.0 39 35 35 17 9 135
1105.0 37 30 35 17 10 129
1110.0 34 33 35 19 10 131
1115.0 33 32 37 20 12 134
1120.0 31 30 40 22 13 136
1125.0 27 37 40 22 12 138
1130.0 28 39 40 20 14 141
1135.0 28 37 43 19 14 141
1140.0 28 36 42 17 14 137
1145.0 28 38 40 14 11 131
1150.0 28 30 40 15 12 125
1155.0 31 31 40 14 12 128
1160.0 30 33 39 16 12 130
1165.0 28 30 34 15 11 118
1170.0 21 30 36 16 8 111
1175.0 24 27 33 14 10 108
1180.0 22 26 30 14 10 102
1185.0 17 23 27 14 12 93
1190.0 17 19 27 12 12 87
1195.0 20 19 27 14 13 93
1200.0 19 17 28 15 11 90
1205.0 18 16 27 17 12 90
1210.0 18 14 25 16 12 85
1215.0 18 14 20 14 10 76
1220.0 19 16 20 11 7 73
1225.0 17 17 18 10 8 70
1230.0 14 16 17 11 8 66
1235.0 16 16 14 7 8 61
1240.0 16 9 16 9 7 57
1245.0 15 9 15 9 7 55
1250.0 17 10 16 8 8 59
1255.0 17 10 16 6 6 55
1260.0 13 11 14 6 5 49
1265.0 10 8 13 7 5 43
1270.0 10 7 10 8 5 40
1275.0 10 7 9 9 5 40
1280.0 10 6 9 4 4 33
1285.0 7 4 8 4 5 28
1290.0 6 4 6 6 4 26
1295.0 7 4 5 5 4 25
1300.0 6 5 4 5 4 24
1305.0 7 3 4 4 4 22
1310.0 7 3 5 3 3 21
1315.0 4 0 4 3 1 12
1320.0 4 0 3 3 0 10
1325.0 3 0 5 3 0 11
1330.0 3 0 3 4 0 10
1335.0 2 1 1 2 0 6
1340.0 2 1 1 2 0 6
1345.0 2 1 2 2 0 7
1350.0 2 1 2 1 1 7
1355.0 3 1 1 1 2 8
1360.0 2 1 0 1 2 6
1365.0 1 0 0 2 2 5
1370.0 0 0 0 0 2 2
1375.0 0 0 0 0 2 2
1380.0 0 0 0 0 3 3
1385.0 0 0 0 0 1 1
1390.0 0 1 0 0 0 1
1395.0 0 1 1 0 0 2
1400.0 0 1 0 0 0 1
1405.0 0 1 0 0 0 1
1410.0 0 1 0 0 0 1
1415.0 0 1 0 0 0 1
1420.0 0 1 0 0 0 1
1425.0 0 1 0 0 0 1
1430.0 0 1 0 0 0 1
1435.0 0 0 0 0 0 0
