5.0 0 0 0 0 0 0
10.0 0 0 0 0 0 0
15.0 0 0 0 0 0 0
20.0 0 0 0 0 0 0
25.0 0 0 0 0 0 0
30.0 0 0 0 0 0 0
35.0 0 0 0 0 0 0
40.0 0 0 0 0 0 0
45.0 0 0 0 0 0 0
50.0 0 0 0 0 0 0
55.0 0 0 0 0 0 0
60.0 0 0 0 0 0 0
65.0 0 0 0 0 0 0
70.0 0 0 0 0 0 0
75.0 0 0 0 0 0 0
80.0 0 0 0 0 0 0
85.0 0 0 0 0 0 0
90.0 0 0 0 0 0 0
95.0 0 0 0 0 0 0
100.0 0 0 0 0 0 0
105.0 0 0 0 0 0 0
110.0 0 0 0 0 0 0
115.0 0 0 0 0 0 0
120.0 0 0 0 0 0 0
125.0 0 0 0 0 0 0
130.0 0 0 0 0 0 0
135.0 0 0 0 0 0 0
140.0 0 0 0 0 0 0
145.0 0 0 0 0 0 0
150.0 0 0 0 0 0 0
155.0 0 0 0 0 0 0
160.0 0 0 0 0 0 0
165.0 0 0 0 0 0 0
170.0 0 0 0 0 0 0
175.0 0 0 0 0 0 0
180.0 0 0 0 0 0 0
185.0 0 0 0 0 0 0
190.0 0 0 0 0 0 0
195.0 0 0 0 0 0 0
200.0 0 0 0 0 0 0
205.0 0 0 0 1 0 1
210.0 0 0 0 1 0 1
215.0 0 0 0 1 0 1
220.0 0 0 0 1 0 1
225.0 0 0 0 1 0 1
230.0 0 0 0 0 0 0
235.0 0 0 0 0 0 0
240.0 0 0 0 0 0 0
245.0 0 0 0 0 1 1
250.0 0 0 0 0 1 1
255.0 0 0 0 0 1 1
260.0 0 0 0 0 1 1
265.0 0 0 0 0 1 1
270.0 0 0 0 0 1 1
275.0 0 0 0 0 1 1
280.0 0 1 0 0 1 2
285.0 0 1 0 0 1 2
290.0 0 1 0 0 1 2
295.0 0 1 0 0 1 2
300.0 0 1 0 0 1 2
305.0 0 1 0 0 1 2
310.0 1 1 0 0 1 3
315.0 2 1 1 0 1 5
320.0 2 0 1 1 1 5
325.0 3 0 0 1 1 5
330.0 3 0 1 1 1 6
335.0 3 0 1 1 1 6
340.0 3 0 3 2 2 10
345.0 3 1 3 2 4 13
350.0 4 1 4 4 4 17
355.0 4 3 4 5 4 20
360.0 5 3 4 6 4 22
365.0 3 5 7 6 4 25
370.0 3 6 7 6 4 26
375.0 3 6 6 6 4 25
380.0 6 6 4 5 4 25
385.0 7 6 10 5 4 32
390.0 9 8 11 3 4 35
395.0 10 10 13 5 4 42
400.0 12 10 16 5 4 47
405.0 14 11 18 6 5 54
410.0 12 14 20 8 5 59
415.0 15 16 21 6 7 65
420.0 15 19 23 7 6 70
425.0 20 17 22 8 6 73
430.0 21 19 20 9 6 75
435.0 25 23 22 8 7 85
440.0 28 24 26 8 7 93
445.0 31 28 25 8 7 99
450.0 32 32 24 10 7 105
455.0 29 33 24 11 7 104
460.0 31 34 25 15 7 112
465.0 29 37 30 19 10 125
470.0 28 36 33 20 11 128
475.0 31 41 40 21 10 143
480.0 30 47 47 24 11 159
485.0 32 50 51 25 12 170
490.0 30 49 57 27 12 175
495.0 37 52 62 31 9 191
500.0 41 58 64 33 9 205
505.0 46 63 72 29 11 221
510.0 46 66 74 33 13 232
515.0 48 64 84 36 12 244
520.0 58 73 87 37 17 272
525.0 63 76 86 37 17 279
530.0 66 74 90 37 18 285
535.0 65 81 98 34 20 298
540.0 63 88 103 43 23 320
545.0 63 86 112 44 21 326
550.0 70 85 114 46 20 335
555.0 72 88 123 44 22 349
560.0 86 88 130 42 27 373
565.0 85 87 123 50 31 376
570.0 94 94 116 48 30 382
575.0 99 101 115 46 29 390
580.0 91 105 118 51 32 397
585.0 96 95 123 52 35 401
590.0 102 98 123 53 40 416
595.0 104 98 109 54 40 405
600.0 104 107 115 50 39 415
605.0 98 109 122 53 45 427
610.0 106 115 116 51 44 432
615.0 108 110 114 50 45 427
620.0 109 114 112 51 44 430
625.0 101 114 119 50 44 428
630.0 105 112 109 53 42 421
635.0 101 112 109 64 41 427
640.0 97 106 112 71 38 424
645.0 90 109 119 69 39 426
650.0 89 114 125 67 43 438
655.0 83 107 122 66 43 421
660.0 87 110 118 63 43 421
665.0 92 119 118 65 42 436
670.0 96 117 122 50 44 429
675.0 93 117 117 48 48 423
680.0 90 123 124 51 47 435
685.0 88 117 133 49 46 433
690.0 87 125 126 53 41 432
695.0 87 112 142 51 42 434
700.0 90 112 126 52 43 423
705.0 85 114 124 54 44 421
710.0 84 114 120 52 45 415
715.0 82 112 121 46 44 405
720.0 80 106 123 42 41 392
725.0 74 101 118 49 39 381
730.0 76 99 110 44 36 365
735.0 83 98 104 48 41 374
740.0 86 89 104 44 39 362
745.0 79 90 109 48 36 362
750.0 78 89 105 51 35 358
755.0 73 95 103 58 35 364
760.0 76 93 101 50 36 356
765.0 72 95 93 53 35 348
770.0 84 90 99 51 34 358
775.0 91 90 107 52 31 371
780.0 90 89 102 54 34 369
785.0 94 89 106 52 34 375
790.0 97 85 106 54 37 379
795.0 92 85 110 52 36 375
800.0 96 95 112 49 35 387
805.0 91 90 106 50 37 374
810.0 90 88 110 51 34 373
815.0 95 82 94 55 36 362
820.0 90 80 100 55 38 363
825.0 83 82 100 61 41 367
830.0 76 84 109 63 41 373
835.0 79 88 105 63 42 377
840.0 81 89 103 61 44 378
845.0 85 97 99 55 41 377
850.0 84 98 109 47 45 383
855.0 81 94 118 50 46 389
860.0 81 101 107 52 48 389
865.0 90 102 109 46 49 396
870.0 94 100 125 50 50 419
875.0 95 100 127 45 51 418
880.0 87 106 119 49 54 415
885.0 79 114 123 51 55 422
890.0 81 119 110 49 54 413
895.0 89 121 113 51 51 425
900.0 87 119 118 53 52 429
905.0 97 124 116 52 48 437
910.0 98 116 132 54 46 446
915.0 109 115 136 50 44 454
920.0 108 113 139 61 45 466
925.0 111 112 140 59 45 467
930.0 110 114 133 59 38 454
935.0 106 123 134 56 37 456
940.0 104 131 134 53 39 461
945.0 105 132 132 56 41 466
950.0 107 138 129 50 47 471
955.0 103 126 136 48 44 457
960.0 101 126 139 44 52 462
965.0 94 132 138 52 50 466
970.0 95 127 139 50 52 463
975.0 99 129 136 51 52 467
980.0 100 124 143 49 50 466
985.0 98 118 141 52 55 464
990.0 95 120 141 51 53 460
995.0 106 120 149 52 50 477
1000.0 112 122 140 48 50 472
1005.0 106 120 141 51 53 471
1010.0 103 122 143 49 49 466
1015.0 99 128 140 49 49 465
1020.0 96 123 137 55 47 458
1025.0 89 121 137 60 49 456
1030.0 86 121 132 60 45 444
1035.0 82 114 133 59 47 435
1040.0 82 106 141 59 52 440
1045.0 86 102 141 60 49 438
1050.0 94 104 145 64 48 455
1055.0 100 115 137 68 47 467
1060.0 99 121 146 72 45 483
1065.0 108 118 145 70 46 487
1070.0 106 132 142 69 46 495
1075.0 105 124 150 71 47 497
1080.0 107 120 136 72 49 484
1085.0 107 130 133 76 47 493
1090.0 109 119 131 75 48 482
1095.0 117 126 142 75 52 512
1100.0 122 132 140 73 55 522
1105.0 119 136 144 77 55 531
1110.0 123 133 140 80 53 529
1115.0 129 131 133 82 58 533
1120.0 125 120 143 79 59 526
1125.0 121 126 139 80 60 526
1130.0 114 126 137 81 61 519
1135.0 111 136 138 75 65 525
1140.0 117 144 132 72 62 527
1145.0 117 143 130 73 61 524
1150.0 121 140 141 64 53 519
1155.0 117 127 153 66 55 518
1160.0 120 127 142 64 56 509
1165.0 119 125 137 60 54 495
1170.0 111 108 141 59 49 468
1175.0 103 113 136 56 49 457
1180.0 98 115 131 60 45 449
1185.0 99 122 129 57 44 451
1190.0 86 112 132 60 38 428
1195.0 85 110 128 59 34 416
1200.0 91 101 124 56 32 404
1205.0 96 99 122 55 32 404
1210.0 93 90 125 54 33 395
1215.0 88 82 118 50 33 371
1220.0 79 78 114 53 30 354
1225.0 78 81 89 44 33 325
1230.0 74 78 90 41 31 314
1235.0 69 72 89 44 28 302
1240.0 68 70 84 38 25 285
1245.0 64 66 76 39 29 274
1250.0 54 55 74 42 26 251
1255.0 51 58 60 40 25 234
1260.0 48 47 59 37 24 215
1265.0 46 43 54 34 21 198
1270.0 47 37 48 25 21 178
1275.0 47 34 40 22 20 163
1280.0 35 35 36 27 21 154
1285.0 27 31 34 25 20 137
1290.0 26 29 36 25 18 134
1295.0 26 27 33 21 16 123
1300.0 24 26 28 18 15 111
1305.0 22 23 26 16 15 102
1310.0 22 16 27 15 14 94
1315.0 24 11 24 13 11 83
1320.0 22 7 16 12 10 67
1325.0 20 6 13 9 7 55
1330.0 18 6 12 9 5 50
1335.0 20 6 10 7 5 48
1340.0 17 8 10 4 5 44
1345.0 13 5 11 2 4 35
1350.0 12 6 12 2 4 36
1355.0 10 6 9 3 3 31
1360.0 9 6 10 3 1 29
1365.0 5 4 9 3 1 22
1370.0 6 3 6 3 1 19
1375.0 5 2 3 3 0 13
1380.0 4 1 3 3 0 11
1385.0 2 1 1 3 0 7
1390.0 2 2 1 3 0 8
1395.0 2 2 1 3 0 8
1400.0 3 3 1 2 0 9
1405.0 3 3 0 2 0 8
1410.0 2 2 0 3 0 7
1415.0 2 1 0 2 0 5
1420.0 1 0 0 1 0 2
1425.0 0 0 0 1 0 1
1430.0 0 0 0 1 0 1
1435.0 0 0 0 1 0 1
