5.0 0 0 0 0 0 0
10.0 0 0 0 0 0 0
15.0 0 0 0 0 0 0
20.0 0 0 0 0 0 0
25.0 0 0 0 0 0 0
30.0 0 0 0 0 0 0
35.0 0 0 0 0 0 0
40.0 0 0 0 0 0 0
45.0 0 0 0 0 0 0
50.0 0 0 0 0 0 0
55.0 0 0 0 0 0 0
60.0 0 0 0 0 0 0
65.0 0 0 0 0 0 0
70.0 0 0 0 0 0 0
75.0 0 0 0 0 0 0
80.0 0 0 0 0 0 0
85.0 0 0 0 0 0 0
90.0 0 0 0 0 0 0
95.0 0 0 0 0 0 0
100.0 0 0 0 0 0 0
105.0 0 0 0 0 0 0
110.0 0 0 0 0 0 0
115.0 0 0 0 0 0 0
120.0 0 0 0 0 0 0
125.0 0 0 0 0 0 0
130.0 0 0 0 0 0 0
135.0 0 0 0 0 0 0
140.0 0 0 0 0 0 0
145.0 0 0 0 0 0 0
150.0 0 0 0 0 0 0
155.0 0 0 0 0 0 0
160.0 0 0 0 0 0 0
165.0 0 0 0 0 0 0
170.0 0 0 0 0 0 0
175.0 0 0 0 0 0 0
180.0 0 0 0 0 0 0
185.0 0 0 0 0 0 0
190.0 0 0 0 0 0 0
195.0 0 0 0 0 0 0
200.0 0 0 0 0 0 0
205.0 0 0 0 0 0 0
210.0 0 0 0 0 0 0
215.0 0 0 0 0 0 0
220.0 0 0 0 0 0 0
225.0 0 0 0 0 0 0
230.0 0 0 0 0 0 0
235.0 0 0 0 0 0 0
240.0 0 0 0 0 0 0
245.0 0 0 0 0 0 0
250.0 0 0 0 0 0 0
255.0 0 0 0 0 0 0
260.0 0 0 0 0 0 0
265.0 0 0 0 0 0 0
270.0 0 0 1 0 0 1
275.0 0 0 1 0 0 1
280.0 0 0 1 0 0 1
285.0 0 0 1 0 0 1
290.0 0 0 1 0 0 1
295.0 0 0 1 0 0 1
300.0 0 0 1 0 0 1
305.0 0 0 1 0 0 1
310.0 0 0 1 0 0 1
315.0 0 0 1 0 0 1
320.0 0 0 1 0 0 1
325.0 0 0 1 0 0 1
330.0 0 0 0 0 0 0
335.0 0 0 0 0 0 0
340.0 0 0 0 0 0 0
345.0 0 0 0 0 0 0
350.0 0 0 0 0 0 0
355.0 0 0 0 0 0 0
360.0 0 0 0 0 0 0
365.0 0 1 0 0 0 1
370.0 0 2 0 0 0 2
375.0 0 2 0 0 0 2
380.0 1 2 1 1 0 5
385.0 1 2 1 1 0 5
390.0 1 2 2 1 0 6
395.0 1 1 4 1 0 7
400.0 0 2 5 1 0 8
405.0 1 3 5 0 0 9
410.0 1 4 5 0 0 10
415.0 1 4 6 0 0 11
420.0 2 4 5 1 0 12
425.0 2 3 5 1 0 11
430.0 2 2 5 1 0 10
435.0 2 3 4 0 0 9
440.0 2 3 3 0 0 8
445.0 3 2 4 0 1 10
450.0 4 2 5 0 1 12
455.0 4 2 8 0 1 15
460.0 4 4 10 0 1 19
465.0 8 4 11 1 1 25
470.0 9 5 15 1 1 31
475.0 8 5 12 2 1 28
480.0 10 5 12 3 1 31
485.0 11 7 8 5 1 32
490.0 13 6 10 5 1 35
495.0 13 7 11 5 1 37
500.0 12 9 11 5 2 39
505.0 11 10 13 4 2 40
510.0 10 9 17 4 2 42
515.0 10 10 18 2 2 42
520.0 9 9 18 4 2 42
525.0 10 10 19 4 2 45
530.0 10 8 19 6 1 44
535.0 7 9 20 6 1 43
540.0 8 10 20 6 1 45
545.0 11 9 17 8 1 46
550.0 10 10 16 6 1 43
555.0 10 12 15 6 1 44
560.0 12 13 11 7 1 44
565.0 11 14 12 8 1 46
570.0 11 13 15 10 1 50
575.0 14 17 15 9 1 56
580.0 15 17 20 10 1 63
585.0 15 18 22 11 2 68
590.0 16 15 23 10 2 66
595.0 15 15 20 9 2 61
600.0 11 16 25 9 2 63
605.0 15 19 24 9 4 71
610.0 15 18 25 9 7 74
615.0 15 21 23 10 6 75
620.0 12 24 23 10 5 74
625.0 10 25 26 9 5 75
630.0 12 24 21 12 5 74
635.0 11 25 21 11 7 75
640.0 15 24 21 10 6 76
645.0 12 25 18 12 6 73
650.0 15 24 16 13 7 75
655.0 15 22 16 15 7 75
660.0 14 23 15 17 7 76
665.0 14 24 14 18 6 76
670.0 13 24 15 16 9 77
675.0 11 22 15 17 9 74
680.0 13 22 17 12 9 73
685.0 12 20 19 12 9 72
690.0 12 17 16 13 8 66
695.0 11 20 17 13 8 69
700.0 9 20 18 13 7 67
705.0 12 14 19 12 7 64
710.0 11 13 19 11 7 61
715.0 10 12 20 11 7 60
720.0 11 12 20 12 7 62
725.0 12 13 19 15 6 65
730.0 12 9 15 15 6 57
735.0 12 9 16 15 6 58
740.0 11 13 15 14 6 59
745.0 9 15 16 14 7 61
750.0 10 16 15 14 6 61
755.0 12 12 15 15 6 60
760.0 12 10 15 15 7 59
765.0 14 10 14 11 7 56
770.0 16 8 15 6 7 52
775.0 15 8 12 8 8 51
780.0 14 12 12 7 8 53
785.0 11 12 9 7 7 46
790.0 10 15 9 6 8 48
795.0 12 15 11 6 7 51
800.0 11 14 11 6 9 51
805.0 12 13 10 5 8 48
810.0 12 14 9 6 8 49
815.0 13 13 9 6 8 49
820.0 16 11 10 7 7 51
825.0 16 10 12 8 8 54
830.0 17 11 11 7 6 52
835.0 19 9 14 8 6 56
840.0 22 8 13 7 6 56
845.0 20 8 15 7 6 56
850.0 20 10 14 11 6 61
855.0 19 10 17 9 6 61
860.0 19 11 18 9 6 63
865.0 17 11 18 10 6 62
870.0 18 11 19 11 5 64
875.0 16 15 20 10 6 67
880.0 16 16 22 8 7 69
885.0 16 17 20 7 7 67
890.0 17 16 17 6 7 63
895.0 16 18 19 7 7 67
900.0 15 18 18 6 5 62
905.0 17 19 18 7 5 66
910.0 17 21 16 8 5 67
915.0 19 20 17 6 6 68
920.0 18 19 19 6 5 67
925.0 17 21 19 5 6 68
930.0 15 20 24 6 6 71
935.0 13 20 20 8 5 66
940.0 11 18 18 8 5 60
945.0 11 17 19 8 4 59
950.0 10 15 18 8 5 56
955.0 13 16 18 6 3 56
960.0 13 18 17 6 2 56
965.0 12 17 17 8 2 56
970.0 11 18 16 8 4 57
975.0 13 20 16 8 4 61
980.0 15 20 16 7 5 63
985.0 15 20 16 8 5 64
990.0 14 19 17 7 7 64
995.0 14 20 17 8 7 66
1000.0 13 18 18 9 6 64
1005.0 13 16 16 9 7 61
1010.0 14 19 19 8 8 68
1015.0 12 18 22 9 7 68
1020.0 11 18 21 10 7 67
1025.0 13 15 15 10 7 60
1030.0 14 17 17 9 7 64
1035.0 14 15 14 12 9 64
1040.0 17 18 14 12 10 71
1045.0 20 17 16 14 12 79
1050.0 19 18 15 16 11 79
1055.0 19 16 14 15 11 75
1060.0 18 21 20 11 12 82
1065.0 17 23 20 13 12 85
1070.0 20 26 20 15 11 92
1075.0 18 26 19 14 10 87
1080.0 22 23 21 15 10 91
1085.0 22 23 22 11 9 87
1090.0 26 19 25 10 9 89
1095.0 21 23 24 9 9 86
1100.0 19 24 25 10 9 87
1105.0 20 20 27 12 9 88
1110.0 18 18 25 14 8 83
1115.0 16 18 24 14 9 81
1120.0 13 16 25 14 9 77
1125.0 10 19 28 14 8 79
1130.0 14 20 25 12 6 77
1135.0 12 19 25 10 6 72
1140.0 14 18 23 12 6 73
1145.0 18 19 20 14 8 79
1150.0 18 18 21 14 9 80
1155.0 19 16 22 11 8 76
1160.0 16 15 22 12 11 76
1165.0 15 14 22 11 11 73
1170.0 15 16 20 11 11 73
1175.0 15 17 17 9 11 69
1180.0 16 20 17 8 10 71
1185.0 16 19 16 8 10 69
1190.0 16 18 18 7 10 69
1195.0 16 16 16 9 11 68
1200.0 14 17 15 13 11 70
1205.0 16 17 14 12 11 70
1210.0 16 14 14 12 10 66
1215.0 13 15 14 15 9 66
1220.0 10 14 14 14 8 60
1225.0 10 12 13 12 6 53
1230.0 8 12 13 13 6 52
1235.0 7 10 13 11 5 46
1240.0 8 8 12 11 5 44
1245.0 8 9 10 10 6 43
1250.0 8 9 10 8 6 41
1255.0 7 10 7 6 6 36
1260.0 5 8 5 5 6 29
1265.0 6 8 5 5 6 30
1270.0 5 6 5 3 5 24
1275.0 3 8 6 2 4 23
1280.0 1 6 6 2 3 18
1285.0 2 4 7 2 3 18
1290.0 2 4 6 3 3 18
1295.0 4 4 6 3 2 19
1300.0 5 4 6 3 2 20
1305.0 5 3 4 2 2 16
1310.0 5 5 3 2 1 16
1315.0 5 4 2 3 1 15
1320.0 6 5 1 3 0 15
1325.0 3 5 4 3 0 15
1330.0 3 5 5 3 0 16
1335.0 3 4 5 3 0 15
1340.0 1 3 5 4 1 14
1345.0 0 3 5 2 1 11
1350.0 0 3 4 2 1 10
1355.0 1 2 3 1 1 8
1360.0 1 3 2 1 1 8
1365.0 1 1 1 1 1 5
1370.0 0 0 1 1 1 3
1375.0 0 0 1 1 0 2
1380.0 0 0 1 1 0 2
1385.0 0 0 0 1 0 1
1390.0 0 0 0 1 0 1
1395.0 0 0 0 1 0 1
1400.0 0 0 0 1 0 1
1405.0 0 0 0 0 0 0
1410.0 0 0 0 0 0 0
1415.0 0 0 0 0 0 0
1420.0 0 0 0 0 0 0
1425.0 0 0 0 0 0 0
1430.0 0 0 0 0 0 0
1435.0 0 0 0 0 0 0
