5.0 0 0 0 0 0 0
10.0 0 0 0 0 0 0
15.0 0 0 0 0 0 0
20.0 0 0 0 0 0 0
25.0 0 0 0 0 0 0
30.0 0 0 0 0 0 0
35.0 0 0 0 0 0 0
40.0 0 0 0 0 0 0
45.0 0 0 0 0 0 0
50.0 0 0 0 0 0 0
55.0 0 0 0 0 0 0
60.0 0 0 0 0 0 0
65.0 0 0 0 0 0 0
70.0 0 0 0 0 0 0
75.0 0 0 0 0 0 0
80.0 0 0 0 0 0 0
85.0 0 0 0 0 0 0
90.0 0 0 0 0 0 0
95.0 0 0 0 0 0 0
100.0 0 0 0 0 0 0
105.0 0 0 0 0 0 0
110.0 0 0 0 0 0 0
115.0 0 0 0 0 0 0
120.0 0 0 0 0 0 0
125.0 0 0 0 0 0 0
130.0 0 0 0 0 0 0
135.0 0 0 0 0 0 0
140.0 0 0 0 0 0 0
145.0 0 0 0 0 0 0
150.0 0 0 0 0 0 0
155.0 0 0 0 0 0 0
160.0 0 0 0 0 0 0
165.0 0 0 0 0 0 0
170.0 0 0 0 0 0 0
175.0 0 0 0 0 0 0
180.0 0 0 0 0 0 0
185.0 0 0 0 0 0 0
190.0 0 0 0 0 0 0
195.0 0 0 0 0 0 0
200.0 0 0 0 0 0 0
205.0 0 0 0 0 0 0
210.0 0 0 0 0 0 0
215.0 0 0 0 0 0 0
220.0 0 0 0 0 0 0
225.0 0 0 0 0 0 0
230.0 0 0 0 0 0 0
235.0 0 0 0 0 0 0
240.0 0 0 1 0 0 1
245.0 0 0 1 0 0 1
250.0 0 0 1 0 0 1
255.0 0 0 1 0 0 1
260.0 0 0 1 0 0 1
265.0 0 0 1 0 0 1
270.0 0 1 0 0 0 1
275.0 0 1 0 0 0 1
280.0 0 1 0 0 0 1
285.0 0 1 0 0 0 1
290.0 0 1 0 0 0 1
295.0 0 1 0 0 0 1
300.0 0 1 0 0 0 1
305.0 0 0 0 0 0 0
310.0 0 0 0 0 0 0
315.0 0 0 0 0 0 0
320.0 0 1 0 0 0 1
325.0 1 1 0 0 0 2
330.0 1 1 0 0 0 2
335.0 1 1 0 0 0 2
340.0 1 1 1 0 0 3
345.0 1 0 2 0 0 3
350.0 0 1 2 0 0 3
355.0 0 1 2 0 0 3
360.0 2 1 2 0 0 5
365.0 2 1 2 0 0 5
370.0 2 1 2 0 0 5
375.0 2 2 1 0 0 5
380.0 2 2 1 0 0 5
385.0 2 2 1 0 0 5
390.0 1 2 1 1 1 6
395.0 2 1 0 1 1 5
400.0 2 1 0 1 1 5
405.0 2 1 1 1 1 6
410.0 3 1 1 2 1 8
415.0 4 2 2 2 1 11
420.0 3 3 2 1 1 10
425.0 4 2 3 1 1 11
430.0 4 3 3 2 1 13
435.0 4 5 6 2 1 18
440.0 4 5 8 1 1 19
445.0 3 6 8 2 1 20
450.0 2 7 7 3 1 20
455.0 2 7 7 3 1 20
460.0 4 7 8 3 1 23
465.0 4 10 9 3 1 27
470.0 5 11 9 2 1 28
475.0 5 9 10 2 2 28
480.0 7 9 10 2 3 31
485.0 9 9 9 3 3 33
490.0 9 8 9 3 3 32
495.0 9 7 11 5 3 35
500.0 7 8 14 5 3 37
505.0 7 6 17 8 3 41
510.0 8 5 19 8 3 43
515.0 8 5 18 8 3 42
520.0 8 6 14 7 4 39
525.0 8 7 17 5 4 41
530.0 11 8 15 3 5 42
535.0 13 10 17 2 4 46
540.0 14 9 19 2 4 48
545.0 12 9 19 3 4 47
550.0 12 10 21 2 5 50
555.0 13 15 21 5 3 57
560.0 17 20 19 7 4 67
565.0 18 19 22 8 3 70
570.0 17 19 22 10 3 71
575.0 18 20 20 9 3 70
580.0 16 22 19 11 2 70
585.0 14 22 21 10 2 69
590.0 13 19 24 12 2 70
595.0 14 16 23 9 2 64
600.0 19 20 22 9 1 71
605.0 20 17 21 10 2 70
610.0 22 18 22 11 2 75
615.0 21 20 21 10 3 75
620.0 22 19 21 8 4 74
625.0 29 18 19 9 4 79
630.0 29 18 21 9 5 82
635.0 30 19 23 9 4 85
640.0 26 18 27 9 4 84
645.0 19 17 27 10 4 77
650.0 18 17 28 9 3 75
655.0 16 17 27 9 3 72
660.0 17 14 25 9 5 70
665.0 15 13 23 9 5 65
670.0 15 11 26 11 6 69
675.0 13 13 22 12 5 65
680.0 16 13 23 12 5 69
685.0 14 13 21 11 7 66
690.0 13 14 22 13 8 70
695.0 18 14 18 12 8 70
700.0 16 12 19 13 9 69
705.0 17 15 17 10 9 68
710.0 16 15 17 11 8 67
715.0 13 16 15 10 8 62
720.0 16 13 16 10 8 63
725.0 16 12 21 9 9 67
730.0 16 14 20 5 8 63
735.0 17 14 21 3 7 62
740.0 16 18 21 3 7 65
745.0 17 18 19 4 7 65
750.0 18 17 15 4 7 61
755.0 16 16 14 4 8 58
760.0 15 17 14 4 7 57
765.0 17 15 14 4 6 56
770.0 19 13 13 6 5 56
775.0 16 11 13 6 5 51
780.0 16 10 17 5 2 50
785.0 17 10 15 6 2 50
790.0 16 10 16 5 2 49
795.0 20 9 14 5 7 55
800.0 20 10 13 9 7 59
805.0 16 11 14 12 7 60
810.0 15 12 12 15 8 62
815.0 14 14 12 15 9 64
820.0 14 13 12 15 9 63
825.0 13 16 15 13 9 66
830.0 14 16 14 12 10 66
835.0 15 15 14 11 10 65
840.0 16 14 16 12 10 68
845.0 19 13 16 10 9 67
850.0 16 12 17 11 9 65
855.0 16 14 13 12 9 64
860.0 15 11 16 15 7 64
865.0 14 12 18 15 7 66
870.0 15 12 18 15 5 65
875.0 14 17 17 16 5 69
880.0 14 16 19 17 5 71
885.0 16 16 20 14 5 71
890.0 16 15 22 14 7 74
895.0 19 17 17 11 7 71
900.0 19 15 18 13 7 72
905.0 22 14 18 12 10 76
910.0 24 16 17 13 10 80
915.0 23 17 20 11 10 81
920.0 24 18 18 11 10 81
925.0 22 19 18 6 8 73
930.0 22 16 22 4 6 70
935.0 22 13 21 5 7 68
940.0 21 12 19 6 6 64
945.0 19 12 20 6 6 63
950.0 18 16 19 7 5 65
955.0 14 16 20 8 4 62
960.0 15 16 18 8 5 62
965.0 17 19 18 8 5 67
970.0 18 20 20 10 5 73
975.0 16 18 23 9 5 71
980.0 15 19 20 7 6 67
985.0 11 17 19 9 5 61
990.0 13 14 20 8 5 60
995.0 13 16 20 7 4 60
1000.0 14 18 22 6 3 63
1005.0 13 22 21 7 3 66
1010.0 13 24 22 6 2 67
1015.0 13 24 21 9 3 70
1020.0 15 22 19 9 3 68
1025.0 13 20 21 10 3 67
1030.0 11 22 22 14 4 73
1035.0 12 21 21 13 5 72
1040.0 14 17 23 11 6 71
1045.0 13 15 24 12 6 70
1050.0 13 16 22 12 7 70
1055.0 10 16 21 10 6 63
1060.0 13 20 24 10 5 72
1065.0 15 22 22 11 4 74
1070.0 18 19 26 10 3 76
1075.0 19 21 25 9 3 77
1080.0 22 18 24 7 3 74
1085.0 21 17 22 11 4 75
1090.0 21 20 20 11 5 77
1095.0 22 21 23 12 4 82
1100.0 20 21 23 12 6 82
1105.0 19 19 25 13 6 82
1110.0 18 19 26 13 6 82
1115.0 18 18 25 13 6 80
1120.0 22 15 24 13 5 79
1125.0 23 16 20 12 7 78
1130.0 24 22 23 9 6 84
1135.0 22 24 22 10 5 83
1140.0 23 25 22 9 5 84
1145.0 26 24 25 7 5 87
1150.0 24 22 26 10 5 87
1155.0 24 27 23 10 5 89
1160.0 24 26 22 12 6 90
1165.0 23 24 25 11 8 91
1170.0 21 25 27 9 8 90
1175.0 23 23 26 8 8 88
1180.0 18 23 26 7 7 81
1185.0 17 22 29 7 8 83
1190.0 11 19 27 9 7 73
1195.0 9 17 27 10 7 70
1200.0 9 16 26 10 8 69
1205.0 10 14 22 10 8 64
1210.0 13 15 18 7 7 60
1215.0 13 14 16 3 6 52
1220.0 13 15 16 2 6 52
1225.0 14 14 13 3 6 50
1230.0 14 13 14 3 5 49
1235.0 11 13 14 5 6 49
1240.0 10 10 16 6 5 47
1245.0 10 11 16 4 4 45
1250.0 9 12 16 4 5 46
1255.0 8 11 14 4 5 42
1260.0 11 10 10 3 5 39
1265.0 10 8 9 3 5 35
1270.0 10 5 9 3 4 31
1275.0 9 5 9 2 4 29
1280.0 6 6 7 4 3 26
1285.0 5 6 6 2 3 22
1290.0 6 3 6 0 1 16
1295.0 6 4 5 0 1 16
1300.0 6 3 4 0 1 14
1305.0 5 3 2 1 1 12
1310.0 5 2 2 1 2 12
1315.0 5 2 2 1 2 12
1320.0 2 2 2 1 1 8
1325.0 1 2 2 1 1 7
1330.0 0 2 2 1 1 6
1335.0 0 2 2 1 1 6
1340.0 0 0 2 0 1 3
1345.0 1 0 1 0 1 3
1350.0 0 0 0 0 1 1
1355.0 0 0 0 0 1 1
1360.0 0 0 0 1 1 2
1365.0 0 0 0 1 0 1
1370.0 0 0 0 0 0 0
1375.0 0 0 0 0 0 0
1380.0 0 0 0 0 0 0
1385.0 0 0 0 0 0 0
1390.0 0 0 0 0 0 0
1395.0 0 0 0 0 0 0
1400.0 0 0 0 0 0 0
1405.0 0 0 0 0 0 0
1410.0 0 0 0 0 0 0
1415.0 0 0 0 0 0 0
1420.0 0 0 0 0 0 0
1425.0 0 0 0 0 0 0
1430.0 0 0 0 0 0 0
1435.0 0 0 0 0 0 0
