5.0 0 0 0 0 0 0
10.0 0 0 0 0 0 0
15.0 0 0 0 0 0 0
20.0 0 0 0 0 0 0
25.0 0 0 0 0 0 0
30.0 0 0 0 0 0 0
35.0 0 0 0 0 0 0
40.0 0 0 0 0 0 0
45.0 0 0 0 0 0 0
50.0 0 0 0 0 0 0
55.0 0 0 0 0 0 0
60.0 0 0 0 0 0 0
65.0 0 0 0 0 0 0
70.0 0 0 0 0 0 0
75.0 0 0 0 0 0 0
80.0 0 0 0 0 0 0
85.0 0 0 0 0 0 0
90.0 0 0 0 0 0 0
95.0 0 0 0 0 0 0
100.0 0 0 0 0 0 0
105.0 0 0 0 0 0 0
110.0 0 0 0 0 0 0
115.0 0 0 0 0 0 0
120.0 0 0 0 0 0 0
125.0 0 0 0 0 0 0
130.0 0 0 0 0 0 0
135.0 0 0 0 0 0 0
140.0 0 0 0 0 0 0
145.0 0 0 0 0 0 0
150.0 0 0 0 0 0 0
155.0 0 0 0 0 0 0
160.0 0 0 0 0 0 0
165.0 0 0 0 0 0 0
170.0 0 0 0 0 0 0
175.0 0 0 0 0 0 0
180.0 0 0 0 0 0 0
185.0 0 0 0 0 0 0
190.0 0 0 0 0 0 0
195.0 0 0 0 0 0 0
200.0 0 0 0 0 0 0
205.0 0 0 0 0 0 0
210.0 0 0 0 0 0 0
215.0 0 0 0 0 0 0
220.0 0 0 0 0 0 0
225.0 0 0 0 0 0 0
230.0 0 0 0 0 0 0
235.0 0 0 0 0 0 0
240.0 0 0 0 0 0 0
245.0 0 0 0 0 0 0
250.0 0 0 0 0 0 0
255.0 0 0 0 0 0 0
260.0 0 0 0 0 0 0
265.0 0 0 1 0 0 1
270.0 0 0 1 0 0 1
275.0 0 0 1 0 0 1
280.0 0 0 1 0 0 1
285.0 0 0 1 0 0 1
290.0 0 0 1 0 0 1
295.0 0 2 1 1 0 4
300.0 1 2 2 1 0 6
305.0 1 3 2 0 0 6
310.0 2 3 2 0 0 7
315.0 2 2 1 0 0 5
320.0 2 1 2 0 0 5
325.0 2 1 2 0 1 6
330.0 2 1 2 0 1 6
335.0 2 2 2 0 1 7
340.0 2 2 3 0 1 8
345.0 4 2 4 0 1 11
350.0 3 2 5 0 1 11
355.0 4 2 5 1 1 13
360.0 4 3 4 1 1 13
365.0 5 3 3 1 1 13
370.0 5 3 3 1 1 13
375.0 6 4 4 1 1 16
380.0 4 5 5 1 1 16
385.0 6 3 4 1 1 15
390.0 4 2 6 2 1 15
395.0 2 2 5 2 1 12
400.0 2 3 5 2 2 14
405.0 3 3 7 3 3 19
410.0 6 5 6 5 4 26
415.0 7 8 9 5 4 33
420.0 9 10 8 6 4 37
425.0 11 10 10 7 4 42
430.0 11 12 11 6 4 44
435.0 12 11 13 5 4 45
440.0 11 10 17 5 4 47
445.0 13 8 20 8 5 54
450.0 14 13 18 7 4 56
455.0 18 14 23 9 5 69
460.0 17 11 30 12 5 75
465.0 15 16 31 12 5 79
470.0 16 15 32 15 7 85
475.0 23 18 29 15 6 91
480.0 23 16 27 16 9 91
485.0 21 17 30 16 9 93
490.0 19 20 33 15 11 98
495.0 21 19 35 14 12 101
500.0 22 20 34 13 12 101
505.0 25 23 34 12 13 107
510.0 29 30 37 12 14 122
515.0 28 34 45 10 16 133
520.0 25 33 51 11 19 139
525.0 28 35 50 13 22 148
530.0 30 35 46 14 22 147
535.0 32 34 53 17 22 158
540.0 34 39 55 16 22 166
545.0 30 38 63 19 21 171
550.0 31 41 68 20 19 179
555.0 42 47 70 21 20 200
560.0 49 48 71 25 20 213
565.0 49 49 72 28 19 217
570.0 48 50 71 29 17 215
575.0 53 51 63 31 15 213
580.0 54 59 69 30 13 225
585.0 46 66 64 34 16 226
590.0 49 69 68 33 18 237
595.0 54 75 67 30 18 244
600.0 46 76 71 25 19 237
605.0 47 76 77 23 17 240
610.0 48 71 79 26 18 242
615.0 49 67 84 26 16 242
620.0 51 69 91 28 18 257
625.0 51 61 88 30 19 249
630.0 55 60 89 26 20 250
635.0 57 56 87 25 24 249
640.0 56 61 85 29 25 256
645.0 56 62 81 32 25 256
650.0 53 62 78 31 28 252
655.0 51 59 74 33 31 248
660.0 49 56 72 35 32 244
665.0 56 52 67 42 32 249
670.0 57 47 64 38 33 239
675.0 49 57 64 43 27 240
680.0 58 56 62 42 24 242
685.0 56 54 59 46 21 236
690.0 64 52 54 46 22 238
695.0 63 52 59 47 24 245
700.0 63 58 60 43 24 248
705.0 60 58 56 43 26 243
710.0 56 58 59 41 25 239
715.0 51 58 63 38 26 236
720.0 45 58 63 40 24 230
725.0 43 55 61 41 22 222
730.0 42 51 59 40 23 215
735.0 39 45 61 37 23 205
740.0 37 44 54 39 23 197
745.0 37 47 57 35 22 198
750.0 39 45 59 34 23 200
755.0 41 41 61 29 24 196
760.0 37 41 60 26 25 189
765.0 37 46 55 24 24 186
770.0 43 54 51 22 21 191
775.0 43 57 47 27 23 197
780.0 45 52 52 26 22 197
785.0 46 53 55 24 25 203
790.0 46 56 53 22 24 201
795.0 41 52 60 20 25 198
800.0 39 51 63 20 27 200
805.0 35 47 69 22 28 201
810.0 26 51 66 23 27 193
815.0 29 50 60 23 28 190
820.0 33 56 56 24 28 197
825.0 33 61 51 20 33 198
830.0 37 57 57 19 31 201
835.0 37 51 58 21 32 199
840.0 36 55 59 24 33 207
845.0 40 54 56 24 32 206
850.0 41 51 60 25 32 209
855.0 41 54 53 26 29 203
860.0 41 50 51 31 29 202
865.0 36 48 46 33 28 191
870.0 35 57 46 29 28 195
875.0 39 58 43 30 28 198
880.0 44 57 45 28 27 201
885.0 45 54 46 30 27 202
890.0 47 59 54 27 26 213
895.0 40 57 58 33 23 211
900.0 40 61 56 33 21 211
905.0 49 61 54 29 25 218
910.0 51 63 57 29 26 226
915.0 54 63 55 28 27 227
920.0 54 64 67 29 25 239
925.0 56 63 71 32 24 246
930.0 63 58 70 29 24 244
935.0 68 66 66 27 27 254
940.0 71 67 67 25 27 257
945.0 74 65 65 30 26 260
950.0 65 64 65 32 30 256
955.0 67 66 63 35 28 259
960.0 66 68 59 38 26 257
965.0 61 72 61 37 27 258
970.0 53 65 70 37 29 254
975.0 46 74 72 39 27 258
980.0 42 80 69 41 25 257
985.0 44 82 76 41 27 270
990.0 43 84 78 39 26 270
995.0 39 86 71 39 27 262
1000.0 48 81 72 31 26 258
1005.0 49 79 77 25 27 257
1010.0 49 80 80 22 27 258
1015.0 44 78 81 24 27 254
1020.0 47 72 86 31 30 266
1025.0 50 72 86 33 29 270
1030.0 50 74 85 32 31 272
1035.0 52 70 88 33 29 272
1040.0 55 64 87 32 28 266
1045.0 59 70 79 33 26 267
1050.0 57 70 81 32 26 266
1055.0 59 70 87 33 27 276
1060.0 59 66 87 38 27 277
1065.0 63 68 89 38 28 286
1070.0 59 70 91 39 26 285
1075.0 65 76 87 36 26 290
1080.0 64 80 83 33 25 285
1085.0 66 78 86 36 27 293
1090.0 63 79 90 41 25 298
1095.0 60 77 91 46 21 295
1100.0 63 76 86 48 19 292
1105.0 67 69 79 46 20 281
1110.0 65 67 86 43 22 283
1115.0 66 60 90 46 21 283
1120.0 70 62 99 49 18 298
1125.0 70 61 97 45 21 294
1130.0 72 62 98 39 23 294
1135.0 75 70 92 40 23 300
1140.0 78 62 83 38 22 283
1145.0 73 74 79 40 22 288
1150.0 64 73 75 43 22 277
1155.0 68 77 73 44 22 284
1160.0 71 81 75 36 23 286
1165.0 64 88 68 36 23 279
1170.0 68 99 67 30 21 285
1175.0 60 101 69 31 22 283
1180.0 65 83 68 24 23 263
1185.0 61 78 77 27 26 269
1190.0 51 77 79 28 23 258
1195.0 45 76 83 30 24 258
1200.0 36 72 84 31 22 245
1205.0 40 59 79 31 21 230
1210.0 36 52 77 30 18 213
1215.0 32 51 68 32 20 203
1220.0 36 49 67 31 16 199
1225.0 34 51 63 31 16 195
1230.0 36 46 65 30 20 197
1235.0 39 45 54 27 20 185
1240.0 37 50 48 24 16 175
1245.0 29 42 44 26 13 154
1250.0 31 35 39 26 13 144
1255.0 29 33 34 21 13 130
1260.0 28 32 35 20 11 126
1265.0 29 29 37 20 10 125
1270.0 22 26 31 16 12 107
1275.0 20 29 29 15 10 103
1280.0 19 24 27 15 10 95
1285.0 19 19 27 17 9 91
1290.0 15 17 24 16 8 80
1295.0 18 16 21 17 9 81
1300.0 19 14 19 15 7 74
1305.0 20 14 14 11 7 66
1310.0 8 13 14 10 6 51
1315.0 7 13 13 11 4 48
1320.0 6 13 11 8 3 41
1325.0 7 11 9 4 2 33
1330.0 5 9 9 3 2 28
1335.0 4 7 5 3 2 21
1340.0 2 6 3 3 2 16
1345.0 2 7 2 2 2 15
1350.0 2 4 2 1 2 11
1355.0 2 3 3 1 2 11
1360.0 3 2 4 3 2 14
1365.0 3 0 4 3 1 11
1370.0 3 2 3 3 1 12
1375.0 3 3 4 2 2 14
1380.0 2 4 4 3 1 14
1385.0 2 4 2 2 1 11
1390.0 1 3 1 2 1 8
1395.0 1 3 2 2 0 8
1400.0 1 2 2 2 0 7
1405.0 1 1 2 2 0 6
1410.0 1 1 1 1 0 4
1415.0 1 1 1 1 0 4
1420.0 1 1 1 0 0 3
1425.0 1 1 1 0 0 3
1430.0 1 1 1 0 0 3
1435.0 1 1 0 0 0 2
