5.0 0 0 0 0 0 0
10.0 0 0 0 0 0 0
15.0 0 0 0 0 0 0
20.0 0 0 0 0 0 0
25.0 0 0 0 0 0 0
30.0 0 0 0 0 0 0
35.0 0 0 0 0 0 0
40.0 0 0 0 0 0 0
45.0 0 0 0 0 0 0
50.0 0 0 0 0 0 0
55.0 0 0 0 0 0 0
60.0 0 0 0 0 0 0
65.0 0 0 0 0 0 0
70.0 0 0 0 0 0 0
75.0 0 0 0 0 0 0
80.0 0 0 0 0 0 0
85.0 0 0 0 0 0 0
90.0 0 0 0 0 0 0
95.0 0 0 0 0 0 0
100.0 0 0 0 0 0 0
105.0 0 0 0 0 0 0
110.0 0 0 0 0 0 0
115.0 0 0 0 0 0 0
120.0 0 0 0 0 0 0
125.0 0 0 0 0 0 0
130.0 0 0 0 0 0 0
135.0 0 0 0 0 0 0
140.0 0 0 0 0 0 0
145.0 0 0 0 0 0 0
150.0 0 0 0 0 0 0
155.0 0 0 0 0 0 0
160.0 0 0 0 0 0 0
165.0 0 0 0 0 0 0
170.0 0 0 0 0 0 0
175.0 0 0 0 0 0 0
180.0 0 0 0 0 0 0
185.0 0 0 0 0 0 0
190.0 0 0 0 0 0 0
195.0 0 0 0 0 0 0
200.0 0 0 0 0 0 0
205.0 0 0 0 0 0 0
210.0 0 0 0 0 0 0
215.0 0 0 0 0 0 0
220.0 0 0 0 0 0 0
225.0 0 0 0 0 0 0
230.0 0 0 0 0 0 0
235.0 0 0 0 0 0 0
240.0 0 0 0 0 0 0
245.0 0 0 0 0 0 0
250.0 0 0 0 0 0 0
255.0 0 0 0 0 0 0
260.0 0 0 0 0 0 0
265.0 0 0 0 0 0 0
270.0 0 0 0 0 0 0
275.0 0 0 0 0 0 0
280.0 0 0 0 0 0 0
285.0 0 0 1 0 0 1
290.0 0 0 1 0 0 1
295.0 0 0 1 0 0 1
300.0 0 0 1 0 0 1
305.0 1 0 1 0 0 2
310.0 1 0 1 0 0 2
315.0 1 0 2 0 0 3
320.0 2 0 2 0 0 4
325.0 2 0 2 0 0 4
330.0 0 1 2 0 0 3
335.0 0 1 2 0 0 3
340.0 1 1 2 0 0 4
345.0 1 2 3 0 1 7
350.0 1 4 3 0 1 9
355.0 1 5 3 0 1 10
360.0 1 5 3 0 1 10
365.0 1 7 3 0 1 12
370.0 1 7 4 0 1 13
375.0 2 7 4 0 2 15
380.0 2 6 7 0 2 17
385.0 3 6 8 0 2 19
390.0 3 6 9 2 4 24
395.0 5 7 10 2 4 28
400.0 7 5 9 2 5 28
405.0 7 5 7 2 5 26
410.0 8 4 8 1 5 26
415.0 10 6 8 1 5 30
420.0 9 7 10 2 6 34
425.0 9 8 11 2 7 37
430.0 12 11 14 2 7 46
435.0 11 11 15 2 9 48
440.0 11 14 19 2 10 56
445.0 12 15 14 4 10 55
450.0 11 15 16 4 11 57
455.0 12 19 16 7 11 65
460.0 13 21 16 8 11 69
465.0 13 21 15 9 13 71
470.0 15 24 18 10 13 80
475.0 19 21 23 9 11 83
480.0 19 20 25 11 12 87
485.0 23 19 31 7 11 91
490.0 24 22 36 9 10 101
495.0 24 24 41 10 11 110
500.0 23 22 42 13 13 113
505.0 19 22 42 13 13 109
510.0 22 21 48 18 13 122
515.0 23 23 45 16 13 120
520.0 28 28 53 16 13 138
525.0 30 37 47 18 14 146
530.0 32 43 54 21 13 163
535.0 32 40 59 20 15 166
540.0 36 43 60 21 16 176
545.0 36 44 65 22 16 183
550.0 42 45 65 22 16 190
555.0 42 52 63 22 15 194
560.0 43 50 69 23 17 202
565.0 48 57 74 28 16 223
570.0 55 58 71 27 16 227
575.0 58 57 70 28 14 227
580.0 60 62 68 27 14 231
585.0 58 61 72 30 14 235
590.0 56 58 71 30 15 230
595.0 54 65 76 30 16 241
600.0 53 62 79 34 14 242
605.0 52 57 79 34 14 236
610.0 55 53 78 35 14 235
615.0 58 54 80 40 15 247
620.0 52 56 81 44 12 245
625.0 50 62 70 40 13 235
630.0 42 64 72 40 13 231
635.0 53 61 76 40 15 245
640.0 58 59 81 41 17 256
645.0 56 60 78 40 20 254
650.0 58 59 72 31 22 242
655.0 57 59 75 28 20 239
660.0 60 58 77 29 21 245
665.0 55 58 73 31 22 239
670.0 56 58 68 30 22 234
675.0 53 57 73 31 23 237
680.0 53 56 74 34 21 238
685.0 50 54 71 33 23 231
690.0 48 56 68 34 20 226
695.0 46 55 60 31 22 214
700.0 47 50 58 28 19 202
705.0 50 52 56 29 16 203
710.0 46 51 53 30 17 197
715.0 42 48 53 34 19 196
720.0 37 48 57 32 19 193
725.0 36 53 56 33 18 196
730.0 36 52 55 31 18 192
735.0 41 52 52 28 18 191
740.0 46 50 53 27 17 193
745.0 40 55 54 29 17 195
750.0 45 53 49 29 18 194
755.0 39 53 54 26 20 192
760.0 45 43 56 26 18 188
765.0 45 43 58 25 18 189
770.0 39 45 61 31 22 198
775.0 42 45 63 31 19 200
780.0 43 47 63 33 19 205
785.0 43 42 63 35 19 202
790.0 47 44 58 33 20 202
795.0 48 41 58 31 20 198
800.0 46 43 65 30 24 208
805.0 44 50 62 29 20 205
810.0 45 50 68 29 22 214
815.0 44 46 70 29 24 213
820.0 42 44 73 32 21 212
825.0 41 43 67 34 21 206
830.0 42 44 63 31 21 201
835.0 48 46 65 29 20 208
840.0 45 48 61 26 23 203
845.0 49 43 68 22 24 206
850.0 49 43 68 22 25 207
855.0 51 42 65 28 27 213
860.0 49 44 65 27 26 211
865.0 55 54 65 25 26 225
870.0 60 56 67 24 24 231
875.0 63 60 69 22 26 240
880.0 60 66 67 25 29 247
885.0 63 65 63 24 29 244
890.0 69 65 66 24 29 253
895.0 72 65 67 28 28 260
900.0 69 61 68 28 30 256
905.0 73 62 66 28 30 259
910.0 69 59 64 29 26 247
915.0 71 62 70 34 28 265
920.0 71 61 66 34 27 259
925.0 69 73 66 27 26 261
930.0 58 73 66 29 26 252
935.0 63 68 63 24 25 243
940.0 64 62 70 26 26 248
945.0 61 60 70 28 25 244
950.0 62 57 70 31 27 247
955.0 55 60 71 33 24 243
960.0 55 66 72 35 22 250
965.0 55 67 63 37 23 245
970.0 55 69 61 37 25 247
975.0 60 68 56 41 23 248
980.0 60 71 52 41 23 247
985.0 58 66 53 39 21 237
990.0 53 60 60 41 22 236
995.0 56 61 64 39 23 243
1000.0 56 51 73 33 25 238
1005.0 54 50 71 29 26 230
1010.0 53 52 70 35 25 235
1015.0 56 52 74 32 24 238
1020.0 54 60 80 33 24 251
1025.0 55 69 77 32 26 259
1030.0 51 80 84 38 27 280
1035.0 60 73 80 34 30 277
1040.0 63 68 82 35 27 275
1045.0 62 69 75 36 29 271
1050.0 59 67 77 40 25 268
1055.0 58 65 72 42 25 262
1060.0 51 68 75 41 27 262
1065.0 53 69 78 39 27 266
1070.0 64 67 82 34 28 275
1075.0 65 67 86 36 29 283
1080.0 69 66 90 38 28 291
1085.0 58 66 86 42 30 282
1090.0 61 66 92 44 29 292
1095.0 64 67 89 47 29 296
1100.0 63 69 90 46 30 298
1105.0 66 64 95 41 30 296
1110.0 69 66 96 46 32 309
1115.0 70 67 84 45 34 300
1120.0 65 74 84 47 35 305
1125.0 79 66 88 48 35 316
1130.0 78 71 83 44 35 311
1135.0 73 71 80 51 33 308
1140.0 65 72 79 45 32 293
1145.0 64 71 81 46 29 291
1150.0 62 66 84 45 33 290
1155.0 62 67 87 43 35 294
1160.0 60 71 82 45 30 288
1165.0 59 61 85 47 27 279
1170.0 59 63 84 45 26 277
1175.0 58 56 80 44 26 264
1180.0 55 61 82 42 23 263
1185.0 52 67 83 38 21 261
1190.0 47 63 84 42 18 254
1195.0 49 59 82 36 21 247
1200.0 47 54 85 28 21 235
1205.0 41 53 83 27 19 223
1210.0 39 52 78 31 20 220
1215.0 38 50 65 29 23 205
1220.0 45 44 70 28 22 209
1225.0 47 48 64 24 20 203
1230.0 46 47 57 25 19 194
1235.0 39 42 51 26 18 176
1240.0 35 35 47 26 18 161
1245.0 34 32 44 24 16 150
1250.0 28 33 36 23 17 137
1255.0 31 32 32 24 15 134
1260.0 26 23 29 23 15 116
1265.0 22 24 29 25 13 113
1270.0 19 25 21 21 12 98
1275.0 18 25 21 21 12 97
1280.0 17 22 24 15 11 89
1285.0 15 20 21 16 13 85
1290.0 14 18 20 10 12 74
1295.0 12 15 16 9 11 63
1300.0 11 10 18 11 9 59
1305.0 10 10 15 11 8 54
1310.0 10 11 15 10 8 54
1315.0 11 9 13 10 8 51
1320.0 14 9 10 5 8 46
1325.0 14 9 9 5 5 42
1330.0 14 6 8 5 5 38
1335.0 9 5 8 4 5 31
1340.0 9 4 6 4 3 26
1345.0 9 5 6 3 2 25
1350.0 7 3 5 3 1 19
1355.0 5 3 2 3 2 15
1360.0 2 4 2 2 2 12
1365.0 2 2 1 2 1 8
1370.0 3 3 1 2 1 10
1375.0 2 3 1 1 1 8
1380.0 2 2 2 0 0 6
1385.0 2 1 2 0 0 5
1390.0 2 0 2 0 0 4
1395.0 1 0 3 0 0 4
1400.0 2 0 3 0 0 5
1405.0 1 1 2 0 0 4
1410.0 1 2 2 0 0 5
1415.0 1 2 1 0 0 4
1420.0 1 1 1 0 0 3
1425.0 1 1 1 0 0 3
1430.0 0 1 1 0 0 2
1435.0 0 1 1 0 0 2
