5.0 0 0 0 0 0 0
10.0 0 0 0 0 0 0
15.0 0 0 0 0 0 0
20.0 0 0 0 0 0 0
25.0 0 0 0 0 0 0
30.0 0 0 0 0 0 0
35.0 0 0 0 0 0 0
40.0 0 0 0 0 0 0
45.0 0 0 0 0 0 0
50.0 0 0 0 0 0 0
55.0 0 0 0 0 0 0
60.0 0 0 0 0 0 0
65.0 0 0 0 0 0 0
70.0 0 0 0 0 0 0
75.0 0 0 0 0 0 0
80.0 0 0 0 0 0 0
85.0 0 0 0 0 0 0
90.0 0 0 0 0 0 0
95.0 0 0 0 0 0 0
100.0 0 0 0 0 0 0
105.0 0 0 0 0 0 0
110.0 0 0 0 0 0 0
115.0 0 0 0 0 0 0
120.0 0 0 0 0 0 0
125.0 0 0 0 0 0 0
130.0 0 0 0 0 0 0
135.0 0 0 0 0 0 0
140.0 0 0 0 0 0 0
145.0 0 0 0 0 0 0
150.0 0 0 0 0 0 0
155.0 0 0 0 0 0 0
160.0 0 0 0 0 0 0
165.0 0 0 0 0 0 0
170.0 0 0 0 0 0 0
175.0 0 0 0 0 0 0
180.0 0 0 0 0 0 0
185.0 0 0 0 0 0 0
190.0 0 0 0 0 0 0
195.0 0 0 0 0 0 0
200.0 0 0 0 0 0 0
205.0 0 0 0 0 0 0
210.0 0 0 0 0 0 0
215.0 0 0 0 0 0 0
220.0 0 0 0 0 0 0
225.0 0 0 0 0 0 0
230.0 0 0 0 0 0 0
235.0 0 0 0 0 0 0
240.0 1 0 0 0 0 1
245.0 1 0 0 0 0 1
250.0 1 0 0 0 0 1
255.0 0 0 0 0 0 0
260.0 0 0 0 0 0 0
265.0 0 0 0 0 0 0
270.0 0 0 0 0 0 0
275.0 0 0 1 0 0 1
280.0 0 0 1 0 0 1
285.0 0 0 1 0 0 1
290.0 0 0 1 0 0 1
295.0 1 0 1 0 0 2
300.0 1 1 2 0 0 4
305.0 1 1 2 1 0 5
310.0 2 0 2 1 0 5
315.0 2 0 2 1 0 5
320.0 1 0 2 1 1 5
325.0 1 0 2 1 1 5
330.0 1 1 1 1 1 5
335.0 1 1 3 1 1 7
340.0 2 3 2 1 1 9
345.0 2 3 2 1 1 9
350.0 3 4 2 1 1 11
355.0 3 4 1 1 1 10
360.0 5 5 1 2 1 14
365.0 4 3 2 4 1 14
370.0 4 3 2 4 2 15
375.0 3 3 3 3 2 14
380.0 2 4 7 3 2 18
385.0 3 3 9 3 2 20
390.0 3 4 9 2 2 20
395.0 3 4 8 2 2 19
400.0 7 4 10 2 2 25
405.0 7 4 12 3 3 29
410.0 9 6 14 3 3 35
415.0 12 8 16 3 5 44
420.0 12 10 15 4 5 46
425.0 10 12 17 5 6 50
430.0 14 13 16 6 6 55
435.0 18 8 20 9 7 62
440.0 16 10 22 9 7 64
445.0 17 11 23 10 8 69
450.0 18 15 22 9 8 72
455.0 17 17 26 8 9 77
460.0 18 16 28 10 10 82
465.0 18 16 32 9 9 84
470.0 22 18 30 8 9 87
475.0 20 20 33 9 10 92
480.0 20 24 37 7 10 98
485.0 17 23 48 9 10 107
490.0 16 25 41 11 10 103
495.0 21 28 41 10 10 110
500.0 20 26 43 11 12 112
505.0 24 28 45 10 13 120
510.0 27 29 45 12 15 128
515.0 32 33 43 12 15 135
520.0 34 33 44 14 18 143
525.0 34 36 58 11 19 158
530.0 39 39 57 10 19 164
535.0 41 49 52 11 18 171
540.0 40 54 57 10 21 182
545.0 38 51 66 19 20 194
550.0 35 50 72 20 20 197
555.0 34 49 70 25 20 198
560.0 33 50 72 28 19 202
565.0 40 49 65 32 19 205
570.0 43 46 61 36 19 205
575.0 40 52 58 37 19 206
580.0 46 55 59 32 18 210
585.0 46 51 61 35 20 213
590.0 47 53 66 36 21 223
595.0 48 49 79 34 23 233
600.0 55 52 75 34 24 240
605.0 58 54 81 27 24 244
610.0 57 60 75 30 26 248
615.0 58 67 72 32 26 255
620.0 55 65 71 34 29 254
625.0 54 60 72 34 29 249
630.0 56 59 76 33 26 250
635.0 55 65 75 35 25 255
640.0 58 70 73 36 23 260
645.0 51 73 72 38 23 257
650.0 51 73 75 37 24 260
655.0 54 74 73 34 23 258
660.0 46 67 77 35 22 247
665.0 49 63 75 38 23 248
670.0 51 60 76 38 21 246
675.0 58 57 70 38 23 246
680.0 56 59 70 37 25 247
685.0 52 55 73 39 27 246
690.0 46 55 75 38 30 244
695.0 50 55 63 36 27 231
700.0 48 57 65 31 19 220
705.0 52 57 67 31 19 226
710.0 53 57 62 32 20 224
715.0 50 59 57 32 16 214
720.0 49 55 63 28 16 211
725.0 43 54 69 27 16 209
730.0 39 55 62 24 16 196
735.0 48 49 56 22 14 189
740.0 46 53 59 22 13 193
745.0 46 52 60 25 13 196
750.0 47 52 63 23 15 200
755.0 46 53 62 30 15 206
760.0 41 48 62 32 17 200
765.0 40 45 53 36 16 190
770.0 39 42 52 33 14 180
775.0 38 43 52 31 14 178
780.0 38 39 51 27 14 169
785.0 38 40 55 24 17 174
790.0 40 40 49 24 17 170
795.0 44 40 50 23 15 172
800.0 40 46 52 27 15 180
805.0 46 44 45 28 15 178
810.0 46 49 51 29 13 188
815.0 42 48 53 29 14 186
820.0 47 48 53 26 14 188
825.0 48 55 53 27 16 199
830.0 42 55 54 28 19 198
835.0 43 52 58 31 21 205
840.0 47 54 60 25 25 211
845.0 40 58 57 25 27 207
850.0 39 60 59 24 25 207
855.0 43 55 54 32 25 209
860.0 42 56 58 29 27 212
865.0 44 56 60 29 29 218
870.0 42 55 65 25 28 215
875.0 40 49 68 26 27 210
880.0 43 47 74 24 25 213
885.0 42 42 77 19 27 207
890.0 44 46 78 16 30 214
895.0 46 49 82 17 28 222
900.0 43 53 86 17 31 230
905.0 45 61 84 21 31 242
910.0 39 69 84 22 30 244
915.0 39 69 86 24 29 247
920.0 43 64 85 26 30 248
925.0 49 67 78 28 27 249
930.0 48 64 75 32 28 247
935.0 50 62 74 35 24 245
940.0 48 65 70 37 23 243
945.0 53 65 70 37 21 246
950.0 49 67 71 35 20 242
955.0 51 71 67 33 19 241
960.0 46 71 67 35 20 239
965.0 48 71 67 33 21 240
970.0 49 68 68 34 26 245
975.0 49 69 75 31 25 249
980.0 53 71 77 26 24 251
985.0 50 62 78 21 29 240
990.0 53 61 80 26 27 247
995.0 49 58 77 31 26 241
1000.0 49 60 79 30 26 244
1005.0 46 60 78 30 24 238
1010.0 45 62 84 32 26 249
1015.0 50 67 84 30 24 255
1020.0 47 68 83 30 25 253
1025.0 45 70 82 32 26 255
1030.0 49 63 82 32 26 252
1035.0 55 55 82 27 25 244
1040.0 61 56 80 24 23 244
1045.0 62 56 78 21 22 239
1050.0 62 56 83 23 26 250
1055.0 55 64 89 28 27 263
1060.0 53 64 85 30 24 256
1065.0 55 61 86 31 23 256
1070.0 59 60 87 30 24 260
1075.0 61 57 90 31 25 264
1080.0 62 57 92 29 24 264
1085.0 64 58 88 29 25 264
1090.0 54 59 76 33 24 246
1095.0 52 60 87 33 23 255
1100.0 57 59 90 29 24 259
1105.0 55 62 83 31 24 255
1110.0 57 51 87 30 24 249
1115.0 65 52 93 29 25 264
1120.0 68 58 97 30 25 278
1125.0 69 63 93 32 25 282
1130.0 66 69 85 34 26 280
1135.0 57 75 84 34 27 277
1140.0 59 77 84 39 30 289
1145.0 62 78 86 30 30 286
1150.0 62 78 80 34 29 283
1155.0 55 78 82 33 28 276
1160.0 53 68 83 31 30 265
1165.0 49 73 84 36 33 275
1170.0 53 76 81 40 33 283
1175.0 50 77 74 39 34 274
1180.0 54 70 70 41 34 269
1185.0 62 71 63 44 33 273
1190.0 60 71 59 41 36 267
1195.0 53 68 61 38 36 256
1200.0 45 64 60 36 35 240
1205.0 45 58 63 33 34 233
1210.0 44 56 57 34 32 223
1215.0 46 59 50 27 28 210
1220.0 48 54 51 27 27 207
1225.0 45 55 53 30 25 208
1230.0 39 52 56 30 23 200
1235.0 40 48 48 30 22 188
1240.0 37 44 39 25 24 169
1245.0 33 45 39 26 21 164
1250.0 31 40 33 23 21 148
1255.0 28 38 32 19 21 138
1260.0 24 36 29 17 19 125
1265.0 23 33 23 15 18 112
1270.0 22 30 19 14 16 101
1275.0 15 29 16 18 17 95
1280.0 15 25 13 18 16 87
1285.0 20 19 15 13 15 82
1290.0 22 16 17 12 14 81
1295.0 21 12 18 11 13 75
1300.0 20 13 20 9 12 74
1305.0 19 11 17 7 9 63
1310.0 14 12 11 8 7 52
1315.0 14 11 12 6 7 50
1320.0 11 10 10 9 8 48
1325.0 8 8 11 7 8 42
1330.0 2 9 11 9 6 37
1335.0 3 9 9 9 4 34
1340.0 4 6 6 7 4 27
1345.0 4 3 6 5 3 21
1350.0 4 3 3 6 3 19
1355.0 2 4 3 4 4 17
1360.0 3 4 3 4 2 16
1365.0 4 4 1 4 2 15
1370.0 3 3 3 3 1 13
1375.0 3 3 3 3 1 13
1380.0 3 1 3 3 0 10
1385.0 4 2 2 3 0 11
1390.0 4 1 2 3 0 10
1395.0 3 0 2 3 0 8
1400.0 3 1 2 2 0 8
1405.0 2 1 2 1 0 6
1410.0 0 1 2 2 0 5
1415.0 0 0 2 2 0 4
1420.0 0 0 1 2 0 3
1425.0 0 0 1 2 0 3
1430.0 0 0 1 2 0 3
1435.0 0 0 1 2 0 3
