5.0 0 0 0 0 0 0
10.0 0 0 0 0 0 0
15.0 0 0 0 0 0 0
20.0 0 0 0 0 0 0
25.0 0 0 0 0 0 0
30.0 0 0 0 0 0 0
35.0 0 0 0 0 0 0
40.0 0 0 0 0 0 0
45.0 0 0 0 0 0 0
50.0 0 0 0 0 0 0
55.0 0 0 0 0 0 0
60.0 0 0 0 0 0 0
65.0 0 0 0 0 0 0
70.0 0 0 0 0 0 0
75.0 0 0 0 0 0 0
80.0 0 0 0 0 0 0
85.0 0 0 0 0 0 0
90.0 0 0 0 0 0 0
95.0 0 0 0 0 0 0
100.0 0 0 0 0 0 0
105.0 0 0 0 0 0 0
110.0 0 0 0 0 0 0
115.0 0 0 0 0 0 0
120.0 0 0 0 0 0 0
125.0 0 0 0 0 0 0
130.0 0 0 0 0 0 0
135.0 0 0 0 0 0 0
140.0 0 0 0 0 0 0
145.0 0 0 0 0 0 0
150.0 0 0 0 0 0 0
155.0 0 0 0 0 0 0
160.0 0 0 0 0 0 0
165.0 0 0 0 0 0 0
170.0 0 0 0 0 0 0
175.0 0 0 0 0 0 0
180.0 0 0 0 0 0 0
185.0 0 0 0 0 0 0
190.0 0 0 0 0 0 0
195.0 0 0 0 0 0 0
200.0 0 0 0 0 0 0
205.0 0 0 0 0 0 0
210.0 0 0 0 0 0 0
215.0 0 0 0 0 0 0
220.0 0 0 0 0 0 0
225.0 0 0 0 0 0 0
230.0 0 0 0 0 0 0
235.0 0 0 0 0 0 0
240.0 0 0 0 0 0 0
245.0 0 0 0 0 0 0
250.0 0 0 0 0 0 0
255.0 0 0 0 0 0 0
260.0 0 0 0 0 0 0
265.0 0 0 0 0 0 0
270.0 0 0 0 0 0 0
275.0 0 0 0 0 0 0
280.0 1 0 0 0 0 1
285.0 1 0 0 0 0 1
290.0 1 0 1 0 0 2
295.0 1 0 1 0 0 2
300.0 1 0 2 0 0 3
305.0 1 0 2 0 0 3
310.0 1 0 2 0 0 3
315.0 2 0 2 0 0 4
320.0 2 0 3 0 0 5
325.0 2 1 3 0 0 6
330.0 3 1 3 0 0 7
335.0 3 1 3 0 0 7
340.0 5 1 2 1 0 9
345.0 3 2 2 2 1 10
350.0 3 2 3 2 1 11
355.0 3 4 3 2 1 13
360.0 6 3 3 2 1 15
365.0 5 2 3 2 1 13
370.0 5 3 3 1 1 13
375.0 3 3 3 2 1 12
380.0 4 5 2 1 1 13
385.0 3 6 3 4 1 17
390.0 3 6 3 4 2 18
395.0 4 7 3 4 3 21
400.0 4 7 3 4 3 21
405.0 4 7 3 4 3 21
410.0 4 6 3 4 3 20
415.0 5 5 4 4 2 20
420.0 5 4 5 5 2 21
425.0 5 5 8 4 2 24
430.0 4 9 13 3 2 31
435.0 5 13 16 3 2 39
440.0 5 15 17 3 2 42
445.0 6 16 16 3 3 44
450.0 7 19 14 3 3 46
455.0 8 20 14 3 3 48
460.0 6 17 16 4 5 48
465.0 7 20 16 3 4 50
470.0 6 22 20 4 4 56
475.0 6 19 23 3 5 56
480.0 8 21 25 2 6 62
485.0 9 21 29 3 8 70
490.0 9 24 33 5 9 80
495.0 10 23 31 5 11 80
500.0 10 22 30 6 12 80
505.0 12 26 33 6 13 90
510.0 16 29 34 7 15 101
515.0 21 32 39 8 15 115
520.0 25 34 39 10 15 123
525.0 27 33 39 10 16 125
530.0 27 33 42 10 15 127
535.0 27 37 45 10 17 136
540.0 31 35 47 11 16 140
545.0 33 32 46 16 20 147
550.0 38 31 43 20 20 152
555.0 42 32 45 22 20 161
560.0 38 41 43 21 20 163
565.0 37 41 50 19 19 166
570.0 33 43 52 20 20 168
575.0 35 46 48 19 19 167
580.0 37 51 51 20 20 179
585.0 37 49 59 22 19 186
590.0 35 51 57 25 19 187
595.0 33 49 57 25 21 185
600.0 36 47 58 24 20 185
605.0 33 39 62 25 20 179
610.0 34 47 64 21 21 187
615.0 37 45 58 24 22 186
620.0 39 52 64 26 22 203
625.0 45 56 59 25 23 208
630.0 52 58 58 21 25 214
635.0 51 63 56 22 27 219
640.0 53 60 58 24 26 221
645.0 47 58 60 25 26 216
650.0 50 56 59 23 25 213
655.0 44 59 56 25 26 210
660.0 38 54 58 27 26 203
665.0 46 55 61 26 24 212
670.0 45 48 55 30 24 202
675.0 45 46 57 30 22 200
680.0 45 48 57 27 21 198
685.0 40 48 58 31 20 197
690.0 45 47 56 31 22 201
695.0 40 48 49 31 22 190
700.0 41 48 49 24 22 184
705.0 44 50 48 21 24 187
710.0 45 51 45 20 25 186
715.0 37 50 56 22 26 191
720.0 32 53 54 20 28 187
725.0 34 51 57 20 28 190
730.0 30 48 51 23 26 178
735.0 31 43 54 22 24 174
740.0 31 44 53 19 21 168
745.0 30 45 54 20 20 169
750.0 32 44 53 19 18 166
755.0 32 38 58 16 15 159
760.0 33 30 55 20 13 151
765.0 34 30 51 18 14 147
770.0 38 28 48 19 14 147
775.0 37 31 52 16 16 152
780.0 33 33 50 18 15 149
785.0 29 34 46 19 15 143
790.0 30 39 48 20 14 151
795.0 33 39 46 16 13 147
800.0 35 37 49 18 16 155
805.0 30 39 47 18 14 148
810.0 34 36 50 21 14 155
815.0 37 37 46 19 13 152
820.0 32 40 48 22 13 155
825.0 32 40 48 23 13 156
830.0 34 41 47 25 14 161
835.0 33 42 44 22 13 154
840.0 34 42 42 17 15 150
845.0 32 44 49 18 16 159
850.0 31 43 54 17 16 161
855.0 31 38 49 19 15 152
860.0 33 38 50 23 17 161
865.0 32 41 47 24 17 161
870.0 32 36 45 24 18 155
875.0 32 40 51 24 17 164
880.0 30 39 53 25 17 164
885.0 31 42 45 23 16 157
890.0 28 36 53 23 15 155
895.0 29 38 53 25 16 161
900.0 30 36 51 27 16 160
905.0 29 36 51 26 17 159
910.0 32 33 46 28 15 154
915.0 34 32 49 26 15 156
920.0 34 32 58 29 16 169
925.0 37 28 56 29 18 168
930.0 40 29 59 30 20 178
935.0 45 32 63 29 22 191
940.0 40 34 62 28 23 187
945.0 40 42 68 23 21 194
950.0 35 43 63 20 21 182
955.0 31 46 66 23 21 187
960.0 36 43 64 27 22 192
965.0 39 41 59 29 22 190
970.0 46 40 57 27 22 192
975.0 50 36 59 27 22 194
980.0 53 33 57 22 22 187
985.0 49 29 56 23 22 179
990.0 50 30 56 19 25 180
995.0 47 32 60 18 27 184
1000.0 54 33 56 15 26 184
1005.0 50 33 60 14 24 181
1010.0 50 37 55 12 23 177
1015.0 45 34 47 15 26 167
1020.0 45 39 50 15 23 172
1025.0 45 35 42 19 23 164
1030.0 46 37 43 22 23 171
1035.0 45 41 41 22 22 171
1040.0 41 43 45 27 23 179
1045.0 40 43 49 29 27 188
1050.0 42 43 49 30 26 190
1055.0 36 42 52 29 25 184
1060.0 37 43 58 25 26 189
1065.0 38 48 59 19 27 191
1070.0 44 45 54 16 25 184
1075.0 47 50 55 18 28 198
1080.0 46 50 54 19 25 194
1085.0 47 42 58 22 25 194
1090.0 46 47 62 23 23 201
1095.0 40 48 62 29 22 201
1100.0 41 52 60 26 24 203
1105.0 47 51 65 23 24 210
1110.0 51 51 67 21 23 213
1115.0 46 56 75 17 22 216
1120.0 40 56 80 19 24 219
1125.0 37 57 80 19 25 218
1130.0 38 55 82 19 25 219
1135.0 35 56 65 22 26 204
1140.0 39 59 58 25 24 205
1145.0 41 58 55 27 25 206
1150.0 38 65 57 27 26 213
1155.0 38 61 56 26 25 206
1160.0 37 62 54 26 26 205
1165.0 36 60 53 26 28 203
1170.0 39 54 53 27 28 201
1175.0 38 56 51 29 26 200
1180.0 38 56 52 29 25 200
1185.0 31 62 51 36 26 206
1190.0 34 62 52 33 22 203
1195.0 38 57 49 27 21 192
1200.0 36 54 48 27 21 186
1205.0 33 47 45 26 23 174
1210.0 31 48 46 22 23 170
1215.0 25 48 44 23 23 163
1220.0 27 41 46 22 21 157
1225.0 27 34 48 19 19 147
1230.0 24 33 45 20 19 141
1235.0 23 34 42 20 19 138
1240.0 26 32 38 18 16 130
1245.0 24 28 33 17 17 119
1250.0 23 24 31 16 16 110
1255.0 19 23 32 16 12 102
1260.0 20 23 31 13 10 97
1265.0 20 22 29 13 7 91
1270.0 16 20 25 14 6 81
1275.0 14 22 25 14 8 83
1280.0 14 22 25 13 8 82
1285.0 13 18 24 12 8 75
1290.0 10 17 23 8 8 66
1295.0 9 18 19 9 7 62
1300.0 8 17 18 7 6 56
1305.0 6 17 17 6 6 52
1310.0 8 18 14 5 5 50
1315.0 8 14 9 5 5 41
1320.0 8 11 6 3 3 31
1325.0 7 9 7 2 3 28
1330.0 6 9 10 1 2 28
1335.0 4 7 12 0 2 25
1340.0 5 6 7 0 2 20
1345.0 5 5 6 0 2 18
1350.0 5 5 7 0 2 19
1355.0 3 3 6 0 2 14
1360.0 3 1 6 0 2 12
1365.0 3 1 5 0 2 11
1370.0 2 0 4 1 1 8
1375.0 2 0 4 1 0 7
1380.0 1 0 6 1 0 8
1385.0 1 1 5 1 0 8
1390.0 1 1 5 1 0 8
1395.0 1 1 5 1 0 8
1400.0 1 1 3 1 0 6
1405.0 1 1 3 1 0 6
1410.0 1 2 1 1 0 5
1415.0 2 2 1 0 0 5
1420.0 2 1 1 0 0 4
1425.0 1 1 1 0 0 3
1430.0 1 1 1 0 0 3
1435.0 1 1 1 0 0 3
