5.0 0 0 0 0 0 0
10.0 0 0 0 0 0 0
15.0 0 0 0 0 0 0
20.0 0 0 0 0 0 0
25.0 0 0 0 0 0 0
30.0 0 0 0 0 0 0
35.0 0 0 0 0 0 0
40.0 0 0 0 0 0 0
45.0 0 0 0 0 0 0
50.0 0 0 0 0 0 0
55.0 0 0 0 0 0 0
60.0 0 0 0 0 0 0
65.0 0 0 0 0 0 0
70.0 0 0 0 0 0 0
75.0 0 0 0 0 0 0
80.0 0 0 0 0 0 0
85.0 0 0 0 0 0 0
90.0 0 0 0 0 0 0
95.0 0 0 0 0 0 0
100.0 0 0 0 0 0 0
105.0 0 0 0 0 0 0
110.0 0 0 0 0 0 0
115.0 0 0 0 0 0 0
120.0 0 0 0 0 0 0
125.0 0 0 0 0 0 0
130.0 0 0 0 0 0 0
135.0 0 0 0 0 0 0
140.0 0 0 0 0 0 0
145.0 0 0 0 0 0 0
150.0 0 0 0 0 0 0
155.0 0 0 0 0 0 0
160.0 0 0 0 0 0 0
165.0 0 0 0 0 0 0
170.0 0 0 0 0 0 0
175.0 0 0 0 0 0 0
180.0 0 0 0 0 0 0
185.0 0 0 0 0 0 0
190.0 0 0 0 0 0 0
195.0 0 0 0 0 0 0
200.0 0 0 0 0 0 0
205.0 0 0 0 0 0 0
210.0 0 0 0 0 0 0
215.0 0 0 0 0 0 0
220.0 0 0 0 0 0 0
225.0 0 0 0 0 0 0
230.0 0 0 0 0 0 0
235.0 0 0 0 0 0 0
240.0 0 1 0 0 0 1
245.0 0 1 0 0 0 1
250.0 1 0 0 0 0 1
255.0 1 0 0 0 0 1
260.0 1 0 0 0 0 1
265.0 1 0 0 0 1 2
270.0 1 0 0 0 1 2
275.0 1 0 0 0 1 2
280.0 0 0 0 0 1 1
285.0 0 0 0 0 1 1
290.0 0 0 1 0 1 2
295.0 0 0 1 0 1 2
300.0 0 0 1 0 1 2
305.0 0 2 2 0 0 4
310.0 0 3 2 0 0 5
315.0 0 3 2 0 0 5
320.0 0 2 2 0 0 4
325.0 1 1 2 0 0 4
330.0 2 1 3 0 0 6
335.0 3 1 3 0 0 7
340.0 3 2 4 0 0 9
345.0 4 4 5 0 1 14
350.0 4 4 6 0 1 15
355.0 5 5 8 0 1 19
360.0 8 5 7 1 1 22
365.0 9 6 4 2 1 22
370.0 9 6 7 4 1 27
375.0 9 7 10 5 1 32
380.0 10 7 11 4 1 33
385.0 11 6 11 5 1 34
390.0 8 6 14 5 1 34
395.0 9 10 16 4 2 41
400.0 8 12 17 4 3 44
405.0 11 14 17 6 4 52
410.0 11 12 20 5 5 53
415.0 14 11 20 5 5 55
420.0 17 16 25 8 5 71
425.0 17 24 24 8 5 78
430.0 19 26 26 13 4 88
435.0 24 24 28 12 4 92
440.0 23 30 31 12 7 103
445.0 25 32 34 20 7 118
450.0 29 29 39 20 7 124
455.0 30 30 43 18 9 130
460.0 35 35 40 18 10 138
465.0 43 40 50 20 13 166
470.0 47 38 51 23 15 174
475.0 40 47 52 24 16 179
480.0 42 55 53 26 18 194
485.0 46 56 57 28 21 208
490.0 47 60 56 29 21 213
495.0 61 65 55 29 23 233
500.0 61 67 61 30 27 246
505.0 61 74 67 26 29 257
510.0 62 74 70 28 32 266
515.0 61 77 77 29 35 279
520.0 67 83 90 30 37 307
525.0 68 81 94 28 41 312
530.0 78 84 100 34 41 337
535.0 81 85 100 36 44 346
540.0 93 90 103 41 44 371
545.0 99 97 118 44 46 404
550.0 111 104 119 45 45 424
555.0 112 105 121 48 47 433
560.0 116 111 116 53 44 440
565.0 113 117 123 55 46 454
570.0 114 126 128 56 46 470
575.0 110 130 139 62 47 488
580.0 112 134 143 58 51 498
585.0 119 142 139 56 51 507
590.0 123 142 139 60 50 514
595.0 120 140 143 66 48 517
600.0 119 138 141 61 47 506
605.0 122 128 144 66 46 506
610.0 128 132 149 63 44 516
615.0 129 133 154 66 44 526
620.0 128 134 167 65 42 536
625.0 123 136 162 63 43 527
630.0 112 136 170 63 44 525
635.0 107 140 163 64 47 521
640.0 114 133 153 68 49 517
645.0 111 123 156 70 54 514
650.0 108 123 159 73 54 517
655.0 110 127 149 72 53 511
660.0 113 131 141 65 54 504
665.0 116 129 140 65 58 508
670.0 116 133 136 62 56 503
675.0 111 130 137 57 58 493
680.0 104 123 150 55 60 492
685.0 104 121 149 53 51 478
690.0 101 119 150 54 53 477
695.0 100 118 143 54 52 467
700.0 102 118 138 54 48 460
705.0 101 113 135 54 46 449
710.0 100 103 148 54 50 455
715.0 94 101 142 50 53 440
720.0 90 102 127 55 55 429
725.0 88 97 117 57 55 414
730.0 91 101 115 58 56 421
735.0 91 97 118 61 58 425
740.0 87 107 121 62 49 426
745.0 82 102 126 60 48 418
750.0 81 105 126 56 45 413
755.0 86 97 122 54 43 402
760.0 82 94 117 54 40 387
765.0 82 99 119 56 38 394
770.0 79 96 117 44 37 373
775.0 83 95 120 44 36 378
780.0 86 99 121 40 37 383
785.0 89 92 120 44 34 379
790.0 88 97 126 45 35 391
795.0 92 97 126 50 37 402
800.0 92 98 121 55 36 402
805.0 83 101 117 56 37 394
810.0 87 100 123 57 36 403
815.0 90 101 113 60 39 403
820.0 86 99 117 59 38 399
825.0 78 100 115 61 37 391
830.0 77 97 125 57 32 388
835.0 81 102 131 59 32 405
840.0 83 104 139 64 35 425
845.0 80 113 141 59 35 428
850.0 85 117 146 64 38 450
855.0 90 124 140 66 36 456
860.0 86 119 139 67 34 445
865.0 88 121 145 68 36 458
870.0 94 118 145 66 35 458
875.0 109 120 145 59 39 472
880.0 117 120 144 56 41 478
885.0 118 112 150 60 34 474
890.0 130 114 153 67 34 498
895.0 125 115 157 63 40 500
900.0 127 119 157 60 44 507
905.0 133 112 163 58 45 511
910.0 131 113 156 58 43 501
915.0 135 119 144 63 44 505
920.0 127 125 144 70 47 513
925.0 120 125 150 69 44 508
930.0 124 124 146 76 44 514
935.0 115 129 147 77 45 513
940.0 103 128 150 78 42 501
945.0 97 122 150 76 44 489
950.0 96 124 145 77 43 485
955.0 105 118 143 67 45 478
960.0 104 111 155 71 45 486
965.0 106 116 145 74 48 489
970.0 99 110 147 76 45 477
975.0 103 111 147 75 46 482
980.0 114 111 156 71 47 499
985.0 110 114 149 68 48 489
990.0 112 114 156 67 46 495
995.0 120 117 148 68 48 501
1000.0 113 117 146 70 53 499
1005.0 117 127 136 70 53 503
1010.0 115 121 140 67 51 494
1015.0 122 121 151 72 49 515
1020.0 126 112 145 72 45 500
1025.0 122 109 144 70 44 489
1030.0 113 116 150 76 45 500
1035.0 111 122 154 81 44 512
1040.0 105 126 149 75 44 499
1045.0 113 133 155 69 45 515
1050.0 121 142 155 65 51 534
1055.0 119 142 156 65 49 531
1060.0 116 141 158 69 49 533
1065.0 112 142 160 78 51 543
1070.0 120 155 160 81 50 566
1075.0 130 149 166 83 54 582
1080.0 139 148 175 77 56 595
1085.0 145 148 177 78 58 606
1090.0 140 139 174 75 60 588
1095.0 142 129 170 79 60 580
1100.0 147 120 167 75 66 575
1105.0 140 125 179 74 66 584
1110.0 132 143 169 79 63 586
1115.0 132 144 155 87 61 579
1120.0 134 155 143 82 62 576
1125.0 125 152 145 79 63 564
1130.0 127 169 150 75 62 583
1135.0 126 177 159 72 62 596
1140.0 120 168 150 74 64 576
1145.0 123 167 145 78 65 578
1150.0 119 157 148 83 67 574
1155.0 116 159 157 86 64 582
1160.0 114 155 153 94 61 577
1165.0 106 152 153 91 58 560
1170.0 103 145 150 88 57 543
1175.0 110 142 147 82 54 535
1180.0 108 134 142 81 56 521
1185.0 105 132 145 77 57 516
1190.0 107 129 153 69 52 510
1195.0 104 122 152 69 50 497
1200.0 101 126 143 60 47 477
1205.0 114 119 122 60 48 463
1210.0 111 112 107 61 49 440
1215.0 104 109 107 63 44 427
1220.0 102 99 101 59 45 406
1225.0 94 93 93 56 46 382
1230.0 92 90 95 50 44 371
1235.0 96 87 90 45 37 355
1240.0 99 86 86 39 35 345
1245.0 92 75 82 33 33 315
1250.0 72 78 82 32 34 298
1255.0 66 77 85 38 32 298
1260.0 64 70 80 39 28 281
1265.0 50 67 69 43 27 256
1270.0 47 60 67 39 25 238
1275.0 49 53 63 34 21 220
1280.0 45 49 58 33 20 205
1285.0 42 49 45 27 21 184
1290.0 33 51 46 26 18 174
1295.0 30 43 51 27 18 169
1300.0 25 38 40 26 16 145
1305.0 21 32 33 28 13 127
1310.0 21 29 32 25 14 121
1315.0 18 28 24 23 11 104
1320.0 15 27 23 19 10 94
1325.0 19 26 21 17 9 92
1330.0 20 18 19 14 9 80
1335.0 18 16 14 10 6 64
1340.0 16 15 14 9 8 62
1345.0 16 13 15 7 9 60
1350.0 14 12 10 5 9 50
1355.0 11 12 10 3 7 43
1360.0 9 14 9 4 6 42
1365.0 7 11 9 4 5 36
1370.0 8 9 10 4 1 32
1375.0 8 8 8 4 1 29
1380.0 7 6 4 5 0 22
1385.0 5 6 5 4 0 20
1390.0 6 5 5 2 0 18
1395.0 3 6 5 1 0 15
1400.0 2 3 4 1 0 10
1405.0 3 1 4 1 0 9
1410.0 2 2 5 1 0 10
1415.0 1 2 4 1 0 8
1420.0 1 2 3 1 0 7
1425.0 0 2 2 1 0 5
1430.0 0 1 1 2 0 4
1435.0 0 2 1 2 0 5
