5.0 0 0 0 0 0 0
10.0 0 0 0 0 0 0
15.0 0 0 0 0 0 0
20.0 0 0 0 0 0 0
25.0 0 0 0 0 0 0
30.0 0 0 0 0 0 0
35.0 0 0 0 0 0 0
40.0 0 0 0 0 0 0
45.0 0 0 0 0 0 0
50.0 0 0 0 0 0 0
55.0 0 0 0 0 0 0
60.0 0 0 0 0 0 0
65.0 0 0 0 0 0 0
70.0 0 0 0 0 0 0
75.0 0 0 0 0 0 0
80.0 0 0 0 0 0 0
85.0 0 0 0 0 0 0
90.0 0 0 0 0 0 0
95.0 0 0 0 0 0 0
100.0 0 0 0 0 0 0
105.0 0 0 0 0 0 0
110.0 0 0 0 0 0 0
115.0 0 0 0 0 0 0
120.0 0 0 0 0 0 0
125.0 0 0 0 0 0 0
130.0 0 0 0 0 0 0
135.0 0 0 0 0 0 0
140.0 0 0 0 0 0 0
145.0 0 0 0 0 0 0
150.0 0 0 0 0 0 0
155.0 0 0 0 0 0 0
160.0 0 0 0 0 0 0
165.0 0 0 0 0 0 0
170.0 0 0 0 0 0 0
175.0 0 0 0 0 0 0
180.0 0 0 0 0 0 0
185.0 0 0 0 0 0 0
190.0 0 0 0 0 0 0
195.0 0 0 0 0 0 0
200.0 0 0 0 0 0 0
205.0 0 0 0 0 0 0
210.0 0 0 0 0 0 0
215.0 0 0 0 0 0 0
220.0 0 0 0 0 0 0
225.0 0 0 0 0 0 0
230.0 0 0 0 0 0 0
235.0 0 0 0 0 0 0
240.0 0 0 0 0 0 0
245.0 0 0 0 0 0 0
250.0 0 0 0 0 0 0
255.0 0 0 0 0 0 0
260.0 0 0 0 0 0 0
265.0 0 0 0 0 0 0
270.0 0 0 0 0 0 0
275.0 0 0 0 0 0 0
280.0 0 0 0 0 0 0
285.0 0 0 0 0 0 0
290.0 0 0 0 0 0 0
295.0 0 0 0 0 0 0
300.0 0 0 0 0 0 0
305.0 0 0 0 0 0 0
310.0 0 0 0 0 0 0
315.0 0 0 0 0 0 0
320.0 0 0 0 0 0 0
325.0 0 0 0 0 0 0
330.0 0 0 0 0 0 0
335.0 0 0 0 0 0 0
340.0 0 0 0 0 0 0
345.0 0 0 0 0 0 0
350.0 0 0 0 0 0 0
355.0 0 0 0 0 0 0
360.0 0 0 0 0 0 0
365.0 0 0 0 0 0 0
370.0 0 0 0 0 0 0
375.0 0 0 0 0 0 0
380.0 0 0 0 0 0 0
385.0 0 0 0 0 0 0
390.0 0 0 1 0 0 1
395.0 0 0 2 0 0 2
400.0 0 0 2 0 0 2
405.0 0 0 2 0 0 2
410.0 0 0 2 0 0 2
415.0 0 0 2 0 0 2
420.0 0 0 2 0 0 2
425.0 0 0 2 0 0 2
430.0 0 0 2 0 0 2
435.0 0 0 2 0 0 2
440.0 0 1 1 0 0 2
445.0 0 1 0 0 0 1
450.0 0 2 0 0 0 2
455.0 0 2 0 0 0 2
460.0 1 2 0 0 0 3
465.0 1 2 0 0 0 3
470.0 1 2 0 0 0 3
475.0 1 2 0 0 0 3
480.0 2 2 0 0 0 4
485.0 2 2 0 0 0 4
490.0 2 1 1 0 0 4
495.0 2 1 1 0 0 4
500.0 1 1 1 0 0 3
505.0 0 1 1 0 0 2
510.0 0 1 1 0 0 2
515.0 0 0 1 0 0 1
520.0 0 0 1 0 0 1
525.0 1 0 2 0 0 3
530.0 1 1 2 0 0 4
535.0 1 2 2 1 0 6
540.0 1 1 3 1 0 6
545.0 1 1 4 1 0 7
550.0 1 1 3 1 0 6
555.0 1 1 3 1 0 6
560.0 1 0 3 1 0 5
565.0 1 2 3 1 0 7
570.0 0 2 2 1 1 6
575.0 0 2 1 1 1 5
580.0 1 2 2 1 1 7
585.0 1 2 2 1 1 7
590.0 1 2 1 1 1 6
595.0 1 3 1 1 1 7
600.0 1 4 1 1 1 8
605.0 1 4 1 2 1 9
610.0 2 4 1 2 1 10
615.0 2 3 1 2 1 9
620.0 2 4 1 2 1 10
625.0 2 4 1 2 1 10
630.0 2 4 3 2 1 12
635.0 1 3 3 3 1 11
640.0 2 2 4 3 1 12
645.0 3 2 4 1 1 11
650.0 3 2 5 1 1 12
655.0 3 2 5 2 1 13
660.0 3 2 3 1 1 10
665.0 4 4 2 0 1 11
670.0 3 4 3 0 1 11
675.0 1 3 5 0 1 10
680.0 0 2 5 0 1 8
685.0 0 2 4 0 1 7
690.0 0 2 3 0 1 6
695.0 2 1 3 0 1 7
700.0 2 1 3 0 1 7
705.0 2 1 3 1 1 8
710.0 2 1 3 1 1 8
715.0 2 2 2 1 1 8
720.0 2 2 2 1 1 8
725.0 1 3 2 3 1 10
730.0 1 3 3 3 1 11
735.0 1 2 3 2 1 9
740.0 1 2 3 3 1 10
745.0 0 3 3 3 0 9
750.0 0 2 2 3 1 8
755.0 0 2 2 3 1 8
760.0 2 2 2 2 1 9
765.0 3 2 2 2 2 11
770.0 2 2 3 2 2 11
775.0 3 2 2 1 2 10
780.0 4 1 3 1 2 11
785.0 4 1 3 1 2 11
790.0 2 1 2 4 2 11
795.0 2 1 3 4 3 13
800.0 2 1 3 2 3 11
805.0 2 0 3 2 3 10
810.0 2 1 3 2 3 11
815.0 2 1 3 1 3 10
820.0 1 1 3 0 3 8
825.0 1 1 4 1 3 10
830.0 2 2 4 1 3 12
835.0 4 2 3 1 3 13
840.0 4 2 3 1 3 13
845.0 5 2 3 1 3 14
850.0 4 1 4 1 3 13
855.0 4 1 3 1 3 12
860.0 5 1 3 1 2 12
865.0 5 2 3 1 2 13
870.0 5 2 3 0 2 12
875.0 5 3 4 0 2 14
880.0 5 3 4 1 1 14
885.0 4 3 4 2 1 14
890.0 4 3 4 2 1 14
895.0 5 3 4 1 1 14
900.0 5 3 4 1 2 15
905.0 4 3 4 1 2 14
910.0 3 3 4 2 2 14
915.0 4 1 5 2 2 14
920.0 5 1 4 2 2 14
925.0 4 0 5 2 2 13
930.0 4 0 5 2 2 13
935.0 4 3 2 2 2 13
940.0 3 3 2 2 2 12
945.0 3 3 2 2 3 13
950.0 3 3 2 2 3 13
955.0 3 5 2 1 3 14
960.0 3 3 2 1 3 12
965.0 2 2 2 2 3 11
970.0 1 2 1 2 3 9
975.0 1 2 1 2 3 9
980.0 0 2 1 2 3 8
985.0 0 2 2 2 3 9
990.0 0 2 3 2 3 10
995.0 0 3 3 2 2 10
1000.0 1 2 2 1 2 8
1005.0 1 3 2 1 2 9
1010.0 1 5 2 1 2 11
1015.0 1 5 2 0 2 10
1020.0 2 3 2 0 2 9
1025.0 2 4 1 0 1 8
1030.0 2 4 1 0 1 8
1035.0 3 4 1 1 1 10
1040.0 3 4 1 1 2 11
1045.0 3 3 1 2 2 11
1050.0 3 3 1 2 1 10
1055.0 3 2 2 2 0 9
1060.0 3 2 2 2 0 9
1065.0 4 3 2 1 0 10
1070.0 4 4 2 1 0 11
1075.0 4 4 2 2 0 12
1080.0 3 4 3 2 0 12
1085.0 3 3 4 2 0 12
1090.0 3 1 3 2 0 9
1095.0 3 0 4 1 0 8
1100.0 3 1 3 1 0 8
1105.0 1 1 3 1 1 7
1110.0 1 1 3 1 1 7
1115.0 0 0 3 2 1 6
1120.0 0 0 4 2 1 7
1125.0 0 0 4 2 1 7
1130.0 0 0 4 2 1 7
1135.0 0 2 4 2 1 9
1140.0 0 4 4 2 1 11
1145.0 0 4 4 2 1 11
1150.0 0 4 3 0 1 8
1155.0 1 2 4 0 1 8
1160.0 1 2 3 0 0 6
1165.0 1 1 3 1 0 6
1170.0 1 2 1 1 1 6
1175.0 3 0 0 1 0 4
1180.0 3 0 1 0 0 4
1185.0 3 0 1 0 0 4
1190.0 3 1 1 0 1 6
1195.0 1 2 2 1 1 7
1200.0 1 2 2 1 1 7
1205.0 1 2 2 1 1 7
1210.0 1 4 1 0 1 7
1215.0 2 4 1 0 2 9
1220.0 2 3 1 0 2 8
1225.0 2 5 1 0 2 10
1230.0 1 5 0 0 2 8
1235.0 1 4 1 0 2 8
1240.0 1 3 1 0 2 7
1245.0 1 2 2 0 2 7
1250.0 0 2 1 0 2 5
1255.0 0 2 1 0 2 5
1260.0 0 2 1 0 2 5
1265.0 0 2 1 0 2 5
1270.0 0 2 1 0 1 4
1275.0 1 2 0 0 0 3
1280.0 0 2 0 0 0 2
1285.0 0 1 0 0 0 1
1290.0 0 1 0 0 0 1
1295.0 0 1 0 0 0 1
1300.0 0 0 0 0 0 0
1305.0 0 0 0 0 0 0
1310.0 0 0 0 0 0 0
1315.0 0 0 0 0 0 0
1320.0 0 0 0 0 0 0
1325.0 0 0 0 0 0 0
1330.0 0 0 0 0 0 0
1335.0 0 0 0 0 0 0
1340.0 0 0 0 0 0 0
1345.0 0 0 0 0 0 0
1350.0 0 0 0 0 0 0
1355.0 0 0 0 0 0 0
1360.0 0 0 0 0 0 0
1365.0 0 0 0 0 0 0
1370.0 0 0 0 0 0 0
1375.0 0 0 0 0 0 0
1380.0 0 0 0 0 0 0
1385.0 0 0 0 0 0 0
1390.0 0 0 0 0 0 0
1395.0 0 0 0 0 0 0
1400.0 0 0 0 0 0 0
1405.0 0 0 0 0 0 0
1410.0 0 0 0 0 0 0
1415.0 0 0 0 0 0 0
1420.0 0 0 0 0 0 0
1425.0 0 0 0 0 0 0
1430.0 0 0 0 0 0 0
1435.0 0 0 0 0 0 0
