5.0 0 0 0 0 0 0
10.0 0 0 0 0 0 0
15.0 0 0 0 0 0 0
20.0 0 0 0 0 0 0
25.0 0 0 0 0 0 0
30.0 0 0 0 0 0 0
35.0 0 0 0 0 0 0
40.0 0 0 0 0 0 0
45.0 0 0 0 0 0 0
50.0 0 0 0 0 0 0
55.0 0 0 0 0 0 0
60.0 0 0 0 0 0 0
65.0 0 0 0 0 0 0
70.0 0 0 0 0 0 0
75.0 0 0 0 0 0 0
80.0 0 0 0 0 0 0
85.0 0 0 0 0 0 0
90.0 0 0 0 0 0 0
95.0 0 0 0 0 0 0
100.0 0 0 0 0 0 0
105.0 0 0 0 0 0 0
110.0 0 0 0 0 0 0
115.0 0 0 0 0 0 0
120.0 0 0 0 0 0 0
125.0 0 0 0 0 0 0
130.0 0 0 0 0 0 0
135.0 0 0 0 0 0 0
140.0 0 0 0 0 0 0
145.0 0 0 0 0 0 0
150.0 0 0 0 0 0 0
155.0 0 0 0 0 0 0
160.0 0 0 0 0 0 0
165.0 0 0 0 0 0 0
170.0 0 0 0 0 0 0
175.0 0 0 0 0 0 0
180.0 0 0 0 0 0 0
185.0 0 0 0 0 0 0
190.0 0 0 0 0 0 0
195.0 0 0 0 0 0 0
200.0 0 0 0 0 0 0
205.0 0 0 0 0 0 0
210.0 0 0 0 0 0 0
215.0 0 0 0 0 0 0
220.0 0 0 0 0 0 0
225.0 0 0 0 0 0 0
230.0 0 0 0 0 0 0
235.0 0 0 0 0 0 0
240.0 0 0 0 0 0 0
245.0 0 0 0 0 0 0
250.0 0 0 0 0 0 0
255.0 0 0 0 0 0 0
260.0 0 0 0 0 0 0
265.0 0 0 0 0 0 0
270.0 0 0 0 0 0 0
275.0 0 0 0 0 0 0
280.0 0 0 0 0 0 0
285.0 1 0 0 0 0 1
290.0 1 0 0 0 0 1
295.0 0 0 0 0 0 0
300.0 0 0 0 0 0 0
305.0 0 0 0 0 0 0
310.0 0 0 0 0 0 0
315.0 0 0 0 0 0 0
320.0 0 0 0 0 0 0
325.0 0 0 0 0 0 0
330.0 0 0 0 0 0 0
335.0 0 0 0 0 0 0
340.0 0 0 0 0 0 0
345.0 0 0 0 0 0 0
350.0 0 0 0 0 0 0
355.0 0 0 0 0 0 0
360.0 0 0 0 0 0 0
365.0 0 0 0 0 0 0
370.0 0 0 0 0 0 0
375.0 0 0 1 0 0 1
380.0 0 0 1 0 0 1
385.0 1 0 1 0 0 2
390.0 1 0 2 0 0 3
395.0 1 0 2 1 0 4
400.0 1 0 2 1 0 4
405.0 2 0 2 1 0 5
410.0 2 1 1 1 0 5
415.0 3 1 0 1 0 5
420.0 3 1 1 1 0 6
425.0 3 1 1 1 0 6
430.0 2 1 1 2 0 6
435.0 3 1 1 1 0 6
440.0 3 2 1 1 0 7
445.0 2 3 1 1 0 7
450.0 2 3 2 1 1 9
455.0 1 3 3 1 1 9
460.0 1 4 1 1 1 8
465.0 2 4 2 1 1 10
470.0 2 4 3 1 2 12
475.0 2 5 4 2 2 15
480.0 5 5 5 4 2 21
485.0 5 4 5 4 2 20
490.0 5 4 5 6 2 22
495.0 5 2 8 5 3 23
500.0 5 3 7 4 2 21
505.0 5 5 7 5 2 24
510.0 3 6 9 5 2 25
515.0 2 9 9 5 2 27
520.0 4 6 9 5 2 26
525.0 5 6 9 4 2 26
530.0 5 4 9 5 2 25
535.0 6 6 8 5 2 27
540.0 7 6 9 4 2 28
545.0 7 5 8 4 4 28
550.0 9 7 7 4 4 31
555.0 8 7 6 5 4 30
560.0 8 6 8 4 4 30
565.0 7 5 10 4 5 31
570.0 8 4 10 4 6 32
575.0 8 6 10 3 5 32
580.0 10 6 11 4 5 36
585.0 9 6 11 4 5 35
590.0 9 6 11 5 5 36
595.0 8 7 13 5 6 39
600.0 11 7 12 5 6 41
605.0 12 9 11 3 7 42
610.0 13 12 10 4 6 45
615.0 14 12 10 4 7 47
620.0 12 11 9 5 8 45
625.0 12 14 11 4 8 49
630.0 11 14 11 4 8 48
635.0 9 15 13 2 7 46
640.0 9 13 12 4 8 46
645.0 11 12 12 4 8 47
650.0 11 12 12 4 8 47
655.0 10 9 11 7 7 44
660.0 10 8 10 8 7 43
665.0 9 7 9 9 6 40
670.0 11 7 11 6 7 42
675.0 13 6 13 5 6 43
680.0 14 10 10 4 6 44
685.0 15 11 10 4 5 45
690.0 15 8 7 4 4 38
695.0 11 6 7 4 4 32
700.0 11 4 4 4 3 26
705.0 12 6 4 4 2 28
710.0 9 6 5 4 2 26
715.0 10 7 5 3 3 28
720.0 10 6 3 4 3 26
725.0 8 8 3 2 2 23
730.0 6 8 4 4 2 24
735.0 6 8 6 3 2 25
740.0 5 6 9 3 3 26
745.0 6 7 12 4 3 32
750.0 8 5 10 3 3 29
755.0 5 6 10 3 3 27
760.0 4 5 8 4 3 24
765.0 3 5 7 4 3 22
770.0 4 4 9 5 4 26
775.0 4 3 9 5 3 24
780.0 5 5 9 5 3 27
785.0 6 6 9 5 2 28
790.0 5 6 11 6 2 30
795.0 7 4 13 6 2 32
800.0 6 4 13 6 1 30
805.0 6 2 13 5 1 27
810.0 4 2 13 4 1 24
815.0 6 2 13 2 0 23
820.0 5 3 14 3 0 25
825.0 7 4 13 3 1 28
830.0 6 4 14 2 1 27
835.0 7 3 16 2 1 29
840.0 6 3 17 2 2 30
845.0 7 2 17 2 3 31
850.0 8 2 14 4 3 31
855.0 11 4 13 2 4 34
860.0 10 4 12 2 4 32
865.0 9 5 12 1 4 31
870.0 12 5 10 2 4 33
875.0 10 6 10 1 4 31
880.0 9 8 9 2 4 32
885.0 9 6 11 4 4 34
890.0 8 7 11 4 4 34
895.0 8 6 11 5 3 33
900.0 9 6 12 2 3 32
905.0 10 7 12 3 3 35
910.0 13 6 13 2 3 37
915.0 12 3 14 3 3 35
920.0 8 7 14 2 3 34
925.0 5 9 14 3 3 34
930.0 6 9 11 4 3 33
935.0 5 9 14 4 3 35
940.0 5 10 11 4 2 32
945.0 4 7 9 4 2 26
950.0 5 10 9 5 2 31
955.0 4 8 9 7 2 30
960.0 3 8 10 6 3 30
965.0 3 5 11 5 4 28
970.0 4 6 11 3 2 26
975.0 3 6 11 6 2 28
980.0 2 7 11 6 2 28
985.0 4 7 11 6 1 29
990.0 4 7 10 6 1 28
995.0 6 8 9 5 1 29
1000.0 9 8 8 5 3 33
1005.0 10 6 9 6 4 35
1010.0 10 4 11 5 4 34
1015.0 10 3 10 5 4 32
1020.0 10 4 8 5 3 30
1025.0 9 7 10 4 3 33
1030.0 6 8 10 5 3 32
1035.0 6 7 8 5 3 29
1040.0 7 9 8 4 3 31
1045.0 7 10 9 4 3 33
1050.0 9 11 9 4 3 36
1055.0 7 15 13 2 3 40
1060.0 5 16 14 2 3 40
1065.0 6 14 11 3 5 39
1070.0 6 13 9 2 5 35
1075.0 8 11 8 2 5 34
1080.0 7 9 9 2 5 32
1085.0 5 9 7 4 4 29
1090.0 5 8 9 5 3 30
1095.0 6 8 10 5 3 32
1100.0 6 9 11 5 3 34
1105.0 4 11 12 6 3 36
1110.0 5 9 12 5 2 33
1115.0 3 8 13 7 2 33
1120.0 5 8 10 10 2 35
1125.0 5 6 10 7 2 30
1130.0 5 10 9 8 2 34
1135.0 4 9 9 7 3 32
1140.0 4 9 9 7 4 33
1145.0 6 7 10 7 4 34
1150.0 9 7 9 6 3 34
1155.0 6 9 8 8 3 34
1160.0 6 7 8 7 3 31
1165.0 5 8 6 7 3 29
1170.0 5 8 5 7 3 28
1175.0 7 7 6 7 3 30
1180.0 7 6 8 4 4 29
1185.0 8 5 11 5 5 34
1190.0 9 4 11 5 5 34
1195.0 7 9 10 5 3 34
1200.0 6 8 10 5 2 31
1205.0 4 9 10 3 1 27
1210.0 4 5 9 3 1 22
1215.0 5 5 8 1 1 20
1220.0 5 5 10 1 1 22
1225.0 3 6 7 2 1 19
1230.0 3 5 9 2 0 19
1235.0 3 4 9 2 0 18
1240.0 3 4 8 2 0 17
1245.0 3 4 9 3 1 20
1250.0 4 4 8 3 1 20
1255.0 5 4 7 3 1 20
1260.0 4 3 6 3 2 18
1265.0 4 4 4 4 2 18
1270.0 3 3 6 3 2 17
1275.0 4 2 5 2 1 14
1280.0 3 2 6 2 1 14
1285.0 3 1 6 2 1 13
1290.0 4 1 4 3 2 14
1295.0 3 1 4 2 2 12
1300.0 1 0 2 2 2 7
1305.0 1 0 2 1 1 5
1310.0 0 0 1 2 1 4
1315.0 1 0 2 2 1 6
1320.0 1 0 2 2 1 6
1325.0 2 0 1 2 1 6
1330.0 1 0 0 1 1 3
1335.0 1 0 0 1 1 3
1340.0 1 0 0 1 1 3
1345.0 1 1 0 1 1 4
1350.0 1 1 0 1 1 4
1355.0 1 1 0 1 0 3
1360.0 1 1 0 1 0 3
1365.0 1 0 0 0 0 1
1370.0 1 0 0 0 0 1
1375.0 1 0 0 0 0 1
1380.0 0 0 0 0 0 0
1385.0 0 0 0 1 0 1
1390.0 0 0 0 1 0 1
1395.0 0 0 0 1 0 1
1400.0 0 0 0 1 0 1
1405.0 0 0 0 0 0 0
1410.0 0 0 0 1 0 1
1415.0 0 0 0 1 0 1
1420.0 0 0 0 0 0 0
1425.0 0 0 0 0 0 0
1430.0 0 0 0 0 0 0
1435.0 0 0 0 0 0 0
