5.0 0 0 0 0 0 0
10.0 0 0 0 0 0 0
15.0 0 0 0 0 0 0
20.0 0 0 0 0 0 0
25.0 0 0 0 0 0 0
30.0 0 0 0 0 0 0
35.0 0 0 0 0 0 0
40.0 0 0 0 0 0 0
45.0 0 0 0 0 0 0
50.0 0 0 0 0 0 0
55.0 0 0 0 0 0 0
60.0 0 0 0 0 0 0
65.0 0 0 0 0 0 0
70.0 0 0 0 0 0 0
75.0 0 0 0 0 0 0
80.0 0 0 0 0 0 0
85.0 0 0 0 0 0 0
90.0 0 0 0 0 0 0
95.0 0 0 0 0 0 0
100.0 0 0 0 0 0 0
105.0 0 0 0 0 0 0
110.0 0 0 0 0 0 0
115.0 0 0 0 0 0 0
120.0 0 0 0 0 0 0
125.0 0 0 0 0 0 0
130.0 0 0 0 0 0 0
135.0 0 0 0 0 0 0
140.0 0 0 0 0 0 0
145.0 0 0 0 0 0 0
150.0 0 0 0 0 0 0
155.0 0 0 0 0 0 0
160.0 0 0 0 0 0 0
165.0 0 0 0 0 0 0
170.0 0 0 0 0 0 0
175.0 0 0 0 0 0 0
180.0 0 0 0 0 0 0
185.0 0 0 0 0 0 0
190.0 0 0 0 0 0 0
195.0 0 0 0 0 0 0
200.0 0 0 0 0 0 0
205.0 0 0 0 0 0 0
210.0 0 0 0 0 0 0
215.0 0 0 0 0 0 0
220.0 0 0 0 0 0 0
225.0 0 0 0 0 0 0
230.0 0 0 0 0 0 0
235.0 0 0 0 0 0 0
240.0 0 0 0 0 0 0
245.0 0 0 0 0 0 0
250.0 0 0 0 0 0 0
255.0 0 0 0 0 0 0
260.0 0 0 0 0 0 0
265.0 0 0 0 0 0 0
270.0 0 0 0 0 0 0
275.0 0 0 0 0 0 0
280.0 0 0 0 0 0 0
285.0 1 0 0 0 0 1
290.0 1 0 0 0 0 1
295.0 1 1 0 0 0 2
300.0 0 1 0 0 0 1
305.0 1 1 0 0 0 2
310.0 1 1 0 0 0 2
315.0 1 1 0 0 0 2
320.0 1 1 1 1 0 4
325.0 1 1 1 1 0 4
330.0 1 1 2 1 0 5
335.0 1 1 1 1 0 4
340.0 1 1 1 1 0 4
345.0 1 1 1 1 0 4
350.0 1 1 1 1 0 4
355.0 1 1 1 1 0 4
360.0 1 1 1 1 0 4
365.0 1 1 1 2 0 5
370.0 3 1 1 2 0 7
375.0 2 1 1 2 0 6
380.0 3 1 1 1 0 6
385.0 3 2 1 1 0 7
390.0 3 1 1 1 0 6
395.0 3 1 1 1 0 6
400.0 2 1 1 1 0 5
405.0 3 1 2 1 0 7
410.0 5 1 2 2 0 10
415.0 5 1 2 2 0 10
420.0 5 1 2 2 0 10
425.0 5 3 3 1 0 12
430.0 6 3 6 1 0 16
435.0 6 5 6 1 0 18
440.0 6 4 7 4 0 21
445.0 6 6 8 3 0 23
450.0 8 7 9 5 0 29
455.0 7 7 9 6 0 29
460.0 6 8 8 8 0 30
465.0 7 8 9 8 0 32
470.0 6 9 8 9 0 32
475.0 7 7 9 9 3 35
480.0 9 11 11 7 4 42
485.0 14 9 12 9 4 48
490.0 13 10 15 10 4 52
495.0 13 7 18 9 5 52
500.0 13 7 20 8 5 53
505.0 12 7 22 7 5 53
510.0 14 11 22 7 5 59
515.0 17 12 20 7 6 62
520.0 16 11 21 8 7 63
525.0 15 12 20 10 7 64
530.0 15 11 22 11 6 65
535.0 14 15 20 11 6 66
540.0 17 17 19 9 7 69
545.0 22 20 17 10 8 77
550.0 22 19 21 13 8 83
555.0 24 20 21 13 7 85
560.0 20 17 24 14 8 83
565.0 21 22 25 12 7 87
570.0 21 25 26 13 8 93
575.0 24 26 28 12 8 98
580.0 25 24 26 13 9 97
585.0 22 21 27 11 9 90
590.0 22 22 25 12 9 90
595.0 23 23 25 13 9 93
600.0 24 27 30 13 9 103
605.0 25 30 33 15 9 112
610.0 27 31 30 14 10 112
615.0 26 35 30 19 10 120
620.0 27 33 33 16 12 121
625.0 25 36 29 14 13 117
630.0 24 39 30 13 11 117
635.0 25 38 34 14 11 122
640.0 29 35 32 14 11 121
645.0 26 33 31 14 12 116
650.0 28 36 27 15 14 120
655.0 29 41 22 15 15 122
660.0 30 37 22 16 12 117
665.0 27 36 21 20 12 116
670.0 26 35 23 22 11 117
675.0 25 35 26 21 10 117
680.0 25 31 22 16 12 106
685.0 24 28 21 13 13 99
690.0 25 23 23 11 11 93
695.0 25 21 27 9 12 94
700.0 26 23 30 7 12 98
705.0 26 18 30 7 13 94
710.0 25 18 32 10 12 97
715.0 26 17 30 9 11 93
720.0 23 15 35 10 11 94
725.0 24 17 34 10 10 95
730.0 25 19 28 11 9 92
735.0 23 18 27 12 10 90
740.0 23 20 30 11 10 94
745.0 23 20 32 10 8 93
750.0 24 19 27 9 7 86
755.0 22 19 25 10 6 82
760.0 22 17 25 11 5 80
765.0 26 15 23 14 4 82
770.0 25 15 22 17 7 86
775.0 23 16 22 17 7 85
780.0 22 11 22 19 8 82
785.0 23 11 17 17 9 77
790.0 20 11 17 19 8 75
795.0 20 14 17 14 7 72
800.0 21 17 19 12 5 74
805.0 17 18 17 12 5 69
810.0 19 18 16 9 6 68
815.0 17 21 16 9 8 71
820.0 17 22 20 12 9 80
825.0 17 21 20 12 9 79
830.0 19 23 21 12 10 85
835.0 20 19 27 14 9 89
840.0 21 20 25 13 9 88
845.0 22 20 30 13 9 94
850.0 20 20 26 15 8 89
855.0 20 22 26 12 8 88
860.0 17 27 26 12 8 90
865.0 20 28 26 13 7 94
870.0 22 32 27 11 7 99
875.0 20 33 25 16 6 100
880.0 20 36 25 13 5 99
885.0 21 35 29 11 9 105
890.0 24 34 33 13 9 113
895.0 23 32 34 11 9 109
900.0 22 30 35 13 10 110
905.0 19 30 39 13 8 109
910.0 18 22 39 18 7 104
915.0 18 23 38 18 8 105
920.0 19 23 37 19 8 106
925.0 24 26 34 16 9 109
930.0 24 28 36 12 9 109
935.0 23 31 40 11 9 114
940.0 23 28 39 14 9 113
945.0 21 28 37 14 7 107
950.0 25 27 36 13 7 108
955.0 26 25 32 12 5 100
960.0 26 24 31 16 6 103
965.0 24 23 27 16 6 96
970.0 27 25 30 17 6 105
975.0 28 27 32 18 7 112
980.0 29 30 31 19 6 115
985.0 26 31 33 17 7 114
990.0 24 30 35 19 7 115
995.0 23 27 41 20 8 119
1000.0 23 30 42 16 12 123
1005.0 26 27 44 17 11 125
1010.0 27 26 44 18 10 125
1015.0 26 25 48 17 10 126
1020.0 24 25 46 18 9 122
1025.0 20 25 46 17 12 120
1030.0 24 23 42 19 13 121
1035.0 25 25 45 20 16 131
1040.0 28 26 45 19 16 134
1045.0 26 31 43 18 16 134
1050.0 24 32 41 20 15 132
1055.0 22 34 37 21 14 128
1060.0 21 35 37 24 15 132
1065.0 24 32 37 23 15 131
1070.0 25 33 34 25 18 135
1075.0 24 32 33 25 19 133
1080.0 21 33 34 25 19 132
1085.0 23 31 34 24 19 131
1090.0 23 32 35 27 20 137
1095.0 22 31 36 27 20 136
1100.0 24 30 33 28 19 134
1105.0 26 29 39 27 22 143
1110.0 26 26 41 28 23 144
1115.0 20 23 41 32 21 137
1120.0 27 22 39 31 21 140
1125.0 26 21 37 27 21 132
1130.0 28 22 36 25 20 131
1135.0 32 19 37 22 21 131
1140.0 33 18 42 19 21 133
1145.0 30 21 40 20 19 130
1150.0 31 23 37 22 17 130
1155.0 27 30 38 24 17 136
1160.0 31 32 40 22 15 140
1165.0 29 28 40 18 14 129
1170.0 28 31 38 15 10 122
1175.0 23 34 34 15 11 117
1180.0 23 33 33 16 9 114
1185.0 24 30 28 13 8 103
1190.0 27 29 28 11 9 104
1195.0 24 22 30 11 9 96
1200.0 23 20 33 10 10 96
1205.0 23 20 30 10 11 94
1210.0 18 19 29 12 11 89
1215.0 19 16 26 10 10 81
1220.0 19 17 26 8 9 79
1225.0 18 17 23 6 7 71
1230.0 17 17 22 7 6 69
1235.0 17 14 20 5 6 62
1240.0 15 14 20 4 7 60
1245.0 14 14 19 4 7 58
1250.0 15 17 15 4 6 57
1255.0 17 15 15 6 8 61
1260.0 19 14 15 5 6 59
1265.0 14 12 15 6 6 53
1270.0 15 9 15 7 6 52
1275.0 13 8 18 4 6 49
1280.0 11 5 15 5 4 40
1285.0 9 6 14 4 4 37
1290.0 8 6 12 4 4 34
1295.0 7 5 10 6 6 34
1300.0 7 4 10 6 4 31
1305.0 6 3 8 5 3 25
1310.0 7 2 9 4 1 23
1315.0 5 1 9 5 1 21
1320.0 3 2 8 4 0 17
1325.0 3 2 10 3 0 18
1330.0 4 2 10 2 0 18
1335.0 5 1 10 1 0 17
1340.0 4 1 9 1 1 16
1345.0 4 0 8 1 1 14
1350.0 5 0 6 0 2 13
1355.0 4 0 6 0 2 12
1360.0 3 2 5 0 2 12
1365.0 1 2 5 0 2 10
1370.0 2 4 3 0 1 10
1375.0 2 3 2 0 1 8
1380.0 1 3 2 0 1 7
1385.0 1 2 1 0 1 5
1390.0 1 2 0 0 1 4
1395.0 1 1 0 0 0 2
1400.0 1 1 0 0 0 2
1405.0 1 1 0 0 0 2
1410.0 1 2 0 0 0 3
1415.0 1 2 0 0 0 3
1420.0 1 2 0 0 0 3
1425.0 1 1 1 0 0 3
1430.0 0 1 1 0 0 2
1435.0 0 1 1 0 0 2
