5.0 0 0 0 0 0 0
10.0 0 0 0 0 0 0
15.0 0 0 0 0 0 0
20.0 0 0 0 0 0 0
25.0 0 0 0 0 0 0
30.0 0 0 0 0 0 0
35.0 0 0 0 0 0 0
40.0 0 0 0 0 0 0
45.0 0 0 0 0 0 0
50.0 0 0 0 0 0 0
55.0 0 0 0 0 0 0
60.0 0 0 0 0 0 0
65.0 0 0 0 0 0 0
70.0 0 0 0 0 0 0
75.0 0 0 0 0 0 0
80.0 0 0 0 0 0 0
85.0 0 0 0 0 0 0
90.0 0 0 0 0 0 0
95.0 0 0 0 0 0 0
100.0 0 0 0 0 0 0
105.0 0 0 0 0 0 0
110.0 0 0 0 0 0 0
115.0 0 0 0 0 0 0
120.0 0 0 0 0 0 0
125.0 0 0 0 0 0 0
130.0 0 0 0 0 0 0
135.0 0 0 0 0 0 0
140.0 0 0 0 0 0 0
145.0 0 0 0 0 0 0
150.0 0 0 0 0 0 0
155.0 0 0 0 0 0 0
160.0 0 0 0 0 0 0
165.0 0 0 0 0 0 0
170.0 0 0 0 0 0 0
175.0 0 0 0 0 0 0
180.0 0 0 0 0 0 0
185.0 0 0 0 0 0 0
190.0 0 0 0 0 0 0
195.0 0 1 0 0 0 1
200.0 0 1 0 0 0 1
205.0 0 1 0 0 0 1
210.0 0 1 0 0 0 1
215.0 0 1 0 0 0 1
220.0 0 1 0 0 0 1
225.0 0 0 0 0 0 0
230.0 0 0 0 0 0 0
235.0 0 0 0 0 0 0
240.0 0 0 0 0 0 0
245.0 0 1 0 0 0 1
250.0 0 1 0 0 0 1
255.0 0 1 0 0 0 1
260.0 0 1 0 0 0 1
265.0 0 1 0 0 0 1
270.0 0 1 0 0 0 1
275.0 0 1 0 0 0 1
280.0 0 1 0 0 0 1
285.0 0 1 0 0 0 1
290.0 0 1 0 0 0 1
295.0 0 1 0 0 0 1
300.0 0 1 0 0 0 1
305.0 0 0 0 0 0 0
310.0 0 0 0 0 0 0
315.0 0 0 0 0 0 0
320.0 1 0 0 0 0 1
325.0 1 0 0 0 0 1
330.0 1 0 0 0 0 1
335.0 1 1 0 0 0 2
340.0 1 1 0 0 0 2
345.0 1 1 0 0 0 2
350.0 1 1 0 0 0 2
355.0 1 1 0 1 0 3
360.0 1 3 0 1 0 5
365.0 1 3 0 0 0 4
370.0 1 2 0 0 0 3
375.0 2 1 0 0 0 3
380.0 2 1 0 0 0 3
385.0 1 1 0 0 0 2
390.0 2 1 0 0 0 3
395.0 2 1 0 0 0 3
400.0 2 1 0 0 0 3
405.0 2 1 0 0 0 3
410.0 2 1 0 1 0 4
415.0 1 1 1 1 0 4
420.0 1 1 1 1 0 4
425.0 4 0 3 1 0 8
430.0 3 3 3 0 0 9
435.0 4 3 4 0 0 11
440.0 6 3 5 0 0 14
445.0 5 4 4 0 0 13
450.0 4 5 7 0 0 16
455.0 3 7 6 0 1 17
460.0 4 7 5 1 1 18
465.0 6 7 5 2 1 21
470.0 5 9 9 2 2 27
475.0 7 8 9 1 2 27
480.0 8 9 7 1 3 28
485.0 8 9 6 2 3 28
490.0 10 9 5 2 3 29
495.0 10 5 6 4 2 27
500.0 12 7 6 4 2 31
505.0 13 9 4 5 2 33
510.0 12 9 8 5 4 38
515.0 10 10 8 5 4 37
520.0 9 11 9 6 5 40
525.0 9 12 9 8 5 43
530.0 11 12 12 8 5 48
535.0 10 13 12 9 7 51
540.0 9 12 15 9 7 52
545.0 8 12 16 11 7 54
550.0 8 13 16 10 7 54
555.0 9 13 14 11 7 54
560.0 8 10 17 11 7 53
565.0 8 9 22 10 7 56
570.0 10 12 21 10 8 61
575.0 10 11 19 11 8 59
580.0 7 14 16 12 9 58
585.0 7 14 19 10 10 60
590.0 8 15 22 10 11 66
595.0 9 17 25 6 10 67
600.0 8 16 25 5 9 63
605.0 7 17 26 6 6 62
610.0 8 15 24 6 8 61
615.0 10 20 24 5 7 66
620.0 10 21 24 5 9 69
625.0 11 23 25 5 7 71
630.0 12 24 24 6 7 73
635.0 11 28 24 9 7 79
640.0 15 28 26 7 7 83
645.0 15 23 26 7 7 78
650.0 17 25 25 8 8 83
655.0 16 25 23 6 9 79
660.0 14 24 24 5 6 73
665.0 12 21 30 6 6 75
670.0 16 20 28 7 5 76
675.0 14 21 26 6 6 73
680.0 14 19 27 8 6 74
685.0 11 19 24 8 6 68
690.0 10 19 27 8 5 69
695.0 12 18 23 8 7 68
700.0 13 18 25 11 9 76
705.0 15 17 25 12 9 78
710.0 13 18 26 13 8 78
715.0 10 19 22 10 8 69
720.0 10 17 21 12 6 66
725.0 13 16 19 11 5 64
730.0 13 12 18 11 4 58
735.0 14 11 17 15 6 63
740.0 10 13 17 14 7 61
745.0 10 12 19 13 6 60
750.0 11 13 18 12 7 61
755.0 9 15 17 9 6 56
760.0 11 14 16 9 6 56
765.0 10 15 16 10 6 57
770.0 11 13 17 10 8 59
775.0 13 11 15 10 8 57
780.0 13 9 15 8 8 53
785.0 17 10 13 6 7 53
790.0 16 10 15 8 6 55
795.0 14 9 18 8 6 55
800.0 14 10 17 9 6 56
805.0 16 11 17 9 6 59
810.0 15 13 18 9 6 61
815.0 18 12 14 8 6 58
820.0 21 9 18 7 6 61
825.0 19 11 20 11 8 69
830.0 18 11 20 12 8 69
835.0 20 9 19 13 10 71
840.0 16 10 21 13 10 70
845.0 15 12 20 14 10 71
850.0 17 12 17 13 9 68
855.0 14 14 15 15 10 68
860.0 15 14 20 15 9 73
865.0 18 12 22 13 9 74
870.0 15 13 25 11 8 72
875.0 13 13 24 11 6 67
880.0 15 12 21 11 5 64
885.0 17 10 23 10 7 67
890.0 16 9 24 10 7 66
895.0 15 8 25 11 6 65
900.0 15 10 24 12 5 66
905.0 14 10 24 12 5 65
910.0 15 10 23 13 5 66
915.0 16 11 20 12 5 64
920.0 18 12 22 11 5 68
925.0 13 15 23 15 6 72
930.0 14 16 20 16 6 72
935.0 12 15 23 14 5 69
940.0 13 15 23 11 4 66
945.0 12 14 23 15 6 70
950.0 13 15 18 13 8 67
955.0 11 18 19 12 8 68
960.0 12 20 19 13 9 73
965.0 11 21 19 13 8 72
970.0 14 19 18 12 9 72
975.0 14 21 17 14 9 75
980.0 14 18 18 16 8 74
985.0 13 19 22 19 8 81
990.0 10 21 21 18 9 79
995.0 9 19 19 16 9 72
1000.0 10 22 18 14 8 72
1005.0 8 23 17 12 8 68
1010.0 9 22 20 11 6 68
1015.0 9 20 25 10 6 70
1020.0 12 18 24 10 6 70
1025.0 15 16 24 11 4 70
1030.0 10 18 24 8 6 66
1035.0 10 18 19 7 6 60
1040.0 11 16 19 8 6 60
1045.0 13 13 22 6 5 59
1050.0 13 10 25 8 4 60
1055.0 14 14 26 8 4 66
1060.0 15 14 23 6 5 63
1065.0 16 12 24 4 6 62
1070.0 14 11 23 5 6 59
1075.0 15 11 23 8 6 63
1080.0 12 14 24 7 7 64
1085.0 15 17 22 8 7 69
1090.0 13 20 19 8 7 67
1095.0 14 21 18 8 5 66
1100.0 12 18 20 9 5 64
1105.0 12 16 18 9 5 60
1110.0 14 17 17 7 5 60
1115.0 11 18 18 6 5 58
1120.0 14 19 20 5 6 64
1125.0 14 19 21 7 7 68
1130.0 16 16 23 4 6 65
1135.0 15 14 22 5 6 62
1140.0 15 14 19 6 6 60
1145.0 16 12 19 7 8 62
1150.0 15 11 18 8 10 62
1155.0 17 10 17 7 9 60
1160.0 16 11 17 8 8 60
1165.0 14 14 18 7 7 60
1170.0 13 13 16 7 6 55
1175.0 11 13 16 4 7 51
1180.0 15 16 13 3 6 53
1185.0 16 16 13 2 5 52
1190.0 16 18 12 2 5 53
1195.0 16 17 13 2 5 53
1200.0 12 17 13 3 4 49
1205.0 14 15 13 4 4 50
1210.0 13 12 11 6 5 47
1215.0 11 11 9 5 4 40
1220.0 10 10 9 7 4 40
1225.0 10 10 8 8 3 39
1230.0 11 8 10 6 2 37
1235.0 12 10 10 6 4 42
1240.0 9 9 9 7 5 39
1245.0 8 8 9 9 5 39
1250.0 7 5 9 10 5 36
1255.0 9 5 7 8 6 35
1260.0 6 4 4 6 6 26
1265.0 5 3 1 4 6 19
1270.0 4 5 0 4 5 18
1275.0 6 5 0 2 5 18
1280.0 5 2 2 1 4 14
1285.0 5 4 3 1 4 17
1290.0 5 5 4 1 4 19
1295.0 5 3 4 1 3 16
1300.0 4 3 3 0 3 13
1305.0 3 3 3 0 3 12
1310.0 3 2 3 0 3 11
1315.0 2 2 4 0 3 11
1320.0 2 2 3 1 3 11
1325.0 2 1 3 1 3 10
1330.0 1 1 2 1 3 8
1335.0 0 2 2 0 3 7
1340.0 0 2 1 0 3 6
1345.0 0 1 0 0 2 3
1350.0 0 1 0 0 1 2
1355.0 0 0 0 0 1 1
1360.0 0 0 0 0 1 1
1365.0 0 0 0 0 1 1
1370.0 0 0 0 0 1 1
1375.0 0 0 0 0 1 1
1380.0 0 0 0 0 1 1
1385.0 0 0 0 0 0 0
1390.0 0 0 0 0 0 0
1395.0 0 0 0 0 0 0
1400.0 0 0 0 0 0 0
1405.0 0 0 0 0 1 1
1410.0 0 0 0 0 1 1
1415.0 0 0 0 0 1 1
1420.0 0 0 0 0 1 1
1425.0 0 0 0 0 1 1
1430.0 0 0 0 0 1 1
1435.0 0 0 0 0 1 1
