5.0 0 0 0 0 0 0
10.0 0 0 0 0 0 0
15.0 0 0 0 0 0 0
20.0 0 0 0 0 0 0
25.0 0 0 0 0 0 0
30.0 0 0 0 0 0 0
35.0 0 0 0 0 0 0
40.0 0 0 0 0 0 0
45.0 0 0 0 0 0 0
50.0 0 0 0 0 0 0
55.0 0 0 0 0 0 0
60.0 0 0 0 0 0 0
65.0 0 0 0 0 0 0
70.0 0 0 0 0 0 0
75.0 0 0 0 0 0 0
80.0 0 0 0 0 0 0
85.0 0 0 0 0 0 0
90.0 0 0 0 0 0 0
95.0 0 0 0 0 0 0
100.0 0 0 0 0 0 0
105.0 0 0 0 0 0 0
110.0 0 0 0 0 0 0
115.0 0 0 0 0 0 0
120.0 0 0 0 0 0 0
125.0 0 0 0 0 0 0
130.0 0 0 0 0 0 0
135.0 0 0 0 0 0 0
140.0 0 0 0 0 0 0
145.0 0 0 0 0 0 0
150.0 0 0 0 0 0 0
155.0 0 0 0 0 0 0
160.0 0 0 0 0 0 0
165.0 0 0 0 0 0 0
170.0 0 0 0 0 0 0
175.0 0 0 0 0 0 0
180.0 0 0 0 0 0 0
185.0 0 0 0 0 0 0
190.0 0 0 0 0 0 0
195.0 0 0 0 0 0 0
200.0 0 0 0 0 0 0
205.0 0 0 0 0 0 0
210.0 0 0 0 0 0 0
215.0 0 0 0 0 0 0
220.0 0 0 0 0 0 0
225.0 0 0 0 0 0 0
230.0 0 0 0 0 0 0
235.0 0 0 0 0 0 0
240.0 0 0 0 0 0 0
245.0 0 0 0 0 0 0
250.0 0 0 0 0 0 0
255.0 0 0 0 0 0 0
260.0 0 0 0 0 0 0
265.0 0 0 0 0 0 0
270.0 0 0 0 0 0 0
275.0 0 0 0 0 0 0
280.0 0 0 0 0 0 0
285.0 0 0 0 0 0 0
290.0 0 0 0 0 0 0
295.0 0 0 0 0 0 0
300.0 0 0 0 0 0 0
305.0 0 0 0 0 0 0
310.0 0 0 0 1 0 1
315.0 0 0 0 1 0 1
320.0 0 0 0 1 0 1
325.0 0 0 0 1 0 1
330.0 0 0 0 1 0 1
335.0 0 0 0 1 0 1
340.0 0 0 0 1 0 1
345.0 0 0 0 1 0 1
350.0 0 0 0 1 0 1
355.0 0 0 0 1 0 1
360.0 0 0 0 1 0 1
365.0 0 0 0 1 0 1
370.0 0 0 0 1 0 1
375.0 0 0 0 1 0 1
380.0 0 0 1 0 0 1
385.0 0 0 1 0 0 1
390.0 0 0 1 0 0 1
395.0 0 0 3 0 0 3
400.0 0 0 2 0 0 2
405.0 0 0 2 0 0 2
410.0 0 0 1 0 0 1
415.0 1 0 0 0 0 1
420.0 1 1 0 0 0 2
425.0 1 1 0 0 0 2
430.0 1 2 0 0 0 3
435.0 0 2 0 0 1 3
440.0 1 2 1 1 1 6
445.0 2 1 1 1 2 7
450.0 3 1 1 1 2 8
455.0 2 1 1 1 2 7
460.0 2 1 1 1 2 7
465.0 1 1 2 3 1 8
470.0 1 2 2 3 1 9
475.0 1 2 2 3 1 9
480.0 1 3 3 1 1 9
485.0 0 3 3 2 1 9
490.0 0 4 3 2 1 10
495.0 0 6 3 2 1 12
500.0 0 6 3 2 1 12
505.0 1 6 4 2 1 14
510.0 1 5 4 2 1 13
515.0 1 5 5 3 1 15
520.0 2 4 5 3 1 15
525.0 3 5 7 3 1 19
530.0 2 4 7 3 1 17
535.0 3 6 6 3 1 19
540.0 2 7 6 5 2 22
545.0 2 7 6 5 1 21
550.0 3 8 6 4 1 22
555.0 3 8 7 4 1 23
560.0 4 7 7 3 2 23
565.0 4 5 6 3 2 20
570.0 4 6 7 2 1 20
575.0 5 4 8 4 1 22
580.0 5 6 7 4 1 23
585.0 4 8 7 4 2 25
590.0 3 7 9 4 3 26
595.0 4 7 10 3 5 29
600.0 7 8 11 4 5 35
605.0 9 6 14 3 5 37
610.0 10 5 17 2 6 40
615.0 10 5 16 3 6 40
620.0 10 5 14 4 6 39
625.0 10 4 10 4 4 32
630.0 11 4 11 4 4 34
635.0 11 4 9 4 3 31
640.0 9 5 9 4 4 31
645.0 10 4 11 4 4 33
650.0 9 7 13 5 4 38
655.0 8 7 12 6 4 37
660.0 6 8 12 7 4 37
665.0 5 10 13 6 4 38
670.0 6 12 14 6 5 43
675.0 7 10 13 5 4 39
680.0 5 13 13 4 2 37
685.0 7 12 11 3 1 34
690.0 7 9 10 2 1 29
695.0 9 9 8 2 1 29
700.0 9 9 10 2 1 31
705.0 8 8 13 3 1 33
710.0 9 7 11 4 1 32
715.0 6 9 9 4 1 29
720.0 6 8 8 3 1 26
725.0 8 6 5 3 1 23
730.0 8 7 6 3 0 24
735.0 9 7 6 3 0 25
740.0 10 6 5 2 0 23
745.0 9 7 5 1 0 22
750.0 9 8 6 1 1 25
755.0 9 8 5 1 1 24
760.0 9 8 6 1 1 25
765.0 8 6 7 3 1 25
770.0 7 5 6 4 1 23
775.0 7 5 4 3 1 20
780.0 8 5 6 1 1 21
785.0 7 5 7 1 2 22
790.0 6 3 7 1 2 19
795.0 5 2 6 1 2 16
800.0 4 2 4 2 2 14
805.0 5 1 4 3 3 16
810.0 6 1 3 3 2 15
815.0 5 1 4 3 2 15
820.0 4 2 5 3 2 16
825.0 6 3 4 4 2 19
830.0 6 2 5 3 3 19
835.0 5 3 7 1 3 19
840.0 5 3 8 2 3 21
845.0 4 5 8 1 3 21
850.0 5 7 7 2 3 24
855.0 6 8 8 2 3 27
860.0 6 6 7 2 3 24
865.0 6 6 7 2 3 24
870.0 6 6 6 2 3 23
875.0 6 8 5 2 3 24
880.0 6 9 4 2 3 24
885.0 6 8 6 2 3 25
890.0 6 7 8 3 2 26
895.0 6 6 9 6 2 29
900.0 6 5 9 7 2 29
905.0 6 4 8 7 2 27
910.0 8 4 7 6 2 27
915.0 8 5 6 6 2 27
920.0 10 3 5 6 3 27
925.0 8 7 6 6 3 30
930.0 8 8 5 6 3 30
935.0 7 8 4 4 3 26
940.0 6 8 5 3 4 26
945.0 6 8 5 3 4 26
950.0 6 8 4 3 3 24
955.0 5 7 5 3 4 24
960.0 6 8 7 3 4 28
965.0 5 8 5 3 5 26
970.0 5 12 3 2 5 27
975.0 4 11 2 3 5 25
980.0 4 11 3 4 5 27
985.0 4 10 4 4 6 28
990.0 3 10 4 4 5 26
995.0 3 12 4 5 4 28
1000.0 2 13 6 4 5 30
1005.0 3 11 8 5 7 34
1010.0 2 11 8 4 9 34
1015.0 2 11 8 5 9 35
1020.0 3 7 6 4 8 28
1025.0 3 7 5 4 9 28
1030.0 3 8 5 3 8 27
1035.0 2 8 5 3 8 26
1040.0 3 7 4 4 7 25
1045.0 2 10 3 4 6 25
1050.0 3 11 5 4 6 29
1055.0 3 11 6 3 6 29
1060.0 5 14 5 4 7 35
1065.0 7 13 5 3 6 34
1070.0 9 13 5 4 6 37
1075.0 9 13 4 3 6 35
1080.0 9 12 8 2 7 38
1085.0 13 12 9 1 6 41
1090.0 13 8 9 3 6 39
1095.0 11 8 9 3 6 37
1100.0 12 7 9 3 7 38
1105.0 14 7 8 2 7 38
1110.0 11 7 10 2 7 37
1115.0 11 8 13 3 7 42
1120.0 10 7 17 3 7 44
1125.0 12 7 13 0 6 38
1130.0 11 6 11 0 6 34
1135.0 12 6 14 0 7 39
1140.0 10 10 13 0 6 39
1145.0 11 13 11 1 4 40
1150.0 9 14 10 2 5 40
1155.0 11 12 8 2 6 39
1160.0 11 10 10 4 4 39
1165.0 10 8 11 4 3 36
1170.0 8 9 11 5 3 36
1175.0 7 10 11 6 3 37
1180.0 8 14 13 4 3 42
1185.0 6 13 15 4 4 42
1190.0 5 13 15 4 4 41
1195.0 4 14 14 5 4 41
1200.0 6 11 14 7 5 43
1205.0 5 11 13 6 6 41
1210.0 3 11 12 6 7 39
1215.0 3 10 11 6 7 37
1220.0 4 10 9 5 7 35
1225.0 5 10 9 4 6 34
1230.0 6 10 7 3 5 31
1235.0 6 8 8 3 4 29
1240.0 6 7 8 3 2 26
1245.0 7 7 8 2 2 26
1250.0 5 6 8 4 2 25
1255.0 5 5 8 3 2 23
1260.0 5 6 8 2 2 23
1265.0 4 5 5 2 2 18
1270.0 4 5 5 2 2 18
1275.0 3 4 6 3 2 18
1280.0 2 3 4 4 2 15
1285.0 1 2 5 4 2 14
1290.0 1 1 7 2 3 14
1295.0 0 1 6 1 3 11
1300.0 0 1 3 1 3 8
1305.0 0 1 3 1 2 7
1310.0 0 1 3 0 2 6
1315.0 3 1 1 0 2 7
1320.0 3 1 1 0 2 7
1325.0 4 2 0 0 2 8
1330.0 3 2 0 0 2 7
1335.0 2 2 0 0 1 5
1340.0 1 2 1 0 1 5
1345.0 1 1 1 0 1 4
1350.0 1 1 1 0 1 4
1355.0 0 1 1 0 1 3
1360.0 0 1 1 0 0 2
1365.0 0 1 1 0 0 2
1370.0 0 1 1 0 0 2
1375.0 0 1 1 0 0 2
1380.0 0 1 1 0 0 2
1385.0 1 1 0 0 0 2
1390.0 1 0 0 0 0 1
1395.0 1 0 0 0 0 1
1400.0 0 0 0 1 0 1
1405.0 0 0 0 1 0 1
1410.0 1 0 0 1 0 2
1415.0 1 0 0 0 0 1
1420.0 1 0 0 0 0 1
1425.0 1 0 0 0 0 1
1430.0 1 0 0 0 0 1
1435.0 1 0 0 0 0 1
