5.0 0 0 0 0 0 0
10.0 0 0 0 0 0 0
15.0 0 0 0 0 0 0
20.0 0 0 0 0 0 0
25.0 0 0 0 0 0 0
30.0 0 0 0 0 0 0
35.0 0 0 0 0 0 0
40.0 0 0 0 0 0 0
45.0 0 0 0 0 0 0
50.0 0 0 0 0 0 0
55.0 0 0 0 0 0 0
60.0 0 0 0 0 0 0
65.0 0 0 0 0 0 0
70.0 0 0 0 0 0 0
75.0 0 0 0 0 0 0
80.0 0 0 0 0 0 0
85.0 0 0 0 0 0 0
90.0 0 0 0 0 0 0
95.0 0 0 0 0 0 0
100.0 0 0 0 0 0 0
105.0 0 0 0 0 0 0
110.0 0 0 0 0 0 0
115.0 0 0 0 0 0 0
120.0 0 0 0 0 0 0
125.0 0 0 0 0 0 0
130.0 0 0 0 0 0 0
135.0 0 0 0 0 0 0
140.0 0 0 0 0 0 0
145.0 0 0 0 0 0 0
150.0 0 0 0 0 0 0
155.0 0 0 0 0 0 0
160.0 0 0 0 0 0 0
165.0 0 0 0 0 0 0
170.0 0 0 0 0 0 0
175.0 0 0 0 0 0 0
180.0 0 0 0 0 0 0
185.0 0 0 0 0 0 0
190.0 0 0 0 0 0 0
195.0 0 0 0 0 0 0
200.0 0 0 0 0 0 0
205.0 0 0 0 0 0 0
210.0 0 0 0 0 0 0
215.0 0 0 0 0 0 0
220.0 0 0 0 0 0 0
225.0 0 0 0 0 0 0
230.0 0 0 0 0 0 0
235.0 0 0 0 0 0 0
240.0 0 0 0 0 0 0
245.0 0 0 0 0 0 0
250.0 0 0 0 0 0 0
255.0 0 0 0 0 0 0
260.0 0 0 0 0 0 0
265.0 0 0 0 0 0 0
270.0 0 0 0 0 0 0
275.0 0 0 0 0 0 0
280.0 0 0 0 0 0 0
285.0 0 0 0 0 0 0
290.0 0 0 0 0 0 0
295.0 0 0 0 0 0 0
300.0 0 0 0 0 0 0
305.0 0 0 0 0 0 0
310.0 0 0 0 0 0 0
315.0 0 0 0 0 0 0
320.0 0 0 0 0 0 0
325.0 0 0 0 0 0 0
330.0 0 0 0 0 0 0
335.0 0 0 0 0 0 0
340.0 0 0 0 0 0 0
345.0 0 0 0 0 0 0
350.0 0 0 0 0 0 0
355.0 0 0 0 0 0 0
360.0 0 0 0 0 0 0
365.0 0 0 0 0 0 0
370.0 0 0 0 0 0 0
375.0 0 0 0 0 0 0
380.0 0 0 0 0 0 0
385.0 0 0 0 0 0 0
390.0 0 0 0 0 0 0
395.0 0 0 1 0 0 1
400.0 0 0 1 0 0 1
405.0 0 0 1 0 0 1
410.0 0 0 1 0 0 1
415.0 0 0 1 0 0 1
420.0 0 0 1 0 0 1
425.0 0 0 1 0 0 1
430.0 0 0 1 0 0 1
435.0 0 1 1 0 0 2
440.0 0 1 0 0 0 1
445.0 0 1 0 0 0 1
450.0 0 2 0 1 0 3
455.0 0 2 0 1 0 3
460.0 0 2 0 1 0 3
465.0 0 2 1 0 0 3
470.0 0 2 1 0 0 3
475.0 0 2 1 0 0 3
480.0 0 2 1 0 0 3
485.0 0 2 1 0 1 4
490.0 0 2 0 0 1 3
495.0 0 2 0 0 1 3
500.0 1 0 0 0 1 2
505.0 1 0 1 0 1 3
510.0 1 0 1 0 1 3
515.0 1 1 1 0 1 4
520.0 1 1 1 1 1 5
525.0 1 2 0 1 1 5
530.0 1 4 1 1 1 8
535.0 0 5 1 1 1 8
540.0 1 4 2 1 1 9
545.0 1 5 2 1 1 10
550.0 1 4 3 1 1 10
555.0 1 4 4 1 1 11
560.0 2 3 4 1 1 11
565.0 1 1 2 1 1 6
570.0 1 1 2 1 2 7
575.0 1 1 3 1 2 8
580.0 1 2 3 1 2 9
585.0 1 2 3 1 2 9
590.0 3 3 3 0 1 10
595.0 2 3 4 0 1 10
600.0 2 3 3 0 1 9
605.0 2 2 3 0 1 8
610.0 2 2 2 0 1 7
615.0 2 3 2 0 1 8
620.0 1 3 2 0 1 7
625.0 1 3 3 0 1 8
630.0 0 2 3 0 0 5
635.0 1 2 3 0 0 6
640.0 2 2 3 0 0 7
645.0 2 2 3 0 1 8
650.0 2 2 3 0 1 8
655.0 4 2 2 0 1 9
660.0 5 2 1 0 1 9
665.0 5 2 1 0 1 9
670.0 5 2 1 0 1 9
675.0 5 3 1 0 1 10
680.0 5 2 1 0 0 8
685.0 5 2 2 0 0 9
690.0 5 2 2 0 0 9
695.0 3 1 3 0 0 7
700.0 3 0 4 0 0 7
705.0 2 1 4 0 0 7
710.0 1 1 4 0 0 6
715.0 2 1 3 0 0 6
720.0 2 1 3 0 0 6
725.0 2 2 4 0 0 8
730.0 2 2 4 0 1 9
735.0 3 2 4 0 1 10
740.0 2 3 5 0 1 11
745.0 2 3 4 0 1 10
750.0 3 2 3 1 1 10
755.0 3 2 2 1 1 9
760.0 2 2 2 1 1 8
765.0 2 2 2 1 1 8
770.0 2 2 2 1 2 9
775.0 2 2 2 1 2 9
780.0 2 2 2 1 2 9
785.0 2 2 0 2 1 7
790.0 2 2 2 2 1 9
795.0 2 2 3 2 1 10
800.0 2 2 2 2 1 9
805.0 2 1 2 3 1 9
810.0 1 1 2 4 0 8
815.0 1 1 3 4 0 9
820.0 2 1 2 3 0 8
825.0 4 2 1 3 0 10
830.0 4 2 0 3 0 9
835.0 3 2 0 4 0 9
840.0 3 2 0 4 0 9
845.0 4 2 0 3 0 9
850.0 4 3 0 2 0 9
855.0 5 3 0 2 0 10
860.0 5 3 0 0 0 8
865.0 4 3 0 0 0 7
870.0 4 3 0 0 0 7
875.0 4 2 0 0 0 6
880.0 4 1 0 0 0 5
885.0 3 1 1 0 0 5
890.0 2 0 3 0 0 5
895.0 2 0 3 1 0 6
900.0 2 1 3 1 0 7
905.0 2 2 3 1 0 8
910.0 2 2 4 1 0 9
915.0 1 3 4 1 0 9
920.0 1 4 4 1 0 10
925.0 2 4 4 1 0 11
930.0 2 4 4 1 0 11
935.0 1 4 4 1 0 10
940.0 1 5 3 1 0 10
945.0 1 3 3 0 0 7
950.0 1 2 2 0 0 5
955.0 0 2 2 0 0 4
960.0 1 2 2 0 0 5
965.0 1 2 2 0 0 5
970.0 1 3 2 0 0 6
975.0 2 2 0 1 0 5
980.0 2 2 0 1 0 5
985.0 2 2 0 1 0 5
990.0 1 1 1 1 0 4
995.0 1 1 1 1 0 4
1000.0 2 1 1 0 1 5
1005.0 1 2 2 0 1 6
1010.0 1 3 2 1 1 8
1015.0 1 3 2 1 1 8
1020.0 0 4 2 1 1 8
1025.0 0 5 1 1 1 8
1030.0 0 6 0 1 1 8
1035.0 0 5 0 0 2 7
1040.0 0 5 0 0 2 7
1045.0 0 4 0 0 1 5
1050.0 0 4 0 0 2 6
1055.0 0 4 0 2 2 8
1060.0 1 5 0 3 2 11
1065.0 1 5 1 3 2 12
1070.0 1 2 2 3 2 10
1075.0 1 2 2 3 2 10
1080.0 1 3 2 5 1 12
1085.0 1 2 2 4 1 10
1090.0 2 2 2 3 1 10
1095.0 2 2 2 3 1 10
1100.0 2 2 4 2 0 10
1105.0 2 2 3 2 0 9
1110.0 2 1 4 2 0 9
1115.0 2 1 4 2 0 9
1120.0 2 1 4 2 0 9
1125.0 2 3 3 1 0 9
1130.0 3 3 4 1 0 11
1135.0 3 3 4 1 0 11
1140.0 2 3 2 1 0 8
1145.0 2 2 3 1 1 9
1150.0 3 3 3 1 1 11
1155.0 2 3 3 1 1 10
1160.0 1 4 4 2 1 12
1165.0 1 4 4 2 1 12
1170.0 1 3 3 2 1 10
1175.0 1 3 4 2 1 11
1180.0 1 2 5 2 1 11
1185.0 1 2 5 2 1 11
1190.0 2 2 4 1 2 11
1195.0 2 2 5 0 2 11
1200.0 2 1 5 0 2 10
1205.0 2 1 5 0 2 10
1210.0 2 1 5 0 2 10
1215.0 1 2 3 0 2 8
1220.0 1 2 3 0 2 8
1225.0 1 1 2 0 1 5
1230.0 1 1 1 0 1 4
1235.0 1 1 1 0 1 4
1240.0 1 1 1 0 1 4
1245.0 0 2 1 0 1 4
1250.0 0 3 1 0 1 5
1255.0 0 2 1 0 1 4
1260.0 0 1 1 0 1 3
1265.0 0 2 1 0 1 4
1270.0 0 2 1 0 1 4
1275.0 0 2 1 0 1 4
1280.0 0 2 1 0 1 4
1285.0 0 2 0 0 1 3
1290.0 0 0 0 0 1 1
1295.0 0 0 0 0 0 0
1300.0 0 0 0 0 0 0
1305.0 0 0 0 0 0 0
1310.0 0 0 0 0 0 0
1315.0 0 0 0 0 0 0
1320.0 0 0 0 0 0 0
1325.0 0 0 0 0 0 0
1330.0 0 0 0 0 0 0
1335.0 0 0 0 0 0 0
1340.0 0 0 0 0 0 0
1345.0 0 0 0 0 0 0
1350.0 0 0 0 0 0 0
1355.0 0 0 0 0 0 0
1360.0 0 0 0 0 0 0
1365.0 0 0 0 0 0 0
1370.0 0 0 0 0 0 0
1375.0 0 0 0 0 0 0
1380.0 0 0 0 0 0 0
1385.0 0 0 0 0 0 0
1390.0 0 0 0 0 0 0
1395.0 0 0 0 0 0 0
1400.0 0 0 0 0 0 0
1405.0 0 0 0 0 0 0
1410.0 0 0 0 0 0 0
1415.0 0 0 0 0 0 0
1420.0 0 0 0 0 0 0
1425.0 0 0 0 0 0 0
1430.0 0 0 0 0 0 0
1435.0 0 0 0 0 0 0
