5.0 0 0 0 0 0 0
10.0 0 0 0 0 0 0
15.0 0 0 0 0 0 0
20.0 0 0 0 0 0 0
25.0 0 0 0 0 0 0
30.0 0 0 0 0 0 0
35.0 0 0 0 0 0 0
40.0 0 0 0 0 0 0
45.0 0 0 0 0 0 0
50.0 0 0 0 0 0 0
55.0 0 0 0 0 0 0
60.0 0 0 0 0 0 0
65.0 0 0 0 0 0 0
70.0 0 0 0 0 0 0
75.0 0 0 0 0 0 0
80.0 0 0 0 0 0 0
85.0 0 0 0 0 0 0
90.0 0 0 0 0 0 0
95.0 0 0 0 0 0 0
100.0 0 0 0 0 0 0
105.0 0 0 0 0 0 0
110.0 0 0 0 0 0 0
115.0 0 0 0 0 0 0
120.0 0 0 0 0 0 0
125.0 0 0 0 0 0 0
130.0 0 0 0 0 0 0
135.0 0 0 0 0 0 0
140.0 0 0 0 0 0 0
145.0 0 0 0 0 0 0
150.0 0 0 0 0 0 0
155.0 0 0 0 0 0 0
160.0 0 0 0 0 0 0
165.0 0 0 0 0 0 0
170.0 0 0 0 0 0 0
175.0 0 0 0 0 0 0
180.0 0 0 0 0 0 0
185.0 0 0 0 0 0 0
190.0 0 0 0 0 0 0
195.0 0 0 0 0 0 0
200.0 0 0 0 0 0 0
205.0 0 0 0 0 0 0
210.0 0 0 0 0 0 0
215.0 0 0 0 0 0 0
220.0 0 0 0 0 0 0
225.0 0 0 0 0 0 0
230.0 0 0 0 0 0 0
235.0 0 0 0 0 0 0
240.0 0 0 0 0 0 0
245.0 0 0 0 0 0 0
250.0 0 0 0 0 0 0
255.0 0 0 0 0 0 0
260.0 0 0 0 0 0 0
265.0 0 0 0 0 0 0
270.0 0 0 0 0 0 0
275.0 0 0 1 0 0 1
280.0 0 1 1 0 0 2
285.0 0 1 1 0 0 2
290.0 2 1 0 0 0 3
295.0 2 0 1 0 0 3
300.0 2 0 1 0 0 3
305.0 2 0 1 0 0 3
310.0 1 0 1 0 0 2
315.0 1 0 1 0 0 2
320.0 1 0 1 0 0 2
325.0 1 0 1 0 0 2
330.0 0 0 2 0 0 2
335.0 0 0 2 0 0 2
340.0 0 0 2 0 0 2
345.0 0 0 2 0 0 2
350.0 1 0 2 0 0 3
355.0 1 1 2 1 0 5
360.0 1 1 1 1 0 4
365.0 1 1 1 1 0 4
370.0 1 1 1 1 0 4
375.0 1 2 1 1 0 5
380.0 2 2 2 1 0 7
385.0 2 2 1 1 0 6
390.0 3 1 2 0 0 6
395.0 3 4 2 0 0 9
400.0 4 6 2 1 0 13
405.0 4 6 2 2 0 14
410.0 5 6 2 2 0 15
415.0 5 4 3 3 1 16
420.0 5 4 3 3 1 16
425.0 6 7 3 3 1 20
430.0 7 8 2 4 1 22
435.0 8 9 3 4 1 25
440.0 9 10 3 4 2 28
445.0 8 9 4 5 2 28
450.0 9 7 6 6 2 30
455.0 8 5 8 8 3 32
460.0 7 5 8 7 3 30
465.0 7 5 7 8 5 32
470.0 7 5 8 8 5 33
475.0 10 4 9 7 5 35
480.0 8 6 8 6 5 33
485.0 8 7 10 4 5 34
490.0 9 8 14 6 7 44
495.0 9 9 14 7 7 46
500.0 8 10 14 7 10 49
505.0 11 11 17 6 9 54
510.0 12 12 21 9 9 63
515.0 14 13 20 10 9 66
520.0 16 12 21 9 7 65
525.0 17 13 21 13 9 73
530.0 18 17 21 15 9 80
535.0 18 16 20 15 9 78
540.0 17 16 21 15 11 80
545.0 17 13 20 17 12 79
550.0 18 12 23 14 13 80
555.0 17 14 22 16 14 83
560.0 21 16 21 16 12 86
565.0 21 20 26 13 12 92
570.0 21 21 25 13 14 94
575.0 24 22 26 11 14 97
580.0 21 23 25 12 14 95
585.0 27 26 24 12 13 102
590.0 23 25 29 14 11 102
595.0 23 26 26 17 11 103
600.0 26 30 25 18 11 110
605.0 23 28 32 20 10 113
610.0 25 28 32 21 11 117
615.0 22 29 31 21 10 113
620.0 26 29 29 19 10 113
625.0 33 30 28 22 9 122
630.0 31 28 31 23 9 122
635.0 30 28 36 23 8 125
640.0 29 21 32 21 7 110
645.0 26 19 31 21 7 104
650.0 30 21 31 19 8 109
655.0 31 23 31 17 7 109
660.0 32 21 28 18 7 106
665.0 31 22 27 15 9 104
670.0 27 22 26 14 9 98
675.0 24 25 27 12 9 97
680.0 24 28 29 12 9 102
685.0 23 27 29 11 10 100
690.0 23 22 29 11 8 93
695.0 25 21 26 12 5 89
700.0 24 24 23 15 4 90
705.0 22 19 23 17 4 85
710.0 20 19 23 16 3 81
715.0 19 18 27 18 2 84
720.0 19 17 29 18 4 87
725.0 20 14 27 17 4 82
730.0 18 13 25 15 5 76
735.0 16 12 29 13 5 75
740.0 17 14 29 12 5 77
745.0 17 15 28 12 5 77
750.0 18 18 25 11 4 76
755.0 18 18 20 10 3 69
760.0 19 18 20 10 3 70
765.0 20 16 18 11 4 69
770.0 19 16 18 9 3 65
775.0 16 19 18 7 2 62
780.0 16 19 16 8 2 61
785.0 15 17 14 9 2 57
790.0 13 17 13 10 3 56
795.0 13 15 17 13 4 62
800.0 14 15 17 12 4 62
805.0 12 17 16 12 5 62
810.0 14 18 12 10 5 59
815.0 12 19 12 8 7 58
820.0 9 18 12 11 7 57
825.0 11 20 12 10 7 60
830.0 13 19 15 11 6 64
835.0 15 18 16 12 6 67
840.0 16 18 16 13 7 70
845.0 16 13 17 12 7 65
850.0 16 14 16 10 5 61
855.0 15 14 17 9 6 61
860.0 16 15 19 10 6 66
865.0 15 16 18 11 6 66
870.0 15 18 20 10 6 69
875.0 14 18 17 9 6 64
880.0 16 22 18 7 6 69
885.0 17 24 20 7 6 74
890.0 16 26 21 7 8 78
895.0 13 26 19 9 8 75
900.0 13 24 19 9 9 74
905.0 15 24 22 9 9 79
910.0 16 22 26 10 8 82
915.0 20 22 27 9 8 86
920.0 21 22 29 8 7 87
925.0 17 23 32 7 8 87
930.0 18 16 31 6 9 80
935.0 17 15 31 5 9 77
940.0 16 16 30 4 10 76
945.0 19 16 27 3 10 75
950.0 21 14 29 4 11 79
955.0 21 12 26 4 11 74
960.0 20 11 27 6 14 78
965.0 19 13 29 7 14 82
970.0 18 17 27 8 14 84
975.0 17 18 26 9 13 83
980.0 17 21 26 7 12 83
985.0 18 21 31 8 14 92
990.0 20 24 31 7 13 95
995.0 20 28 30 8 13 99
1000.0 21 32 31 8 12 104
1005.0 24 34 22 10 12 102
1010.0 22 38 21 10 13 104
1015.0 24 36 18 8 13 99
1020.0 22 36 15 12 14 99
1025.0 22 40 15 15 15 107
1030.0 23 34 16 17 16 106
1035.0 22 30 18 19 17 106
1040.0 30 26 21 17 19 113
1045.0 32 24 26 16 21 119
1050.0 31 22 27 18 21 119
1055.0 35 21 29 17 21 123
1060.0 37 20 30 15 20 122
1065.0 37 22 26 15 19 119
1070.0 40 22 27 15 19 123
1075.0 40 21 29 16 18 124
1080.0 37 21 31 18 20 127
1085.0 33 18 28 21 20 120
1090.0 32 21 31 22 21 127
1095.0 29 19 35 24 19 126
1100.0 34 24 30 26 19 133
1105.0 32 24 31 27 17 131
1110.0 35 26 33 28 17 139
1115.0 35 28 37 27 17 144
1120.0 34 28 35 27 16 140
1125.0 33 33 32 24 17 139
1130.0 32 32 34 28 18 144
1135.0 32 31 32 30 17 142
1140.0 29 29 32 25 16 131
1145.0 32 27 34 20 14 127
1150.0 31 28 36 23 13 131
1155.0 31 26 35 23 11 126
1160.0 29 26 33 23 12 123
1165.0 34 28 34 20 11 127
1170.0 35 25 36 20 12 128
1175.0 31 21 34 18 13 117
1180.0 32 18 32 15 12 109
1185.0 25 18 31 19 12 105
1190.0 26 24 28 16 12 106
1195.0 27 22 28 18 10 105
1200.0 30 21 26 18 10 105
1205.0 30 22 23 18 11 104
1210.0 32 25 26 13 8 104
1215.0 28 26 30 14 8 106
1220.0 23 26 32 13 7 101
1225.0 23 22 29 10 8 92
1230.0 20 21 28 10 7 86
1235.0 17 20 27 10 7 81
1240.0 21 17 22 6 7 73
1245.0 16 16 18 7 7 64
1250.0 19 16 19 6 5 65
1255.0 15 15 21 4 6 61
1260.0 15 15 18 2 5 55
1265.0 9 16 17 2 5 49
1270.0 6 16 19 2 5 48
1275.0 5 12 17 1 4 39
1280.0 6 10 17 1 3 37
1285.0 4 12 16 1 2 35
1290.0 5 9 18 3 2 37
1295.0 4 11 13 3 2 33
1300.0 3 9 11 4 1 28
1305.0 4 7 7 2 0 20
1310.0 2 8 6 3 0 19
1315.0 2 6 4 3 1 16
1320.0 1 6 5 4 1 17
1325.0 1 4 5 5 2 17
1330.0 1 3 3 4 1 12
1335.0 1 2 3 3 1 10
1340.0 1 3 2 3 1 10
1345.0 2 2 2 2 1 9
1350.0 3 2 2 2 1 10
1355.0 2 2 1 2 1 8
1360.0 2 2 0 1 1 6
1365.0 1 2 0 1 0 4
1370.0 1 2 0 1 0 4
1375.0 0 2 0 1 0 3
1380.0 0 2 0 1 0 3
1385.0 0 2 0 1 0 3
1390.0 0 2 0 0 0 2
1395.0 0 2 0 0 0 2
1400.0 0 1 0 0 0 1
1405.0 0 0 0 0 0 0
1410.0 0 0 0 0 0 0
1415.0 0 0 0 0 0 0
1420.0 0 0 0 0 0 0
1425.0 0 0 0 0 0 0
1430.0 0 0 0 0 0 0
1435.0 0 0 0 0 0 0
