5.0 0 0 0 0 0 0
10.0 0 0 0 0 0 0
15.0 0 0 0 0 0 0
20.0 0 0 0 0 0 0
25.0 0 0 0 0 0 0
30.0 0 0 0 0 0 0
35.0 0 0 0 0 0 0
40.0 0 0 0 0 0 0
45.0 0 0 0 0 0 0
50.0 0 0 0 0 0 0
55.0 0 0 0 0 0 0
60.0 0 0 0 0 0 0
65.0 0 0 0 0 0 0
70.0 0 0 0 0 0 0
75.0 0 0 0 0 0 0
80.0 0 0 0 0 0 0
85.0 0 0 0 0 0 0
90.0 0 0 0 0 0 0
95.0 0 0 0 0 0 0
100.0 0 0 0 0 0 0
105.0 0 0 0 0 0 0
110.0 0 0 0 0 0 0
115.0 0 0 0 0 0 0
120.0 0 0 0 0 0 0
125.0 0 0 0 0 0 0
130.0 0 0 0 0 0 0
135.0 0 0 0 0 0 0
140.0 0 0 0 0 0 0
145.0 0 0 0 0 0 0
150.0 0 0 0 0 0 0
155.0 0 0 0 0 0 0
160.0 0 0 0 0 0 0
165.0 0 0 0 0 0 0
170.0 0 0 0 0 0 0
175.0 0 0 0 0 0 0
180.0 0 0 0 0 0 0
185.0 0 0 0 0 0 0
190.0 0 0 0 0 0 0
195.0 0 0 0 0 0 0
200.0 0 0 0 0 0 0
205.0 0 0 0 0 0 0
210.0 0 0 0 0 0 0
215.0 0 0 0 0 0 0
220.0 0 0 0 0 0 0
225.0 0 0 0 0 0 0
230.0 0 0 0 0 0 0
235.0 0 0 0 0 0 0
240.0 0 0 0 0 0 0
245.0 0 0 0 0 0 0
250.0 0 0 0 0 0 0
255.0 0 0 0 0 0 0
260.0 0 0 0 0 0 0
265.0 0 0 0 0 0 0
270.0 0 0 0 0 0 0
275.0 0 0 0 0 0 0
280.0 0 0 1 0 0 1
285.0 0 0 3 1 0 4
290.0 1 0 3 1 0 5
295.0 1 0 3 1 0 5
300.0 0 0 3 2 0 5
305.0 0 0 3 2 0 5
310.0 0 0 3 2 0 5
315.0 0 0 2 1 0 3
320.0 1 0 2 1 0 4
325.0 1 0 1 1 0 3
330.0 2 0 1 0 0 3
335.0 2 1 1 1 1 6
340.0 1 1 1 2 2 7
345.0 2 1 1 2 2 8
350.0 2 2 1 2 3 10
355.0 3 4 1 1 3 12
360.0 2 5 2 1 3 13
365.0 2 6 2 1 3 14
370.0 2 7 2 1 3 15
375.0 2 8 2 4 2 18
380.0 3 5 3 4 2 17
385.0 4 5 3 4 2 18
390.0 4 7 3 4 2 20
395.0 5 8 4 3 2 22
400.0 6 7 3 3 3 22
405.0 8 7 8 3 4 30
410.0 10 6 9 3 4 32
415.0 10 6 12 2 5 35
420.0 8 7 12 4 5 36
425.0 9 8 12 4 6 39
430.0 10 9 10 4 6 39
435.0 11 10 10 5 6 42
440.0 13 10 12 6 6 47
445.0 13 13 15 7 4 52
450.0 15 15 15 7 5 57
455.0 20 18 20 7 6 71
460.0 21 21 24 7 6 79
465.0 21 21 26 11 7 86
470.0 19 18 25 12 7 81
475.0 22 21 23 10 7 83
480.0 24 24 24 8 7 87
485.0 27 24 32 8 7 98
490.0 33 24 33 9 8 107
495.0 34 33 31 10 8 116
500.0 33 37 33 12 8 123
505.0 34 40 34 14 8 130
510.0 31 45 34 16 8 134
515.0 31 39 39 20 9 138
520.0 31 45 39 20 8 143
525.0 38 42 45 19 6 150
530.0 33 45 49 19 8 154
535.0 30 49 59 21 9 168
540.0 29 49 61 22 9 170
545.0 31 49 58 26 11 175
550.0 34 54 63 23 11 185
555.0 40 56 66 21 11 194
560.0 41 50 72 21 12 196
565.0 45 51 78 22 17 213
570.0 52 49 75 24 20 220
575.0 52 45 71 25 20 213
580.0 59 48 68 20 19 214
585.0 52 47 70 21 20 210
590.0 52 53 72 25 19 221
595.0 57 51 61 27 20 216
600.0 59 53 60 28 20 220
605.0 60 53 59 28 24 224
610.0 61 52 66 30 23 232
615.0 67 55 69 30 25 246
620.0 65 65 67 31 29 257
625.0 67 69 67 34 30 267
630.0 66 64 70 36 26 262
635.0 69 65 70 41 26 271
640.0 72 65 72 45 27 281
645.0 74 70 64 42 28 278
650.0 74 74 69 37 28 282
655.0 72 73 69 40 26 280
660.0 67 65 72 41 26 271
665.0 64 69 68 37 25 263
670.0 66 66 72 35 24 263
675.0 69 62 73 32 22 258
680.0 64 58 76 33 21 252
685.0 63 54 76 32 20 245
690.0 60 58 75 31 23 247
695.0 53 55 80 33 21 242
700.0 48 58 79 33 20 238
705.0 47 57 77 33 19 233
710.0 43 51 81 33 20 228
715.0 43 50 74 34 21 222
720.0 47 51 72 30 21 221
725.0 46 46 72 31 22 217
730.0 44 47 65 33 20 209
735.0 38 55 62 32 18 205
740.0 37 58 63 28 17 203
745.0 37 60 61 26 20 204
750.0 31 52 65 28 20 196
755.0 33 50 64 27 18 192
760.0 34 49 65 26 17 191
765.0 34 50 67 22 17 190
770.0 39 52 65 22 17 195
775.0 37 52 64 26 19 198
780.0 39 58 60 24 17 198
785.0 34 59 60 24 13 190
790.0 35 59 57 25 13 189
795.0 40 59 52 27 10 188
800.0 41 54 54 31 12 192
805.0 43 47 56 32 13 191
810.0 41 43 55 34 13 186
815.0 37 47 52 38 13 187
820.0 40 49 52 35 16 192
825.0 44 46 55 32 15 192
830.0 42 51 58 31 14 196
835.0 43 50 53 29 17 192
840.0 48 56 54 24 18 200
845.0 47 59 54 24 18 202
850.0 55 58 52 21 16 202
855.0 57 62 47 19 16 201
860.0 58 61 49 12 17 197
865.0 60 65 51 16 18 210
870.0 54 62 51 18 23 208
875.0 52 63 51 23 24 213
880.0 49 67 49 21 24 210
885.0 47 64 52 27 27 217
890.0 47 64 57 27 28 223
895.0 50 66 57 20 26 219
900.0 49 68 61 21 22 221
905.0 43 67 62 22 24 218
910.0 49 68 60 22 26 225
915.0 53 66 56 21 28 224
920.0 53 67 65 20 29 234
925.0 47 64 67 23 29 230
930.0 47 65 67 27 28 234
935.0 47 65 66 29 27 234
940.0 49 60 65 26 26 226
945.0 51 61 67 25 25 229
950.0 53 58 70 30 26 237
955.0 54 57 71 33 25 240
960.0 48 62 76 33 24 243
965.0 55 61 78 30 22 246
970.0 52 58 84 31 23 248
975.0 52 56 82 28 22 240
980.0 58 58 76 31 22 245
985.0 59 56 72 31 22 240
990.0 55 55 70 29 21 230
995.0 54 46 73 31 19 223
1000.0 51 52 72 25 18 218
1005.0 53 51 76 24 19 223
1010.0 55 49 74 29 18 225
1015.0 60 45 75 28 20 228
1020.0 57 49 72 33 19 230
1025.0 65 49 68 30 20 232
1030.0 72 52 68 32 20 244
1035.0 70 51 72 36 22 251
1040.0 66 54 72 38 23 253
1045.0 61 59 72 34 22 248
1050.0 65 60 74 39 23 261
1055.0 68 61 80 37 23 269
1060.0 71 56 74 43 22 266
1065.0 73 55 72 43 19 262
1070.0 71 54 75 46 19 265
1075.0 63 58 79 44 19 263
1080.0 63 55 81 47 20 266
1085.0 71 59 73 51 20 274
1090.0 68 61 73 56 22 280
1095.0 67 65 73 54 21 280
1100.0 70 67 74 55 23 289
1105.0 64 61 78 60 25 288
1110.0 60 64 85 57 26 292
1115.0 70 63 80 52 28 293
1120.0 74 69 81 49 26 299
1125.0 75 64 77 45 24 285
1130.0 65 59 74 42 23 263
1135.0 59 60 71 49 23 262
1140.0 60 60 74 46 22 262
1145.0 57 65 79 43 22 266
1150.0 58 60 86 39 24 267
1155.0 55 65 90 42 26 278
1160.0 59 65 87 39 27 277
1165.0 60 64 93 37 31 285
1170.0 62 69 90 36 31 288
1175.0 62 63 91 35 32 283
1180.0 60 61 90 33 33 277
1185.0 64 55 81 33 33 266
1190.0 61 57 79 36 33 266
1195.0 59 60 72 34 34 259
1200.0 55 56 73 34 33 251
1205.0 54 50 67 37 31 239
1210.0 54 49 65 36 24 228
1215.0 56 47 58 34 20 215
1220.0 53 46 56 32 23 210
1225.0 47 42 52 28 22 191
1230.0 45 44 46 27 21 183
1235.0 39 41 41 25 19 165
1240.0 37 38 40 28 19 162
1245.0 32 37 38 31 18 156
1250.0 27 39 34 32 17 149
1255.0 26 36 30 28 15 135
1260.0 24 32 26 23 15 120
1265.0 19 28 27 23 13 110
1270.0 15 27 23 19 9 93
1275.0 16 24 21 18 8 87
1280.0 16 21 16 17 7 77
1285.0 16 24 17 11 9 77
1290.0 12 20 18 8 8 66
1295.0 12 16 15 9 8 60
1300.0 13 15 12 10 7 57
1305.0 13 9 12 10 8 52
1310.0 11 8 12 8 9 48
1315.0 11 8 9 8 6 42
1320.0 8 10 6 5 5 34
1325.0 6 9 4 3 5 27
1330.0 6 7 4 3 5 25
1335.0 4 7 4 4 5 24
1340.0 6 7 4 2 5 24
1345.0 6 7 4 2 2 21
1350.0 3 5 4 1 2 15
1355.0 3 4 4 2 2 15
1360.0 3 4 3 2 2 14
1365.0 2 3 3 1 2 11
1370.0 1 2 3 1 1 8
1375.0 1 2 3 1 1 8
1380.0 0 1 4 2 2 9
1385.0 0 1 4 1 1 7
1390.0 0 0 3 0 1 4
1395.0 0 0 1 0 1 2
1400.0 0 0 1 0 1 2
1405.0 0 0 1 0 1 2
1410.0 0 0 0 0 1 1
1415.0 0 0 0 0 1 1
1420.0 0 0 0 0 1 1
1425.0 0 0 0 0 0 0
1430.0 0 0 0 0 0 0
1435.0 0 0 0 0 0 0
