5.0 0 0 0 0 0 0
10.0 0 0 0 0 0 0
15.0 0 0 0 0 0 0
20.0 0 0 0 0 0 0
25.0 0 0 0 0 0 0
30.0 0 0 0 0 0 0
35.0 0 0 0 0 0 0
40.0 0 0 0 0 0 0
45.0 0 0 0 0 0 0
50.0 0 0 0 0 0 0
55.0 0 0 0 0 0 0
60.0 0 0 0 0 0 0
65.0 0 0 0 0 0 0
70.0 0 0 0 0 0 0
75.0 0 0 0 0 0 0
80.0 0 0 0 0 0 0
85.0 0 0 0 0 0 0
90.0 0 0 0 0 0 0
95.0 0 0 0 0 0 0
100.0 0 0 0 0 0 0
105.0 0 0 0 0 0 0
110.0 0 0 0 0 0 0
115.0 0 0 0 0 0 0
120.0 0 0 0 0 0 0
125.0 0 0 0 0 0 0
130.0 0 0 0 0 0 0
135.0 0 0 0 0 0 0
140.0 0 0 0 0 0 0
145.0 0 0 0 0 0 0
150.0 0 0 0 0 0 0
155.0 0 0 0 0 0 0
160.0 0 0 0 0 0 0
165.0 0 0 0 0 0 0
170.0 0 0 0 0 0 0
175.0 0 0 0 0 0 0
180.0 0 0 0 0 0 0
185.0 0 0 0 0 0 0
190.0 0 0 0 0 0 0
195.0 0 1 0 0 0 1
200.0 0 1 0 0 0 1
205.0 0 1 0 0 0 1
210.0 0 1 0 0 0 1
215.0 0 1 0 0 0 1
220.0 0 1 0 0 0 1
225.0 0 1 0 0 0 1
230.0 0 1 0 0 0 1
235.0 0 1 0 0 0 1
240.0 0 1 0 0 0 1
245.0 0 1 0 0 0 1
250.0 0 1 0 0 0 1
255.0 0 1 0 0 0 1
260.0 0 1 0 0 0 1
265.0 0 1 0 0 0 1
270.0 0 1 0 0 0 1
275.0 0 1 0 0 0 1
280.0 0 1 0 0 1 2
285.0 0 1 0 0 1 2
290.0 0 1 0 0 1 2
295.0 0 0 0 0 1 1
300.0 0 1 0 0 1 2
305.0 0 1 1 0 1 3
310.0 0 1 1 1 1 4
315.0 1 1 1 1 1 5
320.0 1 1 2 0 1 5
325.0 1 1 2 0 1 5
330.0 2 1 2 0 1 6
335.0 2 1 3 0 1 7
340.0 2 0 4 0 1 7
345.0 1 0 4 1 1 7
350.0 1 1 5 1 2 10
355.0 0 3 5 1 2 11
360.0 0 3 7 0 2 12
365.0 0 3 6 0 3 12
370.0 2 2 6 1 2 13
375.0 2 2 6 2 2 14
380.0 4 1 7 2 2 16
385.0 6 1 7 2 2 18
390.0 7 4 8 2 2 23
395.0 8 4 9 3 3 27
400.0 8 5 10 4 4 31
405.0 9 5 9 5 4 32
410.0 10 4 9 4 4 31
415.0 10 5 8 4 4 31
420.0 10 4 11 5 4 34
425.0 10 5 11 4 6 36
430.0 10 6 9 5 8 38
435.0 10 4 13 4 9 40
440.0 12 5 15 4 9 45
445.0 10 5 15 7 10 47
450.0 11 11 17 5 10 54
455.0 11 14 19 5 10 59
460.0 12 15 20 6 11 64
465.0 11 17 20 6 11 65
470.0 16 18 25 5 11 75
475.0 19 21 26 4 10 80
480.0 20 23 25 5 10 83
485.0 20 25 25 7 12 89
490.0 21 23 28 9 11 92
495.0 20 27 33 10 12 102
500.0 20 29 36 11 13 109
505.0 22 31 35 11 13 112
510.0 27 27 41 17 13 125
515.0 26 33 40 18 12 129
520.0 27 34 40 18 14 133
525.0 28 34 38 18 12 130
530.0 28 36 48 20 11 143
535.0 34 35 52 19 13 153
540.0 36 41 52 22 12 163
545.0 37 45 56 24 15 177
550.0 36 46 61 24 14 181
555.0 44 49 56 24 14 187
560.0 42 47 56 27 16 188
565.0 42 47 53 32 19 193
570.0 39 45 57 32 20 193
575.0 42 45 60 30 18 195
580.0 50 44 57 31 19 201
585.0 45 50 62 36 20 213
590.0 46 53 68 35 19 221
595.0 50 54 76 32 21 233
600.0 54 54 76 33 23 240
605.0 56 58 69 29 23 235
610.0 53 64 72 27 21 237
615.0 51 60 70 31 20 232
620.0 50 67 69 31 22 239
625.0 56 68 68 27 21 240
630.0 54 75 68 30 22 249
635.0 51 79 72 36 24 262
640.0 55 75 77 36 24 267
645.0 49 76 80 38 23 266
650.0 47 78 73 36 25 259
655.0 50 80 76 41 22 269
660.0 57 73 79 43 22 274
665.0 56 76 83 43 20 278
670.0 64 79 88 35 18 284
675.0 61 76 87 26 18 268
680.0 62 77 86 24 19 268
685.0 63 75 83 28 22 271
690.0 60 68 81 36 22 267
695.0 61 64 83 36 19 263
700.0 59 60 79 36 19 253
705.0 55 56 76 38 19 244
710.0 55 49 73 36 18 231
715.0 56 51 76 35 19 237
720.0 57 48 73 28 21 227
725.0 53 44 79 30 20 226
730.0 48 43 74 25 22 212
735.0 47 48 72 18 18 203
740.0 50 52 68 24 17 211
745.0 45 56 64 23 17 205
750.0 44 60 66 24 15 209
755.0 44 57 63 28 17 209
760.0 44 51 65 29 16 205
765.0 40 46 59 29 13 187
770.0 44 46 61 27 11 189
775.0 49 50 64 25 13 201
780.0 53 51 64 23 13 204
785.0 47 52 55 26 15 195
790.0 44 56 54 27 14 195
795.0 42 58 56 27 19 202
800.0 40 55 53 25 20 193
805.0 41 53 56 25 19 194
810.0 37 49 60 27 21 194
815.0 43 42 55 28 23 191
820.0 47 41 54 23 23 188
825.0 49 44 57 23 23 196
830.0 45 47 57 24 24 197
835.0 40 48 54 25 27 194
840.0 35 45 54 24 31 189
845.0 42 42 50 28 32 194
850.0 39 41 51 30 29 190
855.0 35 46 51 27 27 186
860.0 35 45 55 24 26 185
865.0 36 40 54 23 27 180
870.0 43 46 57 23 25 194
875.0 52 49 52 23 24 200
880.0 55 49 52 18 25 199
885.0 57 55 52 19 24 207
890.0 57 51 56 19 25 208
895.0 56 48 52 21 25 202
900.0 57 48 51 26 25 207
905.0 62 46 51 24 24 207
910.0 56 38 54 28 27 203
915.0 56 36 51 27 26 196
920.0 54 33 50 28 26 191
925.0 58 33 50 29 27 197
930.0 61 35 46 27 25 194
935.0 56 41 51 26 26 200
940.0 54 47 54 25 28 208
945.0 55 51 55 22 28 211
950.0 62 53 52 18 30 215
955.0 61 56 52 21 26 216
960.0 61 58 56 23 24 222
965.0 51 54 57 25 25 212
970.0 50 58 61 23 26 218
975.0 46 62 60 26 27 221
980.0 48 63 56 28 31 226
985.0 46 61 59 26 31 223
990.0 46 58 56 30 35 225
995.0 43 66 56 29 35 229
1000.0 39 63 59 30 37 228
1005.0 40 61 63 27 36 227
1010.0 44 65 58 29 40 236
1015.0 44 57 58 28 40 227
1020.0 43 57 61 29 39 229
1025.0 39 55 66 28 37 225
1030.0 35 53 69 29 34 220
1035.0 32 54 66 30 32 214
1040.0 31 63 61 32 32 219
1045.0 33 69 66 32 31 231
1050.0 37 63 68 33 30 231
1055.0 39 67 64 31 30 231
1060.0 44 66 64 28 31 233
1065.0 44 66 69 28 30 237
1070.0 50 70 75 32 29 256
1075.0 44 68 74 31 29 246
1080.0 46 67 76 31 29 249
1085.0 56 63 83 29 25 256
1090.0 54 65 83 32 24 258
1095.0 54 61 80 37 23 255
1100.0 51 63 82 39 25 260
1105.0 52 64 79 38 24 257
1110.0 51 63 79 39 25 257
1115.0 51 64 77 36 26 254
1120.0 49 61 78 36 24 248
1125.0 45 61 78 38 21 243
1130.0 46 55 81 38 21 241
1135.0 49 59 78 29 20 235
1140.0 48 64 75 23 23 233
1145.0 44 57 79 29 23 232
1150.0 52 56 69 31 23 231
1155.0 52 57 67 33 22 231
1160.0 60 56 65 29 20 230
1165.0 50 53 66 33 18 220
1170.0 55 57 65 33 16 226
1175.0 53 59 62 34 19 227
1180.0 54 60 65 33 17 229
1185.0 55 60 55 33 19 222
1190.0 51 50 55 35 21 212
1195.0 53 48 58 30 19 208
1200.0 54 50 52 29 17 202
1205.0 56 46 44 28 18 192
1210.0 56 48 40 22 22 188
1215.0 52 48 37 24 21 182
1220.0 54 43 42 26 20 185
1225.0 50 36 38 29 20 173
1230.0 45 34 30 24 19 152
1235.0 45 30 28 21 18 142
1240.0 37 28 26 25 17 133
1245.0 36 27 28 23 13 127
1250.0 31 22 28 21 14 116
1255.0 26 25 27 18 13 109
1260.0 25 22 26 13 14 100
1265.0 21 25 24 12 14 96
1270.0 22 21 25 8 13 89
1275.0 18 19 25 9 11 82
1280.0 17 15 26 8 10 76
1285.0 16 17 24 7 10 74
1290.0 13 13 23 4 10 63
1295.0 12 9 18 3 10 52
1300.0 14 8 17 1 9 49
1305.0 11 8 15 1 10 45
1310.0 10 9 13 1 8 41
1315.0 6 9 16 1 7 39
1320.0 3 9 16 1 6 35
1325.0 4 5 12 2 6 29
1330.0 6 3 12 2 5 28
1335.0 6 2 11 1 4 24
1340.0 6 2 10 1 4 23
1345.0 4 4 9 2 3 22
1350.0 3 4 8 3 4 22
1355.0 3 3 7 3 3 19
1360.0 2 1 7 3 3 16
1365.0 2 2 5 2 3 14
1370.0 2 2 4 1 3 12
1375.0 2 4 2 0 2 10
1380.0 2 2 2 0 2 8
1385.0 2 1 2 0 2 7
1390.0 1 2 2 0 2 7
1395.0 1 2 2 0 1 6
1400.0 0 2 3 0 1 6
1405.0 0 1 3 1 1 6
1410.0 0 1 3 0 1 5
1415.0 1 1 1 0 1 4
1420.0 1 1 1 0 0 3
1425.0 1 1 1 0 0 3
1430.0 0 1 1 0 0 2
1435.0 0 2 1 0 0 3
