5.0 0 0 0 0 0 0
10.0 0 0 0 0 0 0
15.0 0 0 0 0 0 0
20.0 0 0 0 0 0 0
25.0 0 0 0 0 0 0
30.0 0 0 0 0 0 0
35.0 0 0 0 0 0 0
40.0 0 0 0 0 0 0
45.0 0 0 0 0 0 0
50.0 0 0 0 0 0 0
55.0 0 0 0 0 0 0
60.0 0 0 0 0 0 0
65.0 0 0 0 0 0 0
70.0 0 0 0 0 0 0
75.0 0 0 0 0 0 0
80.0 0 0 0 0 0 0
85.0 0 0 0 0 0 0
90.0 0 0 0 0 0 0
95.0 0 0 0 0 0 0
100.0 0 0 0 0 0 0
105.0 0 0 0 0 0 0
110.0 0 0 0 0 0 0
115.0 0 0 0 0 0 0
120.0 0 0 0 0 0 0
125.0 0 0 0 0 0 0
130.0 0 0 0 0 0 0
135.0 0 0 0 0 0 0
140.0 0 0 0 0 0 0
145.0 0 0 0 0 0 0
150.0 0 0 0 0 0 0
155.0 0 0 0 0 0 0
160.0 0 0 0 0 0 0
165.0 0 0 0 0 0 0
170.0 0 0 0 0 0 0
175.0 0 0 0 0 0 0
180.0 0 0 0 0 0 0
185.0 0 0 0 0 0 0
190.0 0 0 0 0 0 0
195.0 0 0 0 0 0 0
200.0 0 0 0 0 0 0
205.0 0 0 0 0 0 0
210.0 0 0 0 0 0 0
215.0 0 0 0 0 0 0
220.0 0 0 0 0 0 0
225.0 0 0 0 0 0 0
230.0 0 0 0 0 0 0
235.0 0 0 0 0 0 0
240.0 0 0 0 0 0 0
245.0 0 0 0 0 0 0
250.0 0 0 0 0 0 0
255.0 0 0 0 0 0 0
260.0 0 0 0 0 0 0
265.0 0 0 0 0 0 0
270.0 0 0 0 0 0 0
275.0 0 0 0 0 0 0
280.0 0 0 0 0 0 0
285.0 0 0 0 0 0 0
290.0 0 0 0 0 0 0
295.0 0 0 0 0 0 0
300.0 0 0 0 0 0 0
305.0 0 0 0 0 0 0
310.0 0 0 0 0 0 0
315.0 0 0 0 0 0 0
320.0 0 0 0 0 0 0
325.0 0 0 0 0 0 0
330.0 0 0 0 0 0 0
335.0 0 0 0 0 0 0
340.0 0 0 0 0 0 0
345.0 0 0 0 0 0 0
350.0 0 0 0 0 0 0
355.0 0 0 0 0 0 0
360.0 0 0 0 0 0 0
365.0 0 0 0 0 0 0
370.0 0 0 0 0 0 0
375.0 0 0 0 0 0 0
380.0 0 0 0 0 0 0
385.0 0 0 0 0 0 0
390.0 0 0 0 0 0 0
395.0 0 0 0 1 0 1
400.0 0 1 0 1 0 2
405.0 0 1 0 1 0 2
410.0 1 1 0 0 0 2
415.0 1 1 0 0 0 2
420.0 1 2 0 0 0 3
425.0 0 2 0 0 0 2
430.0 0 1 0 0 0 1
435.0 0 1 1 0 0 2
440.0 0 1 1 0 0 2
445.0 0 1 1 0 0 2
450.0 0 0 1 0 0 1
455.0 0 0 1 0 0 1
460.0 0 0 1 0 0 1
465.0 1 2 0 0 0 3
470.0 2 2 0 0 1 5
475.0 2 2 0 0 1 5
480.0 2 3 0 0 1 6
485.0 3 3 0 0 0 6
490.0 3 3 0 0 1 7
495.0 2 2 1 0 1 6
500.0 2 2 3 0 1 8
505.0 3 2 4 0 1 10
510.0 3 2 4 0 1 10
515.0 2 2 5 1 0 10
520.0 2 2 4 2 0 10
525.0 2 3 3 2 0 10
530.0 2 5 2 2 0 11
535.0 2 5 2 2 0 11
540.0 2 4 5 0 0 11
545.0 2 4 6 0 0 12
550.0 4 5 6 0 0 15
555.0 3 6 6 0 0 15
560.0 2 7 4 1 0 14
565.0 3 7 2 1 0 13
570.0 4 7 5 1 0 17
575.0 6 8 6 1 0 21
580.0 8 6 6 1 0 21
585.0 8 7 4 1 0 20
590.0 6 9 4 0 1 20
595.0 6 9 3 0 1 19
600.0 6 9 4 0 1 20
605.0 5 12 2 0 1 20
610.0 4 11 3 0 1 19
615.0 3 10 3 1 1 18
620.0 3 10 2 1 1 17
625.0 3 11 2 1 0 17
630.0 5 11 3 1 0 20
635.0 6 9 5 1 0 21
640.0 6 6 7 1 1 21
645.0 5 5 8 2 1 21
650.0 5 4 7 2 1 19
655.0 6 4 7 2 1 20
660.0 6 6 7 3 1 23
665.0 5 5 7 3 1 21
670.0 7 5 6 2 2 22
675.0 7 6 5 2 2 22
680.0 8 5 3 2 2 20
685.0 8 7 2 2 2 21
690.0 7 6 4 2 2 21
695.0 5 5 4 2 2 18
700.0 5 4 5 2 2 18
705.0 4 3 6 3 2 18
710.0 5 3 6 3 2 19
715.0 5 1 7 2 1 16
720.0 4 2 5 3 1 15
725.0 4 1 6 2 2 15
730.0 3 2 4 2 2 13
735.0 2 1 7 1 2 13
740.0 3 2 7 2 2 16
745.0 3 2 9 1 2 17
750.0 2 2 9 1 2 16
755.0 1 3 7 1 2 14
760.0 3 2 6 1 2 14
765.0 3 2 8 0 2 15
770.0 3 2 7 0 2 14
775.0 4 1 5 0 1 11
780.0 4 2 4 0 1 11
785.0 4 2 4 1 0 11
790.0 2 2 4 1 0 9
795.0 2 2 3 1 1 9
800.0 2 2 4 0 1 9
805.0 2 2 4 1 2 11
810.0 1 3 4 1 2 11
815.0 1 4 5 1 2 13
820.0 1 5 5 0 2 13
825.0 1 5 4 0 2 12
830.0 1 5 3 0 2 11
835.0 1 5 3 0 2 11
840.0 0 5 2 0 2 9
845.0 0 2 2 1 2 7
850.0 0 2 3 1 2 8
855.0 1 2 3 1 2 9
860.0 3 2 5 1 2 13
865.0 3 2 5 1 2 13
870.0 3 1 8 1 2 15
875.0 2 2 9 1 3 17
880.0 2 2 10 1 2 17
885.0 3 3 7 0 2 15
890.0 3 3 7 0 2 15
895.0 3 3 6 0 2 14
900.0 4 5 6 0 0 15
905.0 5 7 6 0 0 18
910.0 5 8 6 1 0 20
915.0 2 8 6 1 0 17
920.0 3 8 4 4 0 19
925.0 3 8 4 4 0 19
930.0 4 8 4 3 0 19
935.0 4 7 3 2 0 16
940.0 4 6 3 2 0 15
945.0 4 6 3 2 0 15
950.0 4 4 2 2 1 13
955.0 6 2 2 2 3 15
960.0 6 4 2 1 3 16
965.0 5 4 3 1 1 14
970.0 4 4 3 2 1 14
975.0 5 4 3 2 1 15
980.0 5 3 4 2 1 15
985.0 4 3 3 2 1 13
990.0 4 3 2 2 1 12
995.0 4 5 5 2 0 16
1000.0 3 5 5 2 0 15
1005.0 5 5 4 2 1 17
1010.0 6 2 4 2 1 15
1015.0 6 2 4 3 1 16
1020.0 6 2 3 4 1 16
1025.0 7 2 3 3 1 16
1030.0 7 2 4 3 1 17
1035.0 7 3 4 3 1 18
1040.0 7 3 4 2 1 17
1045.0 6 3 5 1 0 15
1050.0 6 4 6 2 0 18
1055.0 6 3 6 2 0 17
1060.0 5 4 4 2 0 15
1065.0 4 6 4 2 0 16
1070.0 3 8 5 2 0 18
1075.0 4 7 6 2 0 19
1080.0 5 7 7 1 0 20
1085.0 4 7 6 1 1 19
1090.0 4 7 5 1 2 19
1095.0 3 8 6 4 2 23
1100.0 1 9 6 4 4 24
1105.0 2 8 6 3 5 24
1110.0 1 8 5 3 5 22
1115.0 1 8 4 4 5 22
1120.0 0 8 5 4 5 22
1125.0 0 8 5 4 5 22
1130.0 0 6 6 4 6 22
1135.0 1 6 8 2 5 22
1140.0 1 7 8 2 3 21
1145.0 2 6 7 2 2 19
1150.0 3 5 4 2 2 16
1155.0 4 5 5 3 3 20
1160.0 5 5 5 3 3 21
1165.0 5 4 5 3 4 21
1170.0 4 5 4 2 6 21
1175.0 4 5 4 3 4 20
1180.0 4 6 4 3 4 21
1185.0 5 6 5 1 4 21
1190.0 5 5 7 1 4 22
1195.0 6 7 7 1 4 25
1200.0 5 7 5 1 4 22
1205.0 4 5 3 2 4 18
1210.0 3 4 4 2 4 17
1215.0 3 4 3 0 2 12
1220.0 3 5 2 0 2 12
1225.0 3 5 2 0 3 13
1230.0 3 5 3 1 3 15
1235.0 2 5 2 1 3 13
1240.0 2 5 2 1 3 13
1245.0 2 4 3 1 3 13
1250.0 0 4 4 2 3 13
1255.0 1 2 4 2 3 12
1260.0 1 1 3 2 3 10
1265.0 1 1 3 2 3 10
1270.0 1 1 3 2 3 10
1275.0 1 1 2 1 3 8
1280.0 1 2 2 1 3 9
1285.0 1 1 2 1 3 8
1290.0 1 1 2 1 3 8
1295.0 1 1 1 1 3 7
1300.0 0 1 2 1 2 6
1305.0 0 1 2 1 1 5
1310.0 0 1 2 1 1 5
1315.0 0 1 2 1 1 5
1320.0 0 1 2 1 1 5
1325.0 0 1 1 1 1 4
1330.0 1 0 1 0 1 3
1335.0 1 0 1 0 1 3
1340.0 1 1 1 0 0 3
1345.0 1 1 1 0 0 3
1350.0 1 1 1 0 0 3
1355.0 0 1 1 0 0 2
1360.0 0 1 1 0 0 2
1365.0 0 1 0 0 0 1
1370.0 0 1 0 0 0 1
1375.0 0 1 0 0 0 1
1380.0 0 1 0 0 0 1
1385.0 0 1 0 0 0 1
1390.0 0 1 0 0 0 1
1395.0 0 1 0 0 0 1
1400.0 1 0 0 0 0 1
1405.0 1 0 0 0 0 1
1410.0 1 0 0 0 0 1
1415.0 1 0 0 0 0 1
1420.0 0 0 0 0 0 0
1425.0 0 0 0 0 0 0
1430.0 0 0 0 0 0 0
1435.0 0 0 0 0 0 0
