5.0 0 0 0 0 0 0
10.0 0 0 0 0 0 0
15.0 0 0 0 0 0 0
20.0 0 0 0 0 0 0
25.0 0 0 0 0 0 0
30.0 0 0 0 0 0 0
35.0 0 0 0 0 0 0
40.0 0 0 0 0 0 0
45.0 0 0 0 0 0 0
50.0 0 0 0 0 0 0
55.0 0 0 0 0 0 0
60.0 0 0 0 0 0 0
65.0 0 0 0 0 0 0
70.0 0 0 0 0 0 0
75.0 0 0 0 0 0 0
80.0 0 0 0 0 0 0
85.0 0 0 0 0 0 0
90.0 0 0 0 0 0 0
95.0 0 0 0 0 0 0
100.0 0 0 0 0 0 0
105.0 0 0 0 0 0 0
110.0 0 0 0 0 0 0
115.0 0 0 0 0 0 0
120.0 0 0 0 0 0 0
125.0 0 0 0 0 0 0
130.0 0 0 0 0 0 0
135.0 0 0 0 0 0 0
140.0 0 0 0 0 0 0
145.0 0 0 0 0 0 0
150.0 0 0 0 0 0 0
155.0 0 0 0 0 0 0
160.0 0 0 0 0 0 0
165.0 0 0 0 0 0 0
170.0 0 0 0 0 0 0
175.0 0 0 0 0 0 0
180.0 0 0 0 0 0 0
185.0 0 0 0 0 0 0
190.0 0 0 0 0 0 0
195.0 0 0 0 0 0 0
200.0 0 0 0 0 0 0
205.0 0 0 0 0 0 0
210.0 0 0 0 0 0 0
215.0 0 0 0 0 0 0
220.0 0 0 0 0 0 0
225.0 0 0 0 0 0 0
230.0 0 0 0 0 0 0
235.0 0 0 0 0 0 0
240.0 0 0 0 0 0 0
245.0 0 0 0 0 0 0
250.0 0 0 0 0 0 0
255.0 0 0 0 0 0 0
260.0 0 0 0 0 0 0
265.0 0 0 0 0 0 0
270.0 0 0 0 0 0 0
275.0 0 0 0 0 0 0
280.0 0 0 0 0 0 0
285.0 0 0 0 0 0 0
290.0 0 0 0 0 0 0
295.0 0 0 0 0 0 0
300.0 0 0 0 0 0 0
305.0 0 0 0 0 0 0
310.0 0 0 0 0 0 0
315.0 0 0 0 0 0 0
320.0 0 0 0 0 0 0
325.0 0 0 0 0 0 0
330.0 0 0 0 0 0 0
335.0 0 0 0 0 0 0
340.0 0 0 0 0 0 0
345.0 0 0 0 0 0 0
350.0 0 0 0 0 0 0
355.0 0 0 0 0 0 0
360.0 0 0 0 0 0 0
365.0 0 0 0 0 0 0
370.0 0 0 0 0 0 0
375.0 0 0 0 0 0 0
380.0 0 0 0 0 0 0
385.0 0 0 0 0 0 0
390.0 0 0 0 0 0 0
395.0 0 0 0 0 0 0
400.0 0 0 0 0 0 0
405.0 0 0 0 0 0 0
410.0 0 0 0 0 0 0
415.0 0 0 0 0 0 0
420.0 0 0 0 0 0 0
425.0 0 0 0 0 0 0
430.0 0 0 0 0 0 0
435.0 0 0 0 0 0 0
440.0 0 0 0 0 0 0
445.0 0 0 0 0 0 0
450.0 0 0 0 0 0 0
455.0 0 0 0 0 0 0
460.0 0 0 0 0 0 0
465.0 0 0 0 0 0 0
470.0 0 0 0 0 0 0
475.0 0 0 0 0 0 0
480.0 0 0 0 0 0 0
485.0 0 0 0 0 0 0
490.0 0 0 0 0 0 0
495.0 0 0 0 0 0 0
500.0 0 0 0 0 0 0
505.0 0 0 0 0 0 0
510.0 0 0 1 0 0 1
515.0 0 0 1 0 0 1
520.0 0 0 1 0 0 1
525.0 0 0 1 0 0 1
530.0 0 0 1 0 0 1
535.0 0 0 1 0 0 1
540.0 0 0 1 0 0 1
545.0 0 0 1 0 0 1
550.0 0 0 0 0 0 0
555.0 0 0 0 0 0 0
560.0 0 0 0 0 0 0
565.0 0 0 1 0 0 1
570.0 0 0 1 0 0 1
575.0 0 1 0 0 0 1
580.0 0 1 0 0 0 1
585.0 0 1 0 0 0 1
590.0 0 0 0 0 0 0
595.0 0 0 0 0 0 0
600.0 0 0 0 0 0 0
605.0 0 0 0 0 0 0
610.0 0 0 0 0 0 0
615.0 0 0 0 0 0 0
620.0 0 0 0 0 0 0
625.0 0 0 0 0 0 0
630.0 0 0 0 0 0 0
635.0 0 0 0 0 0 0
640.0 0 1 0 0 0 1
645.0 0 1 0 0 0 1
650.0 0 1 0 0 0 1
655.0 0 1 0 0 0 1
660.0 0 1 0 0 0 1
665.0 0 0 1 0 0 1
670.0 0 0 1 0 0 1
675.0 0 0 1 0 0 1
680.0 0 0 0 0 0 0
685.0 0 0 0 0 0 0
690.0 0 0 0 0 0 0
695.0 0 0 0 0 0 0
700.0 0 0 0 0 0 0
705.0 0 0 0 0 0 0
710.0 0 0 1 0 0 1
715.0 0 0 1 0 0 1
720.0 0 0 1 0 0 1
725.0 0 0 1 0 0 1
730.0 0 0 1 0 0 1
735.0 0 0 1 0 0 1
740.0 0 0 1 0 0 1
745.0 0 0 1 0 0 1
750.0 1 0 0 0 0 1
755.0 1 0 0 0 0 1
760.0 1 0 0 0 0 1
765.0 1 0 0 0 0 1
770.0 1 0 0 0 0 1
775.0 1 0 0 0 0 1
780.0 1 0 0 0 0 1
785.0 1 0 0 0 0 1
790.0 1 0 0 0 0 1
795.0 1 0 0 0 0 1
800.0 1 0 0 0 0 1
805.0 1 0 0 0 0 1
810.0 1 0 0 0 0 1
815.0 1 0 0 0 0 1
820.0 1 0 0 0 0 1
825.0 1 0 0 0 0 1
830.0 0 1 0 0 0 1
835.0 0 1 0 0 0 1
840.0 0 2 0 0 0 2
845.0 0 2 0 0 0 2
850.0 0 2 0 0 0 2
855.0 0 2 0 0 0 2
860.0 0 2 0 0 0 2
865.0 0 2 0 0 0 2
870.0 0 2 0 0 0 2
875.0 0 1 0 1 0 2
880.0 0 1 0 1 0 2
885.0 0 1 0 1 0 2
890.0 0 0 0 1 0 1
895.0 0 0 0 1 0 1
900.0 0 0 0 1 0 1
905.0 0 0 0 1 0 1
910.0 0 0 0 1 0 1
915.0 0 0 0 1 0 1
920.0 0 0 0 0 0 0
925.0 0 0 1 0 0 1
930.0 0 0 1 0 0 1
935.0 1 0 1 0 0 2
940.0 1 0 1 0 0 2
945.0 1 0 1 0 0 2
950.0 1 0 1 0 0 2
955.0 1 0 1 0 0 2
960.0 1 0 1 0 0 2
965.0 1 0 1 0 0 2
970.0 1 0 1 0 0 2
975.0 0 0 1 0 0 1
980.0 0 0 1 0 0 1
985.0 0 0 1 0 0 1
990.0 0 0 1 0 0 1
995.0 0 0 1 0 0 1
1000.0 0 0 1 0 0 1
1005.0 1 0 0 0 0 1
1010.0 1 1 0 0 0 2
1015.0 1 1 0 0 0 2
1020.0 1 1 0 0 0 2
1025.0 1 1 0 0 0 2
1030.0 0 0 0 1 0 1
1035.0 0 0 1 1 0 2
1040.0 0 0 1 1 0 2
1045.0 0 0 1 1 0 2
1050.0 0 0 1 1 0 2
1055.0 0 0 1 1 0 2
1060.0 0 0 1 1 0 2
1065.0 0 0 1 0 0 1
1070.0 0 0 1 0 0 1
1075.0 0 0 1 0 1 2
1080.0 0 0 1 0 1 2
1085.0 1 0 1 1 1 4
1090.0 1 0 1 1 1 4
1095.0 1 0 0 1 1 3
1100.0 1 0 0 1 1 3
1105.0 1 0 0 1 1 3
1110.0 1 0 0 1 1 3
1115.0 0 0 2 1 1 4
1120.0 0 0 2 1 1 4
1125.0 0 0 2 1 1 4
1130.0 0 0 2 1 1 4
1135.0 1 1 0 1 1 4
1140.0 1 1 0 1 1 4
1145.0 0 1 0 1 1 3
1150.0 0 1 0 1 1 3
1155.0 0 1 0 1 1 3
1160.0 1 2 0 0 1 4
1165.0 1 2 2 0 1 6
1170.0 1 2 2 0 1 6
1175.0 1 1 2 0 1 5
1180.0 1 1 1 0 1 4
1185.0 1 0 1 0 1 3
1190.0 1 0 1 0 0 2
1195.0 2 0 1 0 0 3
1200.0 2 0 1 0 0 3
1205.0 2 0 1 1 0 4
1210.0 1 0 2 1 0 4
1215.0 2 0 2 0 0 4
1220.0 2 0 2 0 0 4
1225.0 2 0 2 0 0 4
1230.0 2 0 1 0 0 3
1235.0 2 0 1 0 0 3
1240.0 1 0 1 0 0 2
1245.0 1 0 1 0 0 2
1250.0 1 0 1 0 0 2
1255.0 1 0 1 0 0 2
1260.0 1 0 1 0 0 2
1265.0 0 0 0 0 0 0
1270.0 0 0 0 0 0 0
1275.0 0 0 0 0 0 0
1280.0 0 0 0 0 1 1
1285.0 0 0 0 0 1 1
1290.0 0 0 0 0 1 1
1295.0 0 0 0 0 1 1
1300.0 0 0 0 0 0 0
1305.0 0 0 0 0 0 0
1310.0 1 0 0 0 0 1
1315.0 1 0 0 0 0 1
1320.0 1 0 0 0 0 1
1325.0 1 0 0 0 0 1
1330.0 1 0 0 0 0 1
1335.0 0 0 0 1 0 1
1340.0 0 0 0 1 0 1
1345.0 0 0 0 1 0 1
1350.0 0 0 0 0 0 0
1355.0 0 0 0 0 0 0
1360.0 0 0 0 0 0 0
1365.0 0 0 0 0 0 0
1370.0 0 0 0 0 0 0
1375.0 0 0 0 0 0 0
1380.0 0 0 0 0 0 0
1385.0 0 0 0 0 0 0
1390.0 0 0 0 0 0 0
1395.0 0 0 0 0 0 0
1400.0 0 0 0 0 0 0
1405.0 0 0 0 0 0 0
1410.0 0 0 0 0 0 0
1415.0 0 0 0 0 0 0
1420.0 0 0 0 0 0 0
1425.0 0 0 0 0 0 0
1430.0 0 0 0 0 0 0
1435.0 0 0 0 0 0 0
