5.0 0 0 0 0 0 0
10.0 0 0 0 0 0 0
15.0 0 0 0 0 0 0
20.0 0 0 0 0 0 0
25.0 0 0 0 0 0 0
30.0 0 0 0 0 0 0
35.0 0 0 0 0 0 0
40.0 0 0 0 0 0 0
45.0 0 0 0 0 0 0
50.0 0 0 0 0 0 0
55.0 0 0 0 0 0 0
60.0 0 0 0 0 0 0
65.0 0 0 0 0 0 0
70.0 0 0 0 0 0 0
75.0 0 0 0 0 0 0
80.0 0 0 0 0 0 0
85.0 0 0 0 0 0 0
90.0 0 0 0 0 0 0
95.0 0 0 0 0 0 0
100.0 0 0 0 0 0 0
105.0 0 0 0 0 0 0
110.0 0 0 0 0 0 0
115.0 0 0 0 0 0 0
120.0 0 0 0 0 0 0
125.0 0 0 0 0 0 0
130.0 0 0 0 0 0 0
135.0 0 0 0 0 0 0
140.0 0 0 0 0 0 0
145.0 0 0 0 0 0 0
150.0 0 0 0 0 0 0
155.0 0 0 0 0 0 0
160.0 0 0 0 0 0 0
165.0 0 0 0 0 0 0
170.0 0 0 0 0 0 0
175.0 0 0 0 0 0 0
180.0 0 0 0 0 0 0
185.0 0 0 0 0 0 0
190.0 0 0 0 0 0 0
195.0 0 0 0 0 0 0
200.0 0 0 0 0 0 0
205.0 0 0 0 0 0 0
210.0 0 0 0 0 0 0
215.0 0 0 0 0 0 0
220.0 0 0 0 0 0 0
225.0 0 0 0 0 0 0
230.0 0 0 0 0 0 0
235.0 0 0 0 0 0 0
240.0 0 0 0 0 0 0
245.0 0 0 0 0 0 0
250.0 0 0 1 0 0 1
255.0 0 0 1 0 0 1
260.0 0 0 1 0 0 1
265.0 0 0 2 0 0 2
270.0 1 0 2 0 0 3
275.0 1 0 2 0 0 3
280.0 1 0 2 0 0 3
285.0 1 0 0 0 0 1
290.0 1 0 0 0 0 1
295.0 1 0 0 0 0 1
300.0 1 0 0 0 0 1
305.0 0 1 0 0 0 1
310.0 0 1 0 0 0 1
315.0 0 1 0 1 0 2
320.0 0 2 0 1 0 3
325.0 0 3 0 1 0 4
330.0 0 3 0 1 0 4
335.0 0 3 0 2 0 5
340.0 1 3 0 3 1 8
345.0 1 3 0 2 2 8
350.0 1 2 0 2 3 8
355.0 3 2 0 2 3 10
360.0 5 1 0 2 3 11
365.0 5 0 0 2 3 10
370.0 5 2 0 2 3 12
375.0 6 3 0 2 3 14
380.0 5 4 2 2 3 16
385.0 6 4 3 1 3 17
390.0 6 3 3 2 3 17
395.0 6 5 3 2 4 20
400.0 6 7 3 2 4 22
405.0 5 8 5 1 3 22
410.0 4 9 6 1 3 23
415.0 4 9 8 2 3 26
420.0 6 11 9 3 4 33
425.0 9 11 11 3 4 38
430.0 9 10 11 3 4 37
435.0 9 9 12 3 5 38
440.0 9 12 12 4 6 43
445.0 9 12 13 5 7 46
450.0 9 12 13 4 7 45
455.0 6 14 16 5 6 47
460.0 6 18 16 7 8 55
465.0 10 20 15 7 8 60
470.0 12 22 18 7 8 67
475.0 14 22 20 11 10 77
480.0 13 27 25 10 9 84
485.0 14 29 27 12 9 91
490.0 16 29 29 12 9 95
495.0 17 26 29 12 9 93
500.0 15 21 31 14 11 92
505.0 18 25 30 10 10 93
510.0 20 24 32 10 11 97
515.0 23 28 27 11 10 99
520.0 25 31 33 11 9 109
525.0 24 35 37 12 9 117
530.0 27 37 38 14 7 123
535.0 30 39 43 14 7 133
540.0 35 40 41 16 7 139
545.0 33 39 39 17 7 135
550.0 41 41 38 19 9 148
555.0 40 41 38 19 8 146
560.0 41 45 36 22 10 154
565.0 42 47 39 23 11 162
570.0 40 46 43 24 12 165
575.0 35 44 45 26 13 163
580.0 34 47 45 22 15 163
585.0 39 47 47 25 13 171
590.0 39 49 49 27 13 177
595.0 41 55 53 24 12 185
600.0 41 56 55 20 16 188
605.0 42 50 52 16 17 177
610.0 41 48 53 17 19 178
615.0 39 46 50 12 22 169
620.0 36 45 50 14 25 170
625.0 37 46 57 14 25 179
630.0 33 43 61 17 23 177
635.0 33 43 61 17 23 177
640.0 32 48 58 16 22 176
645.0 34 48 60 16 23 181
650.0 38 47 55 21 21 182
655.0 38 48 58 16 20 180
660.0 41 45 63 17 20 186
665.0 39 47 54 20 18 178
670.0 39 40 53 23 18 173
675.0 34 42 55 21 19 171
680.0 33 42 56 23 20 174
685.0 36 42 53 23 20 174
690.0 37 44 52 23 19 175
695.0 36 50 52 21 19 178
700.0 40 50 53 20 18 181
705.0 38 47 52 22 18 177
710.0 35 50 46 21 19 171
715.0 33 43 45 20 18 159
720.0 33 37 44 21 14 149
725.0 33 36 43 20 14 146
730.0 35 33 45 16 13 142
735.0 32 30 43 16 13 134
740.0 33 30 41 15 12 131
745.0 32 30 44 17 14 137
750.0 29 30 47 19 12 137
755.0 35 32 48 16 10 141
760.0 35 31 49 18 11 144
765.0 37 32 46 16 9 140
770.0 36 33 47 15 8 139
775.0 36 33 50 16 10 145
780.0 32 34 48 16 10 140
785.0 34 33 46 16 9 138
790.0 37 28 49 16 11 141
795.0 42 22 51 14 8 137
800.0 39 28 53 17 9 146
805.0 35 28 51 17 9 140
810.0 40 27 50 17 9 143
815.0 39 25 48 20 10 142
820.0 39 27 42 20 10 138
825.0 38 31 42 18 9 138
830.0 35 35 42 16 9 137
835.0 37 38 46 17 11 149
840.0 41 38 45 18 12 154
845.0 42 40 45 19 13 159
850.0 41 43 46 22 15 167
855.0 40 45 43 22 16 166
860.0 40 48 42 21 15 166
865.0 42 49 42 19 15 167
870.0 34 52 45 18 14 163
875.0 32 52 44 19 11 158
880.0 34 51 42 21 12 160
885.0 36 51 43 19 12 161
890.0 37 51 51 19 13 171
895.0 37 51 57 24 12 181
900.0 37 51 62 28 13 191
905.0 39 54 67 29 12 201
910.0 38 53 60 30 14 195
915.0 41 58 54 32 12 197
920.0 46 57 49 31 15 198
925.0 52 56 48 25 15 196
930.0 58 54 47 28 14 201
935.0 54 51 46 28 15 194
940.0 46 51 48 33 16 194
945.0 45 48 43 34 14 184
950.0 44 47 47 40 16 194
955.0 39 47 48 37 16 187
960.0 38 49 53 31 13 184
965.0 40 46 48 29 12 175
970.0 41 54 52 26 13 186
975.0 43 56 52 19 16 186
980.0 35 60 51 21 17 184
985.0 35 57 53 17 15 177
990.0 35 50 54 20 14 173
995.0 34 45 56 23 18 176
1000.0 35 35 60 24 19 173
1005.0 33 34 63 23 16 169
1010.0 34 37 64 23 18 176
1015.0 36 38 60 22 16 172
1020.0 34 39 56 21 15 165
1025.0 35 41 66 18 16 176
1030.0 35 41 67 18 17 178
1035.0 40 41 64 18 19 182
1040.0 39 39 64 21 19 182
1045.0 42 46 71 23 16 198
1050.0 46 48 71 23 16 204
1055.0 41 51 65 28 19 204
1060.0 41 54 65 26 19 205
1065.0 42 57 65 22 20 206
1070.0 45 54 64 20 20 203
1075.0 45 48 63 22 22 200
1080.0 42 42 64 24 24 196
1085.0 41 41 62 29 23 196
1090.0 39 50 62 29 24 204
1095.0 40 49 59 29 24 201
1100.0 40 51 59 28 22 200
1105.0 40 49 55 27 24 195
1110.0 40 49 55 26 25 195
1115.0 42 50 50 29 25 196
1120.0 45 54 49 25 26 199
1125.0 51 53 52 29 24 209
1130.0 55 52 53 31 23 214
1135.0 64 46 56 30 24 220
1140.0 57 48 49 27 24 205
1145.0 52 45 52 27 22 198
1150.0 53 45 49 26 19 192
1155.0 49 45 54 28 19 195
1160.0 51 42 53 26 21 193
1165.0 47 45 51 26 20 189
1170.0 51 42 50 25 18 186
1175.0 46 39 47 21 17 170
1180.0 42 42 49 19 16 168
1185.0 40 32 46 20 17 155
1190.0 39 31 48 20 16 154
1195.0 32 35 41 21 14 143
1200.0 27 37 38 22 11 135
1205.0 29 38 37 19 12 135
1210.0 31 37 40 16 10 134
1215.0 27 32 42 13 9 123
1220.0 30 36 36 12 10 124
1225.0 29 34 31 11 8 113
1230.0 29 28 31 10 8 106
1235.0 24 33 23 11 7 98
1240.0 24 30 18 13 8 93
1245.0 21 27 19 10 8 85
1250.0 22 28 17 12 6 85
1255.0 18 28 15 12 5 78
1260.0 15 31 13 11 4 74
1265.0 13 24 17 14 4 72
1270.0 12 21 17 12 5 67
1275.0 13 21 15 8 4 61
1280.0 13 21 14 11 4 63
1285.0 15 19 16 9 3 62
1290.0 13 14 16 9 4 56
1295.0 12 9 13 10 3 47
1300.0 9 8 11 8 2 38
1305.0 10 8 14 6 2 40
1310.0 10 9 12 5 2 38
1315.0 7 9 10 5 2 33
1320.0 7 6 9 3 1 26
1325.0 5 7 10 3 0 25
1330.0 4 6 9 3 0 22
1335.0 5 5 9 1 0 20
1340.0 1 6 9 1 1 18
1345.0 2 6 7 1 1 17
1350.0 2 4 6 2 0 14
1355.0 2 4 3 3 0 12
1360.0 1 3 4 3 0 11
1365.0 1 3 5 3 0 12
1370.0 1 3 3 3 0 10
1375.0 1 3 2 2 0 8
1380.0 1 4 2 1 0 8
1385.0 2 4 1 1 0 8
1390.0 3 3 1 0 0 7
1395.0 3 2 0 0 0 5
1400.0 2 3 0 0 0 5
1405.0 2 2 0 0 0 4
1410.0 2 2 0 0 0 4
1415.0 1 1 0 0 1 3
1420.0 1 0 0 1 1 3
1425.0 1 0 0 1 1 3
1430.0 1 0 0 1 1 3
1435.0 0 0 0 1 1 2
