5.0 0 0 0 0 0 0
10.0 0 0 0 0 0 0
15.0 0 0 0 0 0 0
20.0 0 0 0 0 0 0
25.0 0 0 0 0 0 0
30.0 0 0 0 0 0 0
35.0 0 0 0 0 0 0
40.0 0 0 0 0 0 0
45.0 0 0 0 0 0 0
50.0 0 0 0 0 0 0
55.0 0 0 0 0 0 0
60.0 0 0 0 0 0 0
65.0 0 0 0 0 0 0
70.0 0 0 0 0 0 0
75.0 0 0 0 0 0 0
80.0 0 0 0 0 0 0
85.0 0 0 0 0 0 0
90.0 0 0 0 0 0 0
95.0 0 0 0 0 0 0
100.0 0 0 0 0 0 0
105.0 0 0 0 0 0 0
110.0 0 0 0 0 0 0
115.0 0 0 0 0 0 0
120.0 0 0 0 0 0 0
125.0 0 0 0 0 0 0
130.0 0 0 0 0 0 0
135.0 0 0 0 0 0 0
140.0 0 0 0 0 0 0
145.0 0 0 0 0 0 0
150.0 0 0 0 0 0 0
155.0 0 0 0 0 0 0
160.0 0 0 0 0 0 0
165.0 0 0 0 0 0 0
170.0 0 0 0 0 0 0
175.0 0 0 0 0 0 0
180.0 0 0 0 0 0 0
185.0 0 0 0 0 0 0
190.0 0 0 0 0 0 0
195.0 0 0 0 0 0 0
200.0 0 0 0 0 0 0
205.0 0 0 0 0 0 0
210.0 0 0 0 0 0 0
215.0 0 0 0 0 0 0
220.0 0 0 0 0 0 0
225.0 0 0 0 0 0 0
230.0 0 0 0 0 0 0
235.0 0 0 0 0 0 0
240.0 0 0 0 0 0 0
245.0 0 0 0 0 0 0
250.0 0 0 0 0 0 0
255.0 0 0 0 0 0 0
260.0 0 0 0 0 0 0
265.0 0 0 0 0 0 0
270.0 0 0 0 0 0 0
275.0 0 0 0 0 0 0
280.0 0 0 0 0 0 0
285.0 0 0 0 0 0 0
290.0 0 1 0 0 0 1
295.0 0 1 0 0 0 1
300.0 0 1 0 0 0 1
305.0 0 0 1 0 0 1
310.0 0 0 1 0 0 1
315.0 0 0 1 0 0 1
320.0 0 0 1 0 0 1
325.0 0 0 1 0 0 1
330.0 0 0 1 0 0 1
335.0 0 0 1 0 0 1
340.0 0 0 1 0 0 1
345.0 0 0 0 0 0 0
350.0 0 0 0 0 0 0
355.0 0 0 2 0 0 2
360.0 0 1 2 1 0 4
365.0 0 1 2 1 1 5
370.0 0 1 3 1 1 6
375.0 0 1 3 2 1 7
380.0 0 1 3 2 1 7
385.0 0 1 1 3 1 6
390.0 1 2 2 2 1 8
395.0 1 3 2 2 2 10
400.0 1 3 3 2 2 11
405.0 2 4 5 2 2 15
410.0 3 6 5 1 2 17
415.0 4 6 6 1 1 18
420.0 4 6 6 0 1 17
425.0 4 4 6 1 1 16
430.0 5 3 8 2 2 20
435.0 4 2 10 2 3 21
440.0 5 2 12 1 3 23
445.0 5 1 10 1 3 20
450.0 6 1 11 1 2 21
455.0 7 1 9 1 2 20
460.0 7 3 11 1 2 24
465.0 6 3 12 2 2 25
470.0 11 4 14 2 2 33
475.0 12 5 12 2 2 33
480.0 11 4 11 3 2 31
485.0 9 6 11 5 2 33
490.0 9 5 13 5 2 34
495.0 11 7 15 6 5 44
500.0 11 8 15 4 5 43
505.0 11 10 18 5 4 48
510.0 10 13 22 6 4 55
515.0 7 14 23 7 4 55
520.0 9 16 25 8 4 62
525.0 9 17 32 7 4 69
530.0 11 15 33 5 4 68
535.0 11 15 29 8 5 68
540.0 11 16 25 9 5 66
545.0 15 19 28 9 5 76
550.0 20 20 25 10 5 80
555.0 19 23 27 14 6 89
560.0 23 24 28 13 6 94
565.0 23 22 28 14 8 95
570.0 23 24 26 14 7 94
575.0 23 25 25 12 6 91
580.0 25 27 28 14 7 101
585.0 25 29 32 14 11 111
590.0 25 24 35 13 11 108
595.0 27 20 34 16 10 107
600.0 27 24 37 19 12 119
605.0 28 24 35 21 12 120
610.0 28 25 30 20 11 114
615.0 28 25 27 20 13 113
620.0 28 27 27 19 12 113
625.0 31 25 21 16 14 107
630.0 31 30 21 13 14 109
635.0 29 29 28 11 14 111
640.0 29 29 28 11 12 109
645.0 28 32 29 17 11 117
650.0 30 32 30 17 14 123
655.0 29 32 26 16 16 119
660.0 27 28 32 15 16 118
665.0 26 26 29 12 17 110
670.0 28 29 28 12 15 112
675.0 29 29 32 11 15 116
680.0 28 31 29 12 16 116
685.0 27 29 28 12 15 111
690.0 25 27 23 11 17 103
695.0 24 27 25 9 16 101
700.0 24 26 27 11 17 105
705.0 25 25 23 11 15 99
710.0 24 22 23 11 14 94
715.0 24 25 23 11 13 96
720.0 22 21 24 9 11 87
725.0 23 19 27 10 9 88
730.0 20 18 30 9 10 87
735.0 19 20 31 12 10 92
740.0 20 16 30 11 11 88
745.0 18 18 25 11 11 83
750.0 14 18 21 13 9 75
755.0 13 19 19 10 8 69
760.0 15 18 24 7 7 71
765.0 13 21 23 6 6 69
770.0 14 22 23 6 7 72
775.0 13 20 24 5 7 69
780.0 13 23 23 5 8 72
785.0 15 23 27 4 9 78
790.0 15 26 25 6 5 77
795.0 16 26 26 6 5 79
800.0 16 26 26 6 6 80
805.0 17 24 26 5 8 80
810.0 14 24 29 9 7 83
815.0 17 25 26 11 6 85
820.0 15 28 27 11 7 88
825.0 16 24 30 13 7 90
830.0 16 24 28 13 7 88
835.0 18 22 23 11 8 82
840.0 19 23 25 12 9 88
845.0 16 26 24 14 8 88
850.0 18 27 23 15 9 92
855.0 22 26 24 11 9 92
860.0 26 27 23 12 9 97
865.0 24 25 25 14 10 98
870.0 25 26 21 13 8 93
875.0 23 22 21 11 9 86
880.0 25 24 19 13 8 89
885.0 23 23 20 13 8 87
890.0 25 22 19 16 10 92
895.0 25 24 21 15 9 94
900.0 26 24 23 18 9 100
905.0 27 24 25 20 9 105
910.0 27 24 25 20 10 106
915.0 25 21 26 20 11 103
920.0 24 22 27 18 10 101
925.0 23 25 24 18 8 98
930.0 21 29 21 18 8 97
935.0 17 30 24 19 7 97
940.0 19 27 23 20 6 95
945.0 18 30 28 21 7 104
950.0 16 21 32 20 9 98
955.0 17 22 32 20 9 100
960.0 14 21 28 21 9 93
965.0 11 22 29 20 10 92
970.0 11 21 31 20 10 93
975.0 13 22 31 20 10 96
980.0 14 20 32 19 11 96
985.0 20 16 41 17 11 105
990.0 19 19 38 16 14 106
995.0 18 19 38 17 16 108
1000.0 19 21 43 15 16 114
1005.0 18 22 39 13 13 105
1010.0 19 20 38 13 13 103
1015.0 19 21 33 16 14 103
1020.0 18 23 32 15 14 102
1025.0 17 22 37 14 14 104
1030.0 15 19 37 19 13 103
1035.0 14 22 35 18 13 102
1040.0 16 27 34 17 13 107
1045.0 15 25 33 17 9 99
1050.0 15 25 33 19 12 104
1055.0 16 24 31 20 13 104
1060.0 16 21 37 20 11 105
1065.0 17 26 36 20 11 110
1070.0 22 27 33 22 8 112
1075.0 28 28 34 19 7 116
1080.0 29 26 37 21 7 120
1085.0 24 26 35 18 8 111
1090.0 27 23 35 15 8 108
1095.0 30 21 37 15 9 112
1100.0 26 24 37 17 11 115
1105.0 29 25 35 16 12 117
1110.0 25 24 35 18 11 113
1115.0 25 23 37 16 11 112
1120.0 21 23 35 18 9 106
1125.0 21 25 33 22 10 111
1130.0 22 26 31 22 11 112
1135.0 17 28 30 21 12 108
1140.0 19 29 34 22 12 116
1145.0 20 32 26 21 13 112
1150.0 19 35 27 19 15 115
1155.0 17 40 26 21 17 121
1160.0 19 36 28 19 18 120
1165.0 16 33 32 20 15 116
1170.0 16 34 30 18 18 116
1175.0 15 32 34 17 16 114
1180.0 13 29 37 20 15 114
1185.0 14 27 29 19 16 105
1190.0 15 20 34 20 12 101
1195.0 13 17 35 18 11 94
1200.0 17 22 34 18 11 102
1205.0 20 19 27 16 13 95
1210.0 21 17 26 15 13 92
1215.0 20 17 25 12 12 86
1220.0 19 17 24 11 12 83
1225.0 20 12 22 11 14 79
1230.0 19 12 21 13 15 80
1235.0 21 10 22 14 13 80
1240.0 18 9 23 14 12 76
1245.0 17 9 21 12 11 70
1250.0 13 10 18 13 9 63
1255.0 15 9 17 8 8 57
1260.0 19 10 13 7 7 56
1265.0 9 8 12 10 5 44
1270.0 11 9 10 7 4 41
1275.0 6 9 12 7 4 38
1280.0 9 7 9 5 3 33
1285.0 6 6 10 2 2 26
1290.0 4 5 10 1 1 21
1295.0 4 7 10 1 1 23
1300.0 2 7 11 1 1 22
1305.0 3 7 10 1 1 22
1310.0 3 6 9 0 1 19
1315.0 2 6 11 1 1 21
1320.0 3 3 9 2 1 18
1325.0 2 3 8 3 1 17
1330.0 3 4 2 3 0 12
1335.0 4 4 3 2 0 13
1340.0 4 4 3 2 0 13
1345.0 3 3 3 1 1 11
1350.0 3 3 2 1 1 10
1355.0 2 3 2 1 2 10
1360.0 2 3 2 1 1 9
1365.0 1 1 2 0 0 4
1370.0 1 0 1 0 0 2
1375.0 0 0 1 1 0 2
1380.0 0 0 1 1 0 2
1385.0 0 0 1 1 0 2
1390.0 0 0 1 1 0 2
1395.0 1 1 1 0 0 3
1400.0 1 1 1 0 0 3
1405.0 2 1 1 0 0 4
1410.0 2 1 1 0 0 4
1415.0 2 1 1 0 0 4
1420.0 2 1 1 0 0 4
1425.0 2 1 1 0 0 4
1430.0 2 0 1 0 0 3
1435.0 0 0 1 1 0 2
