5.0 0 0 0 0 0 0
10.0 0 0 0 0 0 0
15.0 0 0 0 0 0 0
20.0 0 0 0 0 0 0
25.0 0 0 0 0 0 0
30.0 0 0 0 0 0 0
35.0 0 0 0 0 0 0
40.0 0 0 0 0 0 0
45.0 0 0 0 0 0 0
50.0 0 0 0 0 0 0
55.0 0 0 0 0 0 0
60.0 0 0 0 0 0 0
65.0 0 0 0 0 0 0
70.0 0 0 0 0 0 0
75.0 0 0 0 0 0 0
80.0 0 0 0 0 0 0
85.0 0 0 0 0 0 0
90.0 0 0 0 0 0 0
95.0 0 0 0 0 0 0
100.0 0 0 0 0 0 0
105.0 0 0 0 0 0 0
110.0 0 0 0 0 0 0
115.0 0 0 0 0 0 0
120.0 0 0 0 0 0 0
125.0 0 0 0 0 0 0
130.0 0 0 0 0 0 0
135.0 0 0 0 0 0 0
140.0 0 0 0 0 0 0
145.0 0 0 0 0 0 0
150.0 0 0 0 0 0 0
155.0 0 0 0 0 0 0
160.0 0 0 0 0 0 0
165.0 0 0 0 0 0 0
170.0 0 0 0 0 0 0
175.0 0 0 0 0 0 0
180.0 0 0 0 0 0 0
185.0 0 0 0 0 0 0
190.0 0 0 0 0 0 0
195.0 0 0 0 0 0 0
200.0 0 0 0 0 0 0
205.0 0 0 0 0 0 0
210.0 0 0 0 0 0 0
215.0 0 0 0 0 0 0
220.0 0 0 0 0 0 0
225.0 0 0 0 0 0 0
230.0 0 0 0 0 0 0
235.0 0 0 0 0 0 0
240.0 0 0 0 0 0 0
245.0 0 0 0 0 0 0
250.0 0 0 0 0 0 0
255.0 0 0 0 0 0 0
260.0 0 0 0 0 0 0
265.0 0 0 0 0 0 0
270.0 0 0 0 0 0 0
275.0 0 0 0 0 0 0
280.0 0 0 0 0 0 0
285.0 0 0 1 0 0 1
290.0 0 0 1 0 0 1
295.0 0 0 1 0 0 1
300.0 0 0 1 0 0 1
305.0 0 0 0 0 0 0
310.0 0 0 0 0 0 0
315.0 0 0 0 0 0 0
320.0 0 0 0 0 0 0
325.0 0 0 0 0 0 0
330.0 0 0 0 1 0 1
335.0 0 1 3 1 0 5
340.0 0 1 4 0 0 5
345.0 0 1 4 0 0 5
350.0 0 0 4 0 0 4
355.0 1 0 3 0 0 4
360.0 1 0 3 0 0 4
365.0 1 1 3 0 0 5
370.0 1 2 3 0 0 6
375.0 0 3 3 0 0 6
380.0 0 3 2 0 0 5
385.0 0 3 3 1 0 7
390.0 1 3 3 1 0 8
395.0 4 5 3 0 0 12
400.0 5 5 4 0 0 14
405.0 5 3 4 2 0 14
410.0 6 2 5 2 0 15
415.0 4 2 5 3 0 14
420.0 5 2 3 3 1 14
425.0 4 3 4 3 1 15
430.0 3 4 4 6 2 19
435.0 4 4 5 6 2 21
440.0 4 4 7 5 2 22
445.0 4 5 7 5 1 22
450.0 3 5 8 6 1 23
455.0 6 6 8 5 2 27
460.0 8 6 6 5 2 27
465.0 8 6 7 6 2 29
470.0 8 8 7 6 2 31
475.0 8 7 7 10 3 35
480.0 9 7 9 11 3 39
485.0 11 7 8 9 3 38
490.0 11 8 8 10 3 40
495.0 8 9 10 9 3 39
500.0 10 9 12 10 3 44
505.0 11 8 11 11 2 43
510.0 12 7 10 10 2 41
515.0 14 8 13 9 2 46
520.0 16 13 13 8 3 53
525.0 19 13 14 8 4 58
530.0 22 17 14 9 4 66
535.0 22 17 15 10 6 70
540.0 22 15 17 12 6 72
545.0 20 16 15 11 7 69
550.0 21 19 20 7 7 74
555.0 21 20 18 9 8 76
560.0 19 20 18 11 10 78
565.0 22 21 18 14 9 84
570.0 20 25 20 12 9 86
575.0 24 23 22 13 9 91
580.0 22 19 24 11 10 86
585.0 24 20 28 11 10 93
590.0 21 19 30 12 9 91
595.0 19 21 31 13 10 94
600.0 18 23 31 15 11 98
605.0 20 24 29 16 11 100
610.0 20 21 30 12 9 92
615.0 22 23 32 13 9 99
620.0 20 26 31 14 8 99
625.0 21 25 30 12 8 96
630.0 23 22 29 12 8 94
635.0 24 23 25 12 9 93
640.0 23 20 27 13 8 91
645.0 22 23 28 13 8 94
650.0 21 22 28 11 9 91
655.0 23 25 29 9 8 94
660.0 22 25 35 6 9 97
665.0 22 22 32 5 9 90
670.0 23 21 32 6 8 90
675.0 21 19 31 7 8 86
680.0 19 20 33 8 8 88
685.0 22 24 28 8 8 90
690.0 24 25 22 10 9 90
695.0 26 25 20 8 9 88
700.0 27 25 18 8 13 91
705.0 23 23 18 10 13 87
710.0 24 19 18 11 12 84
715.0 21 20 17 15 10 83
720.0 22 22 18 13 9 84
725.0 16 21 18 14 9 78
730.0 14 26 16 14 9 79
735.0 13 25 16 12 7 73
740.0 14 28 17 10 7 76
745.0 14 28 17 8 7 74
750.0 12 25 17 9 7 70
755.0 14 24 13 9 8 68
760.0 15 25 15 9 8 72
765.0 16 25 18 9 8 76
770.0 19 26 18 8 8 79
775.0 18 27 20 9 8 82
780.0 14 26 21 10 8 79
785.0 15 26 19 10 8 78
790.0 15 28 20 9 8 80
795.0 18 26 21 10 8 83
800.0 15 25 20 11 8 79
805.0 15 22 21 13 7 78
810.0 16 20 22 13 6 77
815.0 18 16 21 15 8 78
820.0 16 17 22 15 8 78
825.0 14 19 25 14 9 81
830.0 14 21 30 13 10 88
835.0 14 20 31 13 11 89
840.0 16 18 33 12 13 92
845.0 17 18 35 14 14 98
850.0 13 21 33 16 15 98
855.0 11 21 30 15 15 92
860.0 15 26 26 14 15 96
865.0 21 27 26 14 14 102
870.0 24 23 28 13 14 102
875.0 27 23 29 15 15 109
880.0 27 21 26 14 17 105
885.0 27 22 28 14 17 108
890.0 28 24 27 13 15 107
895.0 28 22 29 14 12 105
900.0 28 25 31 15 11 110
905.0 31 26 32 16 11 116
910.0 25 27 35 16 11 114
915.0 24 29 32 18 12 115
920.0 22 29 33 16 11 111
925.0 21 25 36 14 12 108
930.0 20 24 36 16 12 108
935.0 20 23 34 17 12 106
940.0 23 26 30 17 10 106
945.0 25 22 30 15 9 101
950.0 26 21 31 14 9 101
955.0 25 21 29 16 9 100
960.0 26 23 29 16 9 103
965.0 24 22 27 21 8 102
970.0 25 26 27 20 8 106
975.0 29 30 32 17 5 113
980.0 28 33 34 17 6 118
985.0 30 30 34 19 6 119
990.0 31 22 33 17 6 109
995.0 31 21 33 19 7 111
1000.0 28 21 34 21 6 110
1005.0 26 18 35 22 6 107
1010.0 30 21 33 17 7 108
1015.0 31 22 36 17 9 115
1020.0 32 25 34 18 9 118
1025.0 30 23 35 16 9 113
1030.0 30 23 39 15 8 115
1035.0 28 23 43 14 7 115
1040.0 30 19 41 13 7 110
1045.0 29 20 43 11 7 110
1050.0 29 22 41 11 7 110
1055.0 25 25 42 13 10 115
1060.0 23 24 47 14 13 121
1065.0 23 27 45 15 13 123
1070.0 23 27 49 13 14 126
1075.0 30 26 44 11 15 126
1080.0 30 31 44 10 14 129
1085.0 32 32 44 12 13 133
1090.0 27 34 43 12 14 130
1095.0 27 31 41 12 14 125
1100.0 26 37 40 11 12 126
1105.0 28 33 43 12 14 130
1110.0 26 31 42 13 15 127
1115.0 28 28 42 16 17 131
1120.0 31 26 35 17 16 125
1125.0 31 26 30 17 17 121
1130.0 27 25 32 17 17 118
1135.0 31 26 34 15 17 123
1140.0 27 29 29 17 17 119
1145.0 31 32 29 20 15 127
1150.0 29 36 31 21 15 132
1155.0 34 37 33 22 11 137
1160.0 34 35 36 21 11 137
1165.0 29 33 37 23 11 133
1170.0 25 31 35 22 13 126
1175.0 26 29 33 20 14 122
1180.0 23 29 29 19 15 115
1185.0 23 29 30 15 12 109
1190.0 22 29 28 17 12 108
1195.0 26 31 27 14 10 108
1200.0 24 32 27 15 9 107
1205.0 22 33 31 16 9 111
1210.0 22 33 32 15 8 110
1215.0 20 30 33 17 7 107
1220.0 22 28 24 14 8 96
1225.0 23 25 21 14 8 91
1230.0 22 23 20 11 8 84
1235.0 23 23 17 10 7 80
1240.0 19 21 21 6 7 74
1245.0 17 25 23 4 6 75
1250.0 15 25 23 5 7 75
1255.0 13 25 20 5 7 70
1260.0 12 25 20 6 6 69
1265.0 12 24 15 7 6 64
1270.0 10 22 18 8 6 64
1275.0 11 21 16 7 7 62
1280.0 11 18 16 8 7 60
1285.0 11 13 12 7 7 50
1290.0 10 13 13 5 6 47
1295.0 10 13 12 5 4 44
1300.0 8 12 12 4 6 42
1305.0 4 10 11 2 6 33
1310.0 7 8 6 2 3 26
1315.0 8 6 6 1 2 23
1320.0 7 8 2 1 2 20
1325.0 7 5 3 1 2 18
1330.0 7 5 1 1 2 16
1335.0 6 4 3 1 2 16
1340.0 3 4 1 2 2 12
1345.0 3 3 0 2 2 10
1350.0 3 2 1 2 2 10
1355.0 2 2 1 3 3 11
1360.0 2 1 1 2 2 8
1365.0 4 1 0 2 2 9
1370.0 3 1 0 2 2 8
1375.0 3 0 0 2 2 7
1380.0 4 0 0 1 1 6
1385.0 3 0 0 1 0 4
1390.0 3 0 0 1 0 4
1395.0 3 0 0 0 0 3
1400.0 2 1 0 0 0 3
1405.0 1 1 0 0 0 2
1410.0 2 1 0 0 0 3
1415.0 2 1 0 0 0 3
1420.0 1 1 0 1 0 3
1425.0 1 1 0 1 0 3
1430.0 1 1 0 0 0 2
1435.0 1 1 0 0 0 2
