5.0 0 0 0 0 0 0
10.0 0 0 0 0 0 0
15.0 0 0 0 0 0 0
20.0 0 0 0 0 0 0
25.0 0 0 0 0 0 0
30.0 0 0 0 0 0 0
35.0 0 0 0 0 0 0
40.0 0 0 0 0 0 0
45.0 0 0 0 0 0 0
50.0 0 0 0 0 0 0
55.0 0 0 0 0 0 0
60.0 0 0 0 0 0 0
65.0 0 0 0 0 0 0
70.0 0 0 0 0 0 0
75.0 0 0 0 0 0 0
80.0 0 0 0 0 0 0
85.0 0 0 0 0 0 0
90.0 0 0 0 0 0 0
95.0 0 0 0 0 0 0
100.0 0 0 0 0 0 0
105.0 0 0 0 0 0 0
110.0 0 0 0 0 0 0
115.0 0 0 0 0 0 0
120.0 0 0 0 0 0 0
125.0 0 0 0 0 0 0
130.0 0 0 0 0 0 0
135.0 0 0 0 0 0 0
140.0 0 0 0 0 0 0
145.0 0 0 0 0 0 0
150.0 0 0 0 0 0 0
155.0 0 0 0 0 0 0
160.0 0 0 0 0 0 0
165.0 0 0 0 0 0 0
170.0 0 0 0 0 0 0
175.0 0 0 0 0 0 0
180.0 0 0 0 0 0 0
185.0 0 0 0 0 0 0
190.0 0 0 0 0 0 0
195.0 0 0 0 0 0 0
200.0 0 0 0 0 0 0
205.0 0 0 0 0 0 0
210.0 0 0 0 0 0 0
215.0 0 0 1 0 0 1
220.0 0 0 1 0 0 1
225.0 0 0 1 0 0 1
230.0 1 0 0 0 0 1
235.0 1 0 0 0 0 1
240.0 1 0 0 0 0 1
245.0 1 0 0 0 0 1
250.0 1 0 0 0 0 1
255.0 1 0 0 0 0 1
260.0 1 0 0 0 0 1
265.0 1 0 0 0 0 1
270.0 1 0 0 0 0 1
275.0 1 0 0 0 0 1
280.0 1 0 0 0 0 1
285.0 1 0 0 0 0 1
290.0 1 0 0 0 0 1
295.0 1 0 0 0 0 1
300.0 0 0 0 0 0 0
305.0 0 0 0 0 0 0
310.0 0 0 1 0 0 1
315.0 1 1 2 0 0 4
320.0 1 1 2 0 0 4
325.0 1 1 2 0 1 5
330.0 1 1 1 0 1 4
335.0 2 1 1 1 1 6
340.0 2 1 3 1 1 8
345.0 2 2 3 1 1 9
350.0 3 3 2 1 1 10
355.0 5 3 2 0 1 11
360.0 6 2 3 0 1 12
365.0 5 2 3 0 1 11
370.0 5 3 4 1 1 14
375.0 6 6 5 3 1 21
380.0 9 9 3 2 2 25
385.0 9 9 3 3 2 26
390.0 11 10 6 3 1 31
395.0 8 11 6 3 2 30
400.0 8 11 6 6 3 34
405.0 8 11 8 6 3 36
410.0 7 11 10 8 3 39
415.0 10 13 12 10 1 46
420.0 13 15 17 13 1 59
425.0 15 13 20 13 1 62
430.0 17 13 23 14 1 68
435.0 20 15 28 10 1 74
440.0 25 21 37 11 3 97
445.0 26 18 39 15 3 101
450.0 26 21 41 16 3 107
455.0 27 22 44 18 4 115
460.0 30 26 43 19 4 122
465.0 35 35 49 21 5 145
470.0 35 36 53 20 8 152
475.0 37 37 51 21 6 152
480.0 39 37 52 22 7 157
485.0 46 40 53 20 8 167
490.0 47 43 57 23 11 181
495.0 49 45 62 27 11 194
500.0 52 48 60 28 13 201
505.0 58 55 66 29 13 221
510.0 57 57 62 30 16 222
515.0 58 62 63 37 19 239
520.0 61 67 61 38 22 249
525.0 67 70 64 37 21 259
530.0 63 72 68 38 23 264
535.0 61 65 75 39 24 264
540.0 66 73 85 41 25 290
545.0 74 73 91 45 25 308
550.0 74 69 102 44 24 313
555.0 80 66 113 45 28 332
560.0 79 76 119 47 30 351
565.0 81 80 118 52 29 360
570.0 81 87 129 53 31 381
575.0 84 96 133 60 33 406
580.0 91 99 137 57 38 422
585.0 98 95 141 57 41 432
590.0 102 103 133 55 42 435
595.0 103 111 132 59 45 450
600.0 104 107 137 60 44 452
605.0 101 111 134 64 42 452
610.0 99 109 140 68 44 460
615.0 91 117 134 69 44 455
620.0 94 116 134 73 46 463
625.0 100 125 134 75 46 480
630.0 106 124 129 75 46 480
635.0 108 125 126 71 44 474
640.0 119 121 121 66 46 473
645.0 124 127 112 63 47 473
650.0 124 121 115 66 46 472
655.0 114 130 119 65 48 476
660.0 123 105 125 59 50 462
665.0 119 100 121 61 51 452
670.0 114 98 123 56 53 444
675.0 107 99 122 57 53 438
680.0 101 95 130 64 54 444
685.0 95 102 124 67 56 444
690.0 89 94 131 69 53 436
695.0 95 89 133 63 51 431
700.0 99 83 125 64 52 423
705.0 89 83 124 58 52 406
710.0 92 83 118 49 51 393
715.0 93 82 114 52 55 396
720.0 88 88 121 48 55 400
725.0 86 87 132 48 59 412
730.0 84 93 126 53 61 417
735.0 85 97 115 51 60 408
740.0 87 97 116 50 59 409
745.0 81 91 120 56 56 404
750.0 85 91 112 57 55 400
755.0 84 89 102 54 51 380
760.0 77 90 101 51 49 368
765.0 72 104 98 47 46 367
770.0 74 101 95 47 43 360
775.0 70 96 92 46 43 347
780.0 64 90 91 41 47 333
785.0 67 85 87 46 47 332
790.0 71 79 84 51 46 331
795.0 71 79 85 57 44 336
800.0 72 85 87 55 42 341
805.0 71 92 92 53 41 349
810.0 66 88 98 55 37 344
815.0 71 88 98 54 38 349
820.0 75 89 95 51 40 350
825.0 78 84 88 58 40 348
830.0 85 85 84 55 47 356
835.0 84 93 92 50 53 372
840.0 82 91 97 45 51 366
845.0 81 94 102 49 48 374
850.0 77 101 103 53 49 383
855.0 86 100 105 57 51 399
860.0 95 99 108 57 52 411
865.0 91 96 113 59 51 410
870.0 96 93 111 57 53 410
875.0 93 103 109 58 53 416
880.0 90 110 105 58 51 414
885.0 91 110 106 57 50 414
890.0 100 101 110 56 51 418
895.0 96 101 112 58 49 416
900.0 100 99 112 59 50 420
905.0 97 98 113 55 53 416
910.0 98 98 118 49 55 418
915.0 95 100 123 54 52 424
920.0 93 100 118 56 52 419
925.0 92 95 134 59 46 426
930.0 88 98 130 60 49 425
935.0 91 88 137 64 47 427
940.0 92 83 148 62 44 429
945.0 86 91 146 62 42 427
950.0 79 90 146 64 43 422
955.0 81 87 143 64 44 419
960.0 79 99 131 68 43 420
965.0 84 96 130 70 48 428
970.0 81 96 121 75 45 418
975.0 85 95 117 74 43 414
980.0 79 108 121 77 41 426
985.0 83 113 113 76 42 427
990.0 92 108 108 80 44 432
995.0 90 117 118 77 41 443
1000.0 94 100 126 66 42 428
1005.0 92 111 138 61 44 446
1010.0 103 108 135 56 47 449
1015.0 102 106 130 57 46 441
1020.0 99 99 129 62 47 436
1025.0 108 100 120 69 45 442
1030.0 102 104 116 70 43 435
1035.0 108 107 109 68 42 434
1040.0 107 103 115 65 47 437
1045.0 97 108 120 63 49 437
1050.0 101 110 118 58 48 435
1055.0 101 121 115 59 47 443
1060.0 104 127 120 58 45 454
1065.0 105 126 123 52 45 451
1070.0 106 126 128 60 46 466
1075.0 112 132 123 61 45 473
1080.0 109 134 124 59 42 468
1085.0 116 130 124 65 48 483
1090.0 107 126 128 67 48 476
1095.0 108 129 136 69 46 488
1100.0 107 119 146 63 44 479
1105.0 104 122 162 67 46 501
1110.0 110 124 157 66 52 509
1115.0 110 124 157 66 51 508
1120.0 103 127 156 71 53 510
1125.0 104 126 156 73 51 510
1130.0 110 119 152 76 55 512
1135.0 103 124 164 74 55 520
1140.0 103 115 157 74 51 500
1145.0 102 112 161 77 50 502
1150.0 105 114 154 66 51 490
1155.0 107 113 150 61 54 485
1160.0 109 114 147 55 59 484
1165.0 98 116 146 56 59 475
1170.0 96 119 135 58 62 470
1175.0 94 112 135 64 60 465
1180.0 87 105 142 62 57 453
1185.0 81 105 141 65 55 447
1190.0 80 96 151 68 54 449
1195.0 79 94 143 61 50 427
1200.0 70 91 136 53 51 401
1205.0 74 95 136 42 51 398
1210.0 81 100 125 33 46 385
1215.0 76 100 120 36 43 375
1220.0 70 95 110 37 41 353
1225.0 67 91 103 35 41 337
1230.0 69 87 101 30 43 330
1235.0 67 78 98 28 42 313
1240.0 63 70 91 29 42 295
1245.0 60 62 80 28 41 271
1250.0 58 61 79 30 42 270
1255.0 55 65 73 31 40 264
1260.0 59 54 65 28 38 244
1265.0 54 56 61 21 35 227
1270.0 43 55 63 24 28 213
1275.0 35 45 61 18 25 184
1280.0 24 41 53 17 23 158
1285.0 26 33 48 16 19 142
1290.0 24 33 41 11 19 128
1295.0 23 26 42 9 13 113
1300.0 23 22 34 5 11 95
1305.0 23 19 30 6 9 87
1310.0 21 16 32 6 10 85
1315.0 15 10 29 5 9 68
1320.0 12 11 23 5 8 59
1325.0 9 12 21 6 7 55
1330.0 8 7 17 7 5 44
1335.0 9 9 15 5 3 41
1340.0 9 9 13 5 4 40
1345.0 9 9 11 4 4 37
1350.0 8 6 9 5 4 32
1355.0 7 5 10 4 4 30
1360.0 8 3 9 4 3 27
1365.0 9 3 7 4 2 25
1370.0 6 5 8 2 2 23
1375.0 3 4 7 2 2 18
1380.0 3 3 7 1 2 16
1385.0 3 3 5 1 2 14
1390.0 2 3 6 1 2 14
1395.0 3 6 4 1 2 16
1400.0 3 6 3 1 2 15
1405.0 3 4 3 1 2 13
1410.0 4 4 0 2 2 12
1415.0 2 4 1 2 2 11
1420.0 2 3 0 2 2 9
1425.0 2 3 0 2 2 9
1430.0 1 3 0 2 1 7
1435.0 1 3 0 2 1 7
