5.0 0 0 0 0 0 0
10.0 0 0 0 0 0 0
15.0 0 0 0 0 0 0
20.0 0 0 0 0 0 0
25.0 0 0 0 0 0 0
30.0 0 0 0 0 0 0
35.0 0 0 0 0 0 0
40.0 0 0 0 0 0 0
45.0 0 0 0 0 0 0
50.0 0 0 0 0 0 0
55.0 0 0 0 0 0 0
60.0 0 0 0 0 0 0
65.0 0 0 0 0 0 0
70.0 0 0 0 0 0 0
75.0 0 0 0 0 0 0
80.0 0 0 0 0 0 0
85.0 0 0 0 0 0 0
90.0 0 0 0 0 0 0
95.0 0 0 0 0 0 0
100.0 0 0 0 0 0 0
105.0 0 0 0 0 0 0
110.0 0 0 0 0 0 0
115.0 0 0 0 0 0 0
120.0 0 0 0 0 0 0
125.0 0 0 0 0 0 0
130.0 0 0 0 0 0 0
135.0 0 0 0 0 0 0
140.0 0 0 0 0 0 0
145.0 0 0 0 0 0 0
150.0 0 0 0 0 0 0
155.0 0 0 0 0 0 0
160.0 0 0 0 0 0 0
165.0 0 0 0 0 0 0
170.0 0 0 0 0 0 0
175.0 0 0 0 0 0 0
180.0 0 0 0 0 0 0
185.0 0 0 0 0 0 0
190.0 0 0 0 0 0 0
195.0 0 0 0 0 0 0
200.0 0 0 0 0 0 0
205.0 0 0 0 0 0 0
210.0 0 0 0 0 0 0
215.0 0 0 0 0 0 0
220.0 0 0 0 0 0 0
225.0 0 0 0 0 0 0
230.0 0 0 0 0 0 0
235.0 0 0 0 0 0 0
240.0 0 0 0 0 0 0
245.0 0 0 0 0 0 0
250.0 0 0 0 0 0 0
255.0 0 0 0 0 0 0
260.0 0 0 0 0 0 0
265.0 0 0 0 0 0 0
270.0 0 0 1 0 0 1
275.0 0 0 2 0 0 2
280.0 0 0 2 0 0 2
285.0 0 1 2 0 0 3
290.0 0 1 2 0 0 3
295.0 1 2 3 0 0 6
300.0 1 2 4 0 0 7
305.0 1 3 5 0 1 10
310.0 0 3 6 0 1 10
315.0 0 3 6 0 1 10
320.0 0 2 5 0 1 8
325.0 2 2 6 0 0 10
330.0 2 2 6 0 1 11
335.0 2 3 6 1 1 13
340.0 3 3 8 1 1 16
345.0 3 2 9 1 1 16
350.0 2 2 8 1 2 15
355.0 2 2 7 1 2 14
360.0 2 2 7 1 1 13
365.0 3 3 7 2 1 16
370.0 3 5 7 2 1 18
375.0 3 6 6 3 1 19
380.0 3 6 9 3 1 22
385.0 4 5 8 3 2 22
390.0 6 5 12 3 2 28
395.0 8 7 15 3 2 35
400.0 11 7 15 3 2 38
405.0 16 8 11 3 2 40
410.0 18 5 11 2 3 39
415.0 16 8 9 2 3 38
420.0 17 6 12 3 4 42
425.0 12 11 13 3 5 44
430.0 15 14 15 6 7 57
435.0 13 11 18 9 6 57
440.0 11 12 19 12 7 61
445.0 12 14 21 10 7 64
450.0 15 17 23 10 8 73
455.0 19 18 24 11 8 80
460.0 22 19 25 11 9 86
465.0 22 23 28 10 9 92
470.0 26 27 32 10 7 102
475.0 28 30 36 13 8 115
480.0 32 32 38 12 9 123
485.0 34 39 40 15 10 138
490.0 36 43 40 19 12 150
495.0 30 48 43 21 15 157
500.0 33 51 46 21 16 167
505.0 39 53 48 25 18 183
510.0 44 57 54 24 19 198
515.0 44 56 55 23 20 198
520.0 45 54 59 29 21 208
525.0 52 56 66 26 25 225
530.0 52 59 68 32 28 239
535.0 51 63 70 30 30 244
540.0 54 67 68 31 28 248
545.0 59 69 71 35 28 262
550.0 63 66 73 33 31 266
555.0 67 69 71 28 32 267
560.0 69 69 71 25 31 265
565.0 73 73 85 26 34 291
570.0 76 78 93 32 33 312
575.0 80 78 105 29 33 325
580.0 80 81 102 32 32 327
585.0 83 83 100 34 31 331
590.0 82 85 96 34 29 326
595.0 85 84 97 39 29 334
600.0 92 85 91 38 28 334
605.0 99 82 97 44 28 350
610.0 104 86 97 47 32 366
615.0 100 80 104 46 35 365
620.0 91 80 111 47 34 363
625.0 97 77 106 51 30 361
630.0 100 86 107 51 30 374
635.0 100 84 116 55 32 387
640.0 92 89 119 55 30 385
645.0 99 86 117 49 35 386
650.0 96 90 112 47 35 380
655.0 97 81 112 45 40 375
660.0 87 86 111 45 41 370
665.0 87 85 107 51 44 374
670.0 86 83 106 49 42 366
675.0 80 88 105 51 43 367
680.0 81 85 104 47 45 362
685.0 77 80 97 46 44 344
690.0 75 85 102 47 42 351
695.0 72 88 91 55 42 348
700.0 67 86 93 54 42 342
705.0 64 83 93 55 46 341
710.0 62 90 93 47 45 337
715.0 68 79 86 41 45 319
720.0 69 70 87 42 42 310
725.0 69 70 92 46 44 321
730.0 76 75 91 46 44 332
735.0 74 70 97 39 43 323
740.0 68 67 102 43 44 324
745.0 66 72 102 40 44 324
750.0 66 66 97 36 43 308
755.0 65 61 98 33 42 299
760.0 67 74 85 36 41 303
765.0 71 69 86 30 38 294
770.0 69 65 88 31 35 288
775.0 63 61 90 29 33 276
780.0 62 60 90 29 33 274
785.0 66 54 94 34 32 280
790.0 61 56 91 35 35 278
795.0 71 61 85 33 35 285
800.0 71 59 75 33 35 273
805.0 67 63 77 35 35 277
810.0 67 59 73 32 34 265
815.0 67 57 72 33 33 262
820.0 63 61 65 35 32 256
825.0 60 64 63 34 33 254
830.0 59 71 63 38 30 261
835.0 61 67 67 35 31 261
840.0 66 66 71 32 30 265
845.0 64 67 78 37 32 278
850.0 65 66 79 35 32 277
855.0 69 72 82 39 28 290
860.0 77 72 81 40 26 296
865.0 77 72 81 35 25 290
870.0 74 76 77 35 26 288
875.0 75 77 86 41 28 307
880.0 73 80 89 43 32 317
885.0 81 86 95 42 32 336
890.0 83 85 92 42 31 333
895.0 77 88 98 44 30 337
900.0 79 82 91 41 32 325
905.0 71 75 95 39 34 314
910.0 66 78 95 43 34 316
915.0 67 81 95 40 34 317
920.0 63 78 93 45 38 317
925.0 65 78 95 48 37 323
930.0 73 82 87 43 36 321
935.0 77 91 86 39 36 329
940.0 71 90 90 37 35 323
945.0 71 87 93 36 35 322
950.0 73 90 93 37 37 330
955.0 64 88 93 48 36 329
960.0 65 94 98 44 37 338
965.0 68 93 91 46 38 336
970.0 73 93 92 46 35 339
975.0 80 88 100 47 35 350
980.0 83 86 107 46 36 358
985.0 81 83 105 48 36 353
990.0 85 81 114 49 33 362
995.0 86 90 114 47 33 370
1000.0 89 89 115 47 32 372
1005.0 91 89 114 49 34 377
1010.0 95 83 109 49 36 372
1015.0 91 82 99 47 35 354
1020.0 95 70 98 48 37 348
1025.0 92 72 103 54 35 356
1030.0 90 79 108 54 34 365
1035.0 92 83 109 54 35 373
1040.0 87 86 106 54 35 368
1045.0 83 90 119 56 36 384
1050.0 89 92 108 54 37 380
1055.0 95 93 122 53 38 401
1060.0 94 99 122 54 37 406
1065.0 95 97 128 56 34 410
1070.0 110 92 116 55 35 408
1075.0 110 96 113 50 37 406
1080.0 104 96 110 49 35 394
1085.0 110 97 109 45 34 395
1090.0 100 96 106 50 33 385
1095.0 98 91 104 55 35 383
1100.0 94 91 106 59 35 385
1105.0 93 108 106 65 35 407
1110.0 91 103 110 66 34 404
1115.0 92 108 112 70 36 418
1120.0 101 108 109 72 35 425
1125.0 96 109 110 76 34 425
1130.0 92 115 115 74 31 427
1135.0 97 111 118 68 32 426
1140.0 101 113 119 67 32 432
1145.0 95 109 119 66 31 420
1150.0 91 113 114 63 30 411
1155.0 99 107 113 63 32 414
1160.0 99 108 110 66 28 411
1165.0 85 111 113 56 29 394
1170.0 80 109 103 53 33 378
1175.0 82 108 108 54 32 384
1180.0 81 105 109 55 32 382
1185.0 77 109 105 50 26 367
1190.0 82 108 103 52 26 371
1195.0 85 101 98 50 23 357
1200.0 83 100 97 46 26 352
1205.0 80 91 96 45 26 338
1210.0 78 82 98 46 27 331
1215.0 76 79 91 49 28 323
1220.0 73 75 83 47 28 306
1225.0 67 69 80 41 31 288
1230.0 69 63 81 37 29 279
1235.0 59 56 87 37 28 267
1240.0 56 53 77 36 28 250
1245.0 50 52 69 37 25 233
1250.0 47 45 67 32 27 218
1255.0 45 43 61 31 28 208
1260.0 42 43 54 24 26 189
1265.0 32 39 50 20 27 168
1270.0 28 37 44 19 25 153
1275.0 25 34 47 15 24 145
1280.0 30 32 36 12 22 132
1285.0 30 31 35 13 15 124
1290.0 24 32 33 8 10 107
1295.0 24 28 30 7 9 98
1300.0 24 31 24 7 10 96
1305.0 22 25 25 7 11 90
1310.0 23 19 25 7 11 85
1315.0 22 19 21 8 9 79
1320.0 17 19 16 7 10 69
1325.0 15 16 17 6 10 64
1330.0 14 15 18 10 7 64
1335.0 11 13 14 10 6 54
1340.0 13 10 12 9 6 50
1345.0 15 10 11 9 6 51
1350.0 10 8 11 8 6 43
1355.0 9 6 8 7 6 36
1360.0 6 6 7 7 6 32
1365.0 5 7 7 6 4 29
1370.0 4 8 6 7 1 26
1375.0 5 8 5 7 0 25
1380.0 4 9 5 4 0 22
1385.0 1 8 5 2 1 17
1390.0 1 6 5 2 1 15
1395.0 1 5 4 2 1 13
1400.0 2 5 2 2 1 12
1405.0 2 5 2 2 1 12
1410.0 3 3 0 3 1 10
1415.0 4 3 0 2 1 10
1420.0 4 2 0 1 1 8
1425.0 5 2 0 1 1 9
1430.0 5 1 0 0 0 6
1435.0 5 1 0 0 0 6
