5.0 0 0 0 0 0 0
10.0 0 0 0 0 0 0
15.0 0 0 0 0 0 0
20.0 0 0 0 0 0 0
25.0 0 0 0 0 0 0
30.0 0 0 0 0 0 0
35.0 0 0 0 0 0 0
40.0 0 0 0 0 0 0
45.0 0 0 0 0 0 0
50.0 0 0 0 0 0 0
55.0 0 0 0 0 0 0
60.0 0 0 0 0 0 0
65.0 0 0 0 0 0 0
70.0 0 0 0 0 0 0
75.0 0 0 0 0 0 0
80.0 0 0 0 0 0 0
85.0 0 0 0 0 0 0
90.0 0 0 0 0 0 0
95.0 0 0 0 0 0 0
100.0 0 0 0 0 0 0
105.0 0 0 0 0 0 0
110.0 0 0 0 0 0 0
115.0 0 0 0 0 0 0
120.0 0 0 0 0 0 0
125.0 0 0 0 0 0 0
130.0 0 0 0 0 0 0
135.0 0 0 0 0 0 0
140.0 0 0 0 0 0 0
145.0 0 0 0 0 0 0
150.0 0 0 0 0 0 0
155.0 0 0 0 0 0 0
160.0 0 0 0 0 0 0
165.0 0 0 0 0 0 0
170.0 0 0 0 0 0 0
175.0 0 0 0 0 0 0
180.0 0 0 0 0 0 0
185.0 0 0 0 0 0 0
190.0 0 0 0 0 0 0
195.0 0 0 0 0 0 0
200.0 0 0 0 0 0 0
205.0 0 0 0 0 0 0
210.0 0 0 0 0 0 0
215.0 0 0 0 0 0 0
220.0 0 0 0 0 0 0
225.0 0 0 0 0 0 0
230.0 0 0 0 0 0 0
235.0 0 0 0 0 0 0
240.0 0 0 0 0 0 0
245.0 0 0 0 0 0 0
250.0 0 0 0 0 0 0
255.0 0 0 0 0 0 0
260.0 0 0 0 0 0 0
265.0 0 0 0 0 0 0
270.0 0 0 0 0 0 0
275.0 0 0 0 0 0 0
280.0 0 0 0 0 0 0
285.0 0 0 0 0 0 0
290.0 0 0 0 0 0 0
295.0 0 0 0 0 0 0
300.0 0 0 0 0 0 0
305.0 0 0 0 0 0 0
310.0 0 0 0 0 0 0
315.0 0 0 0 0 0 0
320.0 0 0 0 0 0 0
325.0 0 0 0 0 0 0
330.0 0 0 0 0 0 0
335.0 0 0 0 0 0 0
340.0 0 0 0 0 0 0
345.0 0 0 0 0 0 0
350.0 0 0 0 0 0 0
355.0 0 0 0 0 0 0
360.0 0 0 0 0 0 0
365.0 0 0 0 0 0 0
370.0 0 0 0 0 0 0
375.0 0 0 0 0 0 0
380.0 0 0 0 0 0 0
385.0 0 0 0 0 0 0
390.0 0 0 0 0 0 0
395.0 0 0 0 0 0 0
400.0 0 0 0 0 0 0
405.0 0 0 0 0 0 0
410.0 0 0 0 0 0 0
415.0 0 0 0 0 0 0
420.0 0 0 0 0 0 0
425.0 0 0 1 0 0 1
430.0 0 1 1 0 0 2
435.0 0 1 1 0 0 2
440.0 0 2 1 0 0 3
445.0 0 3 0 0 0 3
450.0 0 3 0 0 0 3
455.0 1 3 0 0 0 4
460.0 1 3 0 0 0 4
465.0 1 3 1 0 0 5
470.0 1 2 1 0 1 5
475.0 2 3 1 0 1 7
480.0 2 3 1 0 1 7
485.0 2 2 1 0 1 6
490.0 1 4 1 0 1 7
495.0 1 4 1 0 1 7
500.0 1 4 1 1 1 8
505.0 1 4 3 2 1 11
510.0 1 4 3 2 2 12
515.0 1 3 3 1 2 10
520.0 0 3 4 1 3 11
525.0 1 3 4 1 3 12
530.0 1 2 5 1 4 13
535.0 1 2 4 1 4 12
540.0 2 2 4 2 4 14
545.0 5 3 5 2 2 17
550.0 6 4 6 2 2 20
555.0 6 4 7 2 3 22
560.0 6 4 7 1 3 21
565.0 5 3 6 1 2 17
570.0 6 4 7 0 2 19
575.0 6 5 5 1 2 19
580.0 6 5 5 1 2 19
585.0 5 5 6 2 2 20
590.0 4 3 6 2 2 17
595.0 4 3 5 4 2 18
600.0 5 2 4 3 3 17
605.0 6 2 4 3 4 19
610.0 6 2 4 3 4 19
615.0 6 2 4 3 3 18
620.0 7 5 3 3 3 21
625.0 5 6 3 4 3 21
630.0 5 6 3 2 2 18
635.0 6 5 2 2 2 17
640.0 6 6 1 2 2 17
645.0 7 6 2 2 3 20
650.0 8 6 2 1 3 20
655.0 6 5 3 1 4 19
660.0 6 3 5 1 4 19
665.0 6 3 5 1 4 19
670.0 8 4 5 1 3 21
675.0 10 4 4 1 3 22
680.0 10 4 3 1 3 21
685.0 10 3 3 1 4 21
690.0 11 3 4 1 4 23
695.0 11 1 5 1 5 23
700.0 6 1 4 3 5 19
705.0 5 1 4 2 5 17
710.0 5 2 3 2 5 17
715.0 4 2 2 1 4 13
720.0 3 2 2 1 4 12
725.0 5 2 2 1 4 14
730.0 5 1 2 1 4 13
735.0 5 1 2 1 4 13
740.0 5 1 1 1 4 12
745.0 5 2 3 1 2 13
750.0 6 2 4 2 2 16
755.0 6 2 4 3 2 17
760.0 6 1 3 3 3 16
765.0 4 1 3 4 3 15
770.0 4 1 4 4 3 16
775.0 3 1 4 5 3 16
780.0 2 3 4 5 3 17
785.0 3 3 4 4 3 17
790.0 2 3 4 4 2 15
795.0 2 2 3 4 2 13
800.0 1 2 5 4 2 14
805.0 1 1 6 4 2 14
810.0 0 1 6 3 2 12
815.0 1 1 6 3 1 12
820.0 1 1 5 3 1 11
825.0 1 0 5 3 1 10
830.0 1 3 6 2 1 13
835.0 1 4 7 2 1 15
840.0 1 4 6 2 1 14
845.0 2 4 7 0 1 14
850.0 2 5 6 0 1 14
855.0 2 5 7 0 1 15
860.0 2 6 6 0 1 15
865.0 3 5 4 1 2 15
870.0 3 7 2 1 2 15
875.0 3 7 2 1 3 16
880.0 2 7 3 1 2 15
885.0 3 6 2 1 2 14
890.0 3 7 2 1 3 16
895.0 2 8 2 1 3 16
900.0 0 7 2 1 3 13
905.0 2 8 2 1 3 16
910.0 2 7 2 2 3 16
915.0 2 7 2 2 3 16
920.0 3 6 3 2 3 17
925.0 3 4 4 2 3 16
930.0 2 4 6 2 3 17
935.0 3 2 8 2 3 18
940.0 5 3 8 2 3 21
945.0 7 3 8 2 3 23
950.0 6 3 8 2 2 21
955.0 6 3 5 2 3 19
960.0 6 3 5 2 3 19
965.0 5 4 5 4 3 21
970.0 5 4 4 4 4 21
975.0 5 3 4 5 4 21
980.0 6 3 5 5 4 23
985.0 7 3 5 4 4 23
990.0 8 3 3 3 4 21
995.0 8 4 3 2 4 21
1000.0 8 3 4 2 4 21
1005.0 8 1 4 2 4 19
1010.0 7 1 5 3 5 21
1015.0 5 1 5 3 5 19
1020.0 5 0 3 3 6 17
1025.0 5 1 3 5 6 20
1030.0 3 3 3 6 6 21
1035.0 3 4 3 6 5 21
1040.0 5 3 2 3 5 18
1045.0 5 4 2 2 5 18
1050.0 7 6 3 3 4 23
1055.0 7 6 3 2 5 23
1060.0 7 8 4 2 4 25
1065.0 7 6 5 4 4 26
1070.0 8 6 4 3 4 25
1075.0 8 6 4 4 4 26
1080.0 8 6 7 4 4 29
1085.0 7 6 7 4 4 28
1090.0 7 5 6 5 4 27
1095.0 7 5 6 4 4 26
1100.0 5 6 5 3 3 22
1105.0 4 6 5 4 3 22
1110.0 3 7 4 4 3 21
1115.0 4 9 4 4 2 23
1120.0 6 8 3 3 2 22
1125.0 8 5 3 2 2 20
1130.0 7 5 4 2 2 20
1135.0 7 7 4 2 2 22
1140.0 5 5 3 2 2 17
1145.0 9 4 3 2 3 21
1150.0 9 4 2 2 3 20
1155.0 7 3 3 4 3 20
1160.0 6 3 6 5 4 24
1165.0 7 3 7 4 4 25
1170.0 7 4 6 5 4 26
1175.0 6 4 6 5 3 24
1180.0 4 4 4 4 4 20
1185.0 3 4 3 5 4 19
1190.0 3 6 5 3 1 18
1195.0 3 8 3 2 1 17
1200.0 3 7 4 2 1 17
1205.0 3 7 5 0 1 16
1210.0 3 7 3 0 1 14
1215.0 3 5 1 1 1 11
1220.0 3 4 2 1 1 11
1225.0 3 4 3 1 0 11
1230.0 3 4 5 0 0 12
1235.0 2 4 5 0 0 11
1240.0 3 4 3 0 0 10
1245.0 3 2 3 1 1 10
1250.0 2 2 3 1 1 9
1255.0 2 2 3 1 1 9
1260.0 2 1 2 1 0 6
1265.0 1 2 2 3 0 8
1270.0 1 2 1 3 0 7
1275.0 0 2 1 3 0 6
1280.0 0 0 3 1 0 4
1285.0 0 0 3 2 0 5
1290.0 0 1 3 1 0 5
1295.0 0 1 1 1 0 3
1300.0 1 1 0 1 0 3
1305.0 1 1 0 1 0 3
1310.0 1 1 0 1 2 5
1315.0 1 0 0 1 2 4
1320.0 1 0 0 1 1 3
1325.0 1 0 0 1 1 3
1330.0 1 0 0 1 0 2
1335.0 1 0 0 1 0 2
1340.0 1 0 0 0 0 1
1345.0 1 0 0 0 0 1
1350.0 1 0 0 0 0 1
1355.0 1 0 0 1 0 2
1360.0 1 0 0 1 0 2
1365.0 1 0 1 0 0 2
1370.0 0 0 1 0 0 1
1375.0 0 0 1 0 0 1
1380.0 0 0 1 0 0 1
1385.0 0 0 1 0 0 1
1390.0 0 0 1 0 0 1
1395.0 0 0 0 0 0 0
1400.0 0 0 0 0 0 0
1405.0 0 0 0 0 0 0
1410.0 0 0 0 0 0 0
1415.0 0 0 0 0 0 0
1420.0 0 0 0 0 0 0
1425.0 0 0 0 0 0 0
1430.0 0 0 0 0 0 0
1435.0 0 0 0 0 0 0
