5.0 0 0 0 0 0 0
10.0 0 0 0 0 0 0
15.0 0 0 0 0 0 0
20.0 0 0 0 0 0 0
25.0 0 0 0 0 0 0
30.0 0 0 0 0 0 0
35.0 0 0 0 0 0 0
40.0 0 0 0 0 0 0
45.0 0 0 0 0 0 0
50.0 0 0 0 0 0 0
55.0 0 0 0 0 0 0
60.0 0 0 0 0 0 0
65.0 0 0 0 0 0 0
70.0 0 0 0 0 0 0
75.0 0 0 0 0 0 0
80.0 0 0 0 0 0 0
85.0 0 0 0 0 0 0
90.0 0 0 0 0 0 0
95.0 0 0 0 0 0 0
100.0 0 0 0 0 0 0
105.0 0 0 0 0 0 0
110.0 0 0 0 0 0 0
115.0 0 0 0 0 0 0
120.0 0 0 0 0 0 0
125.0 0 0 0 0 0 0
130.0 0 0 0 0 0 0
135.0 0 0 0 0 0 0
140.0 0 0 0 0 0 0
145.0 0 0 0 0 0 0
150.0 0 0 0 0 0 0
155.0 0 0 0 0 0 0
160.0 0 0 0 0 0 0
165.0 0 0 0 0 0 0
170.0 0 0 0 0 0 0
175.0 0 0 0 0 0 0
180.0 0 0 0 0 0 0
185.0 0 0 0 0 0 0
190.0 0 0 0 0 0 0
195.0 0 0 0 0 0 0
200.0 0 0 0 0 0 0
205.0 0 0 0 0 0 0
210.0 0 0 0 0 0 0
215.0 0 0 0 0 0 0
220.0 0 0 0 0 0 0
225.0 0 0 0 0 0 0
230.0 0 0 0 0 0 0
235.0 0 0 0 0 0 0
240.0 0 0 0 0 0 0
245.0 0 0 0 0 0 0
250.0 0 0 0 0 0 0
255.0 0 0 0 0 0 0
260.0 0 0 0 0 0 0
265.0 0 0 0 0 0 0
270.0 0 0 0 0 0 0
275.0 0 0 0 0 0 0
280.0 0 0 0 0 0 0
285.0 0 0 0 0 0 0
290.0 0 0 0 0 0 0
295.0 0 0 1 0 0 1
300.0 1 0 1 0 0 2
305.0 2 0 1 0 0 3
310.0 3 0 2 0 0 5
315.0 3 0 1 0 0 4
320.0 3 0 1 1 0 5
325.0 3 0 1 1 0 5
330.0 4 1 1 2 1 9
335.0 5 1 3 1 1 11
340.0 5 1 4 1 1 12
345.0 5 2 4 1 1 13
350.0 4 3 3 0 1 11
355.0 4 2 6 0 1 13
360.0 4 2 5 1 1 13
365.0 3 4 5 2 1 15
370.0 3 6 6 3 1 19
375.0 2 9 5 4 1 21
380.0 4 10 7 4 1 26
385.0 4 10 7 4 2 27
390.0 4 12 6 5 2 29
395.0 7 12 8 5 2 34
400.0 6 13 9 4 2 34
405.0 5 14 11 4 5 39
410.0 9 11 14 8 6 48
415.0 14 15 19 8 5 61
420.0 16 16 23 8 5 68
425.0 19 17 21 7 6 70
430.0 20 14 20 8 6 68
435.0 18 16 25 10 7 76
440.0 22 20 24 14 6 86
445.0 25 24 29 17 6 101
450.0 28 24 31 16 7 106
455.0 28 28 34 17 7 114
460.0 30 30 27 16 9 112
465.0 31 38 29 19 11 128
470.0 34 44 32 19 11 140
475.0 38 48 37 20 12 155
480.0 39 48 43 17 13 160
485.0 42 52 43 17 15 169
490.0 37 51 58 25 14 185
495.0 44 61 64 22 16 207
500.0 44 73 70 25 19 231
505.0 45 75 74 31 21 246
510.0 47 78 74 30 21 250
515.0 51 73 71 34 22 251
520.0 57 78 69 32 23 259
525.0 62 78 73 33 28 274
530.0 66 82 84 35 28 295
535.0 62 81 89 35 33 300
540.0 64 88 96 31 33 312
545.0 68 93 106 32 33 332
550.0 77 90 108 38 36 349
555.0 75 90 119 36 37 357
560.0 73 101 126 40 39 379
565.0 76 106 119 40 40 381
570.0 80 107 128 39 42 396
575.0 84 111 140 39 41 415
580.0 82 115 145 36 42 420
585.0 86 112 142 39 40 419
590.0 87 113 144 36 44 424
595.0 85 122 144 42 38 431
600.0 87 121 154 43 39 444
605.0 87 114 159 45 45 450
610.0 93 115 159 44 46 457
615.0 106 111 157 42 44 460
620.0 105 115 160 46 39 465
625.0 109 116 160 43 40 468
630.0 115 116 160 45 41 477
635.0 105 121 165 48 39 478
640.0 98 118 157 48 37 458
645.0 97 118 152 52 36 455
650.0 99 116 148 50 37 450
655.0 96 105 157 45 34 437
660.0 96 97 151 50 37 431
665.0 93 96 143 48 38 418
670.0 88 104 146 45 35 418
675.0 91 103 147 48 35 424
680.0 90 97 148 44 35 414
685.0 89 100 149 40 34 412
690.0 84 89 146 45 35 399
695.0 90 90 143 46 35 404
700.0 88 100 138 43 34 403
705.0 81 97 142 49 36 405
710.0 81 94 133 49 37 394
715.0 88 93 132 48 36 397
720.0 91 90 117 47 35 380
725.0 94 79 119 49 37 378
730.0 86 77 111 51 37 362
735.0 74 74 104 50 39 341
740.0 73 80 102 50 38 343
745.0 77 84 98 52 38 349
750.0 77 83 93 50 36 339
755.0 75 85 90 51 35 336
760.0 73 85 90 49 38 335
765.0 73 77 95 58 38 341
770.0 75 76 90 61 39 341
775.0 75 80 81 60 38 334
780.0 76 75 84 57 42 334
785.0 69 77 87 58 41 332
790.0 73 74 90 53 43 333
795.0 71 86 91 52 36 336
800.0 75 89 84 48 33 329
805.0 78 87 84 52 32 333
810.0 77 84 80 51 28 320
815.0 72 84 85 51 29 321
820.0 72 85 98 46 31 332
825.0 73 80 107 51 30 341
830.0 78 79 111 47 32 347
835.0 69 79 120 54 35 357
840.0 70 83 124 53 39 369
845.0 76 81 116 50 38 361
850.0 78 84 117 47 37 363
855.0 80 88 109 45 41 363
860.0 86 91 111 47 45 380
865.0 80 88 129 46 46 389
870.0 85 90 123 48 49 395
875.0 87 91 120 53 47 398
880.0 92 89 117 54 47 399
885.0 94 92 126 51 46 409
890.0 87 93 126 49 48 403
895.0 83 93 125 49 48 398
900.0 83 105 123 50 52 413
905.0 83 103 123 47 53 409
910.0 77 104 133 45 57 416
915.0 87 109 130 45 63 434
920.0 90 106 127 49 63 435
925.0 106 105 126 45 57 439
930.0 107 102 119 46 55 429
935.0 108 105 117 50 50 430
940.0 109 117 111 56 55 448
945.0 108 116 121 61 50 456
950.0 110 116 123 59 50 458
955.0 111 119 123 56 49 458
960.0 101 113 127 62 49 452
965.0 105 111 128 63 52 459
970.0 107 109 127 65 53 461
975.0 108 101 134 67 49 459
980.0 95 103 141 67 49 455
985.0 87 102 148 72 52 461
990.0 85 99 153 69 51 457
995.0 92 89 154 64 48 447
1000.0 97 85 148 64 46 440
1005.0 92 83 144 66 45 430
1010.0 96 86 135 68 41 426
1015.0 104 91 137 60 43 435
1020.0 107 99 128 52 45 431
1025.0 114 101 124 57 44 440
1030.0 113 104 128 58 49 452
1035.0 111 112 129 57 49 458
1040.0 118 109 133 59 49 468
1045.0 119 116 133 64 45 477
1050.0 109 115 136 64 47 471
1055.0 104 119 135 71 48 477
1060.0 97 118 134 74 47 470
1065.0 98 123 135 73 50 479
1070.0 105 142 141 68 48 504
1075.0 105 139 147 70 51 512
1080.0 119 147 142 72 52 532
1085.0 115 146 139 65 48 513
1090.0 113 139 153 70 47 522
1095.0 118 132 152 70 45 517
1100.0 114 126 160 67 44 511
1105.0 108 130 152 70 48 508
1110.0 110 136 159 70 46 521
1115.0 110 126 157 79 49 521
1120.0 106 128 161 76 52 523
1125.0 101 118 159 83 59 520
1130.0 106 111 163 83 59 522
1135.0 107 119 161 79 62 528
1140.0 110 122 151 81 60 524
1145.0 105 116 148 88 63 520
1150.0 114 105 141 83 62 505
1155.0 111 103 136 79 62 491
1160.0 108 95 133 78 67 481
1165.0 111 89 137 73 64 474
1170.0 118 97 124 72 61 472
1175.0 116 105 122 65 59 467
1180.0 114 100 128 66 51 459
1185.0 96 106 128 69 50 449
1190.0 85 104 122 65 49 425
1195.0 88 105 110 64 47 414
1200.0 85 101 105 66 45 402
1205.0 90 101 108 58 39 396
1210.0 77 101 97 61 42 378
1215.0 80 97 90 62 38 367
1220.0 81 85 93 61 39 359
1225.0 81 81 80 59 36 337
1230.0 71 83 75 53 34 316
1235.0 59 79 73 49 33 293
1240.0 53 77 75 45 30 280
1245.0 57 66 72 42 26 263
1250.0 57 58 68 35 27 245
1255.0 55 59 65 30 27 236
1260.0 58 54 54 30 23 219
1265.0 50 50 54 26 24 204
1270.0 45 47 47 24 23 186
1275.0 53 46 49 22 22 192
1280.0 49 43 41 19 17 169
1285.0 43 40 38 19 14 154
1290.0 39 37 35 18 12 141
1295.0 38 32 34 14 10 128
1300.0 33 25 30 15 8 111
1305.0 24 23 29 16 7 99
1310.0 25 22 29 11 7 94
1315.0 23 18 23 8 7 79
1320.0 17 15 20 6 7 65
1325.0 12 15 19 7 4 57
1330.0 9 11 16 6 4 46
1335.0 8 11 13 3 3 38
1340.0 7 11 14 3 2 37
1345.0 8 10 11 3 3 35
1350.0 6 8 11 3 2 30
1355.0 7 8 10 2 1 28
1360.0 4 6 9 1 1 21
1365.0 4 6 10 0 1 21
1370.0 4 4 6 1 1 16
1375.0 4 3 5 2 0 14
1380.0 4 2 3 1 0 10
1385.0 4 3 2 2 0 11
1390.0 3 2 2 2 0 9
1395.0 3 0 2 2 0 7
1400.0 3 0 0 2 2 7
1405.0 3 0 0 2 2 7
1410.0 1 0 0 2 2 5
1415.0 1 1 1 2 0 5
1420.0 0 1 1 1 0 3
1425.0 0 1 1 1 0 3
1430.0 0 1 1 1 0 3
1435.0 0 1 1 1 0 3
