5.0 0 0 0 0 0 0
10.0 0 0 0 0 0 0
15.0 0 0 0 0 0 0
20.0 0 0 0 0 0 0
25.0 0 0 0 0 0 0
30.0 0 0 0 0 0 0
35.0 0 0 0 0 0 0
40.0 0 0 0 0 0 0
45.0 0 0 0 0 0 0
50.0 0 0 0 0 0 0
55.0 0 0 0 0 0 0
60.0 0 0 0 0 0 0
65.0 0 0 0 0 0 0
70.0 0 0 0 0 0 0
75.0 0 0 0 0 0 0
80.0 0 0 0 0 0 0
85.0 0 0 0 0 0 0
90.0 0 0 0 0 0 0
95.0 0 0 0 0 0 0
100.0 0 0 0 0 0 0
105.0 0 0 0 0 0 0
110.0 0 0 0 0 0 0
115.0 0 0 0 0 0 0
120.0 0 0 0 0 0 0
125.0 0 0 0 0 0 0
130.0 0 0 0 0 0 0
135.0 0 0 0 0 0 0
140.0 0 0 0 0 0 0
145.0 0 0 0 0 0 0
150.0 0 0 0 0 0 0
155.0 0 0 0 0 0 0
160.0 0 0 0 0 0 0
165.0 0 0 0 0 0 0
170.0 0 0 0 0 0 0
175.0 0 0 0 0 0 0
180.0 0 0 0 0 0 0
185.0 0 0 0 0 0 0
190.0 0 0 0 0 0 0
195.0 0 0 0 0 0 0
200.0 0 0 0 0 0 0
205.0 0 0 0 0 0 0
210.0 0 0 0 0 0 0
215.0 0 0 0 0 0 0
220.0 0 0 0 0 0 0
225.0 0 0 0 0 0 0
230.0 0 0 0 0 0 0
235.0 0 0 0 0 0 0
240.0 0 0 0 0 0 0
245.0 0 0 0 0 0 0
250.0 0 0 0 0 0 0
255.0 0 0 0 0 0 0
260.0 0 0 0 0 0 0
265.0 0 0 1 0 0 1
270.0 0 0 1 0 0 1
275.0 0 0 1 0 0 1
280.0 0 0 1 0 0 1
285.0 0 0 1 0 0 1
290.0 0 0 1 0 0 1
295.0 0 0 1 0 0 1
300.0 0 0 1 0 0 1
305.0 0 0 1 0 0 1
310.0 0 0 1 0 0 1
315.0 0 0 1 0 0 1
320.0 0 0 3 0 0 3
325.0 0 0 3 0 0 3
330.0 1 0 3 1 0 5
335.0 1 0 3 1 0 5
340.0 2 0 3 0 0 5
345.0 2 0 3 0 0 5
350.0 3 0 2 1 0 6
355.0 2 1 2 1 0 6
360.0 2 1 2 0 0 5
365.0 3 2 2 0 0 7
370.0 4 2 2 0 0 8
375.0 4 2 3 0 0 9
380.0 3 2 3 0 0 8
385.0 3 2 3 0 0 8
390.0 3 1 5 0 0 9
395.0 4 2 6 0 0 12
400.0 3 2 6 0 0 11
405.0 3 2 5 0 0 10
410.0 4 2 5 0 0 11
415.0 6 3 4 0 0 13
420.0 8 3 6 0 0 17
425.0 9 3 6 0 1 19
430.0 9 5 8 0 1 23
435.0 9 6 9 0 1 25
440.0 7 7 10 1 1 26
445.0 10 7 10 2 2 31
450.0 9 6 13 4 3 35
455.0 11 7 14 5 5 42
460.0 8 5 15 7 5 40
465.0 10 7 12 5 4 38
470.0 10 9 14 5 4 42
475.0 10 10 13 3 4 40
480.0 11 10 15 4 4 44
485.0 11 12 15 3 5 46
490.0 10 12 14 7 4 47
495.0 11 10 13 10 5 49
500.0 11 10 14 10 5 50
505.0 10 11 16 8 5 50
510.0 14 12 16 7 5 54
515.0 18 14 16 4 6 58
520.0 17 16 19 6 7 65
525.0 20 15 22 6 8 71
530.0 23 14 24 8 9 78
535.0 23 15 23 9 9 79
540.0 27 17 26 9 7 86
545.0 24 19 26 8 8 85
550.0 22 18 28 7 8 83
555.0 23 19 29 6 7 84
560.0 24 21 33 8 6 92
565.0 29 19 29 9 7 93
570.0 25 22 30 10 7 94
575.0 26 23 32 11 7 99
580.0 23 25 32 11 8 99
585.0 26 22 34 10 8 100
590.0 21 24 36 12 9 102
595.0 20 22 40 12 9 103
600.0 15 23 44 10 12 104
605.0 13 22 49 10 12 106
610.0 11 21 50 9 11 102
615.0 14 19 46 10 11 100
620.0 16 25 42 14 10 107
625.0 19 25 39 14 11 108
630.0 19 26 39 14 11 109
635.0 23 24 34 13 10 104
640.0 26 28 30 11 10 105
645.0 28 28 30 11 10 107
650.0 26 31 26 10 10 103
655.0 22 30 27 15 12 106
660.0 23 29 30 15 11 108
665.0 21 29 32 15 11 108
670.0 25 29 36 15 10 115
675.0 22 29 36 14 12 113
680.0 26 27 37 12 12 114
685.0 21 29 36 10 12 108
690.0 19 26 31 10 13 99
695.0 21 23 33 11 12 100
700.0 17 19 32 13 13 94
705.0 16 21 29 14 11 91
710.0 17 21 26 13 11 88
715.0 14 25 31 10 10 90
720.0 15 24 36 9 10 94
725.0 16 25 35 6 10 92
730.0 20 23 33 8 10 94
735.0 17 20 27 9 9 82
740.0 15 18 24 9 10 76
745.0 13 21 22 9 9 74
750.0 13 20 20 8 9 70
755.0 13 23 18 9 9 72
760.0 12 23 21 13 8 77
765.0 13 27 21 13 8 82
770.0 14 25 23 9 8 79
775.0 13 24 21 9 8 75
780.0 14 27 18 11 8 78
785.0 16 26 19 9 8 78
790.0 20 25 19 7 7 78
795.0 18 22 18 10 6 74
800.0 17 20 18 11 8 74
805.0 21 17 24 9 7 78
810.0 19 17 26 9 7 78
815.0 16 19 28 8 7 78
820.0 17 21 29 8 7 82
825.0 17 21 30 10 8 86
830.0 19 21 29 9 7 85
835.0 16 24 30 11 8 89
840.0 17 25 27 12 10 91
845.0 17 24 27 13 10 91
850.0 19 25 27 13 10 94
855.0 22 25 26 14 9 96
860.0 21 24 26 14 10 95
865.0 16 26 27 16 10 95
870.0 16 24 27 15 10 92
875.0 20 23 28 14 11 96
880.0 23 23 24 13 13 96
885.0 24 20 24 12 14 94
890.0 25 21 26 12 16 100
895.0 27 24 24 11 15 101
900.0 28 27 26 13 13 107
905.0 26 28 25 16 12 107
910.0 26 25 27 13 12 103
915.0 28 26 27 13 13 107
920.0 24 27 31 20 13 115
925.0 27 28 31 20 13 119
930.0 27 27 30 18 14 116
935.0 28 23 34 16 16 117
940.0 25 20 38 14 16 113
945.0 24 19 30 14 17 104
950.0 25 21 29 14 18 107
955.0 25 23 31 14 15 108
960.0 22 24 29 14 13 102
965.0 18 26 30 17 10 101
970.0 18 23 31 15 11 98
975.0 20 26 32 15 13 106
980.0 18 26 33 17 12 106
985.0 21 28 28 18 11 106
990.0 18 28 29 16 10 101
995.0 21 31 25 15 11 103
1000.0 20 24 28 14 11 97
1005.0 20 25 28 15 12 100
1010.0 20 30 26 15 13 104
1015.0 22 34 26 13 13 108
1020.0 21 34 26 14 12 107
1025.0 18 35 24 15 13 105
1030.0 17 35 27 12 13 104
1035.0 16 36 32 12 13 109
1040.0 16 37 35 12 11 111
1045.0 15 40 36 13 11 115
1050.0 16 38 37 15 12 118
1055.0 18 39 33 15 12 117
1060.0 16 44 34 17 12 123
1065.0 23 40 33 19 11 126
1070.0 25 39 30 20 12 126
1075.0 27 39 28 20 15 129
1080.0 28 39 29 19 16 131
1085.0 26 38 29 20 15 128
1090.0 28 39 30 19 15 131
1095.0 27 40 33 20 14 134
1100.0 29 42 32 19 13 135
1105.0 26 42 32 18 13 131
1110.0 23 46 33 19 13 134
1115.0 25 49 29 20 16 139
1120.0 28 49 31 19 16 143
1125.0 26 50 34 19 17 146
1130.0 25 46 35 20 17 143
1135.0 20 39 38 21 17 135
1140.0 17 40 41 20 12 130
1145.0 22 38 40 14 13 127
1150.0 22 35 39 14 12 122
1155.0 24 36 35 15 14 124
1160.0 22 38 31 13 12 116
1165.0 19 35 34 16 13 117
1170.0 19 28 35 16 13 111
1175.0 23 23 33 15 13 107
1180.0 26 22 33 15 13 109
1185.0 27 23 30 14 12 106
1190.0 28 25 27 13 13 106
1195.0 30 29 28 14 10 111
1200.0 27 30 31 12 9 109
1205.0 26 27 30 12 11 106
1210.0 23 26 30 11 12 102
1215.0 19 27 26 13 13 98
1220.0 13 28 22 12 13 88
1225.0 13 28 21 11 13 86
1230.0 15 23 23 11 14 86
1235.0 15 24 18 9 12 78
1240.0 16 22 16 10 9 73
1245.0 11 19 16 9 8 63
1250.0 11 14 15 9 7 56
1255.0 12 16 13 7 7 55
1260.0 7 14 13 8 6 48
1265.0 5 14 12 7 6 44
1270.0 7 15 10 5 6 43
1275.0 7 17 11 4 5 44
1280.0 8 20 10 1 5 44
1285.0 9 21 11 1 5 47
1290.0 8 19 10 2 4 43
1295.0 8 17 11 2 3 41
1300.0 7 17 9 2 2 37
1305.0 6 13 11 2 2 34
1310.0 5 12 11 2 2 32
1315.0 7 10 10 2 2 31
1320.0 7 8 8 2 1 26
1325.0 6 6 7 2 1 22
1330.0 6 3 6 2 1 18
1335.0 4 2 6 1 1 14
1340.0 2 2 5 1 2 12
1345.0 2 3 1 0 2 8
1350.0 1 4 0 0 2 7
1355.0 2 3 0 0 2 7
1360.0 1 3 2 0 2 8
1365.0 1 3 2 0 2 8
1370.0 2 3 2 0 2 9
1375.0 2 3 1 0 2 8
1380.0 2 3 0 0 1 6
1385.0 2 2 1 0 0 5
1390.0 2 2 0 0 0 4
1395.0 2 2 0 0 0 4
1400.0 0 1 0 1 0 2
1405.0 0 1 0 1 0 2
1410.0 0 1 0 0 0 1
1415.0 0 1 0 0 0 1
1420.0 0 1 0 0 0 1
1425.0 0 1 0 0 0 1
1430.0 0 1 0 0 0 1
1435.0 0 1 0 0 0 1
