5.0 0 0 0 0 0 0
10.0 0 0 0 0 0 0
15.0 0 0 0 0 0 0
20.0 0 0 0 0 0 0
25.0 0 0 0 0 0 0
30.0 0 0 0 0 0 0
35.0 0 0 0 0 0 0
40.0 0 0 0 0 0 0
45.0 0 0 0 0 0 0
50.0 0 0 0 0 0 0
55.0 0 0 0 0 0 0
60.0 0 0 0 0 0 0
65.0 0 0 0 0 0 0
70.0 0 0 0 0 0 0
75.0 0 0 0 0 0 0
80.0 0 0 0 0 0 0
85.0 0 0 0 0 0 0
90.0 0 0 0 0 0 0
95.0 0 0 0 0 0 0
100.0 0 0 0 0 0 0
105.0 0 0 0 0 0 0
110.0 0 0 0 0 0 0
115.0 0 0 0 0 0 0
120.0 0 0 0 0 0 0
125.0 0 0 0 0 0 0
130.0 0 0 0 0 0 0
135.0 0 0 0 0 0 0
140.0 0 0 0 0 0 0
145.0 0 0 0 0 0 0
150.0 0 0 0 0 0 0
155.0 0 0 0 0 0 0
160.0 0 0 0 0 0 0
165.0 0 0 0 0 0 0
170.0 0 0 0 0 0 0
175.0 0 0 0 0 0 0
180.0 0 0 0 0 0 0
185.0 0 0 0 0 0 0
190.0 0 0 0 0 0 0
195.0 0 0 0 0 0 0
200.0 0 0 0 0 0 0
205.0 0 0 0 0 0 0
210.0 0 0 0 0 0 0
215.0 0 0 0 0 0 0
220.0 0 0 0 0 0 0
225.0 0 0 0 0 0 0
230.0 0 0 0 0 0 0
235.0 0 0 0 0 0 0
240.0 0 0 0 0 0 0
245.0 0 0 0 0 0 0
250.0 0 0 0 0 0 0
255.0 0 0 0 0 0 0
260.0 0 0 0 0 0 0
265.0 0 0 0 0 0 0
270.0 0 0 0 0 0 0
275.0 0 0 1 0 0 1
280.0 0 1 1 1 0 3
285.0 0 1 1 1 0 3
290.0 1 2 0 1 0 4
295.0 1 2 0 1 0 4
300.0 1 2 0 1 0 4
305.0 2 1 0 0 0 3
310.0 2 1 0 0 0 3
315.0 2 1 0 0 0 3
320.0 2 2 0 0 0 4
325.0 2 2 0 0 0 4
330.0 2 2 1 2 0 7
335.0 2 2 1 2 0 7
340.0 2 1 2 2 0 7
345.0 1 1 3 3 0 8
350.0 2 1 4 3 0 10
355.0 2 1 5 3 0 11
360.0 1 2 5 3 0 11
365.0 1 2 5 3 0 11
370.0 1 3 4 3 1 12
375.0 1 5 5 3 1 15
380.0 2 5 4 2 1 14
385.0 2 5 4 4 2 17
390.0 2 7 5 4 2 20
395.0 2 7 5 4 1 19
400.0 2 7 4 5 1 19
405.0 4 10 4 5 1 24
410.0 6 9 5 5 2 27
415.0 6 13 7 5 2 33
420.0 9 10 9 4 1 33
425.0 13 10 11 4 2 40
430.0 14 10 14 3 3 44
435.0 14 11 15 5 4 49
440.0 13 12 19 6 5 55
445.0 13 15 19 8 4 59
450.0 13 16 23 10 5 67
455.0 14 16 22 9 6 67
460.0 12 20 23 10 7 72
465.0 17 22 22 9 7 77
470.0 22 25 23 11 9 90
475.0 24 24 26 12 9 95
480.0 26 28 25 13 10 102
485.0 27 31 25 14 10 107
490.0 28 32 28 17 11 116
495.0 34 30 30 18 11 123
500.0 36 30 31 18 13 128
505.0 36 33 32 21 12 134
510.0 36 40 32 20 13 141
515.0 43 42 34 24 11 154
520.0 49 42 33 26 14 164
525.0 52 40 34 31 13 170
530.0 53 39 45 30 13 180
535.0 48 33 51 31 15 178
540.0 54 30 53 30 16 183
545.0 51 32 58 29 18 188
550.0 55 38 61 32 19 205
555.0 60 41 65 32 18 216
560.0 62 48 62 32 21 225
565.0 58 46 63 33 23 223
570.0 61 49 57 34 27 228
575.0 60 52 68 38 27 245
580.0 61 52 70 37 30 250
585.0 60 56 72 43 31 262
590.0 60 59 74 38 30 261
595.0 59 60 82 38 29 268
600.0 57 66 79 35 32 269
605.0 58 62 88 32 31 271
610.0 55 62 98 32 31 278
615.0 59 60 101 33 30 283
620.0 71 59 92 29 30 281
625.0 72 60 89 28 33 282
630.0 65 57 90 31 33 276
635.0 61 56 95 30 32 274
640.0 67 59 84 28 31 269
645.0 67 64 79 32 32 274
650.0 66 61 79 39 30 275
655.0 60 55 74 39 30 258
660.0 60 54 73 37 32 256
665.0 51 50 83 34 32 250
670.0 50 57 83 43 34 267
675.0 50 61 85 46 35 277
680.0 50 61 80 48 31 270
685.0 62 56 73 48 33 272
690.0 60 52 73 46 31 262
695.0 57 52 79 44 30 262
700.0 56 50 75 39 32 252
705.0 54 48 72 42 32 248
710.0 46 51 65 43 33 238
715.0 53 45 68 40 31 237
720.0 50 48 71 39 29 237
725.0 52 48 77 33 27 237
730.0 50 50 72 32 27 231
735.0 41 56 68 35 28 228
740.0 43 51 64 34 27 219
745.0 43 51 63 35 27 219
750.0 41 52 62 33 27 215
755.0 38 47 67 32 24 208
760.0 36 40 70 28 23 197
765.0 41 40 66 26 26 199
770.0 39 45 72 23 27 206
775.0 45 43 64 22 26 200
780.0 43 56 53 25 28 205
785.0 48 53 50 24 25 200
790.0 46 55 51 21 25 198
795.0 47 55 54 23 27 206
800.0 44 55 49 26 25 199
805.0 43 52 50 27 24 196
810.0 40 50 54 29 22 195
815.0 42 51 59 28 21 201
820.0 41 42 62 28 22 195
825.0 43 48 63 29 23 206
830.0 48 47 56 28 24 203
835.0 50 52 54 29 24 209
840.0 46 53 58 29 22 208
845.0 47 57 60 29 24 217
850.0 47 58 59 25 23 212
855.0 50 57 60 26 25 218
860.0 51 54 60 26 23 214
865.0 48 51 60 33 22 214
870.0 52 51 62 32 23 220
875.0 53 53 56 31 24 217
880.0 55 54 62 31 25 227
885.0 58 51 62 28 26 225
890.0 58 50 60 28 25 221
895.0 55 50 58 31 28 222
900.0 51 59 58 30 25 223
905.0 45 56 65 31 28 225
910.0 46 58 67 31 32 234
915.0 42 55 78 30 30 235
920.0 48 51 78 30 28 235
925.0 50 56 73 28 29 236
930.0 46 54 74 31 29 234
935.0 41 51 74 31 30 227
940.0 39 51 81 29 32 232
945.0 43 46 77 29 31 226
950.0 45 52 74 30 30 231
955.0 39 59 75 30 28 231
960.0 38 57 76 28 29 228
965.0 44 62 73 30 31 240
970.0 46 64 76 29 31 246
975.0 46 69 78 27 27 247
980.0 45 70 78 27 24 244
985.0 46 67 74 29 22 238
990.0 47 64 71 35 23 240
995.0 48 65 68 34 22 237
1000.0 51 71 69 30 27 248
1005.0 53 69 69 31 27 249
1010.0 57 70 75 34 30 266
1015.0 66 70 78 31 29 274
1020.0 70 67 76 26 28 267
1025.0 72 60 76 26 27 261
1030.0 69 64 76 27 27 263
1035.0 69 63 73 28 26 259
1040.0 69 60 71 29 29 258
1045.0 71 57 74 32 30 264
1050.0 64 53 78 34 30 259
1055.0 58 59 73 37 29 256
1060.0 58 60 76 41 31 266
1065.0 57 60 84 39 29 269
1070.0 58 55 91 37 29 270
1075.0 56 60 81 37 29 263
1080.0 48 55 82 42 29 256
1085.0 49 54 77 40 28 248
1090.0 54 55 85 38 27 259
1095.0 56 62 85 38 30 271
1100.0 55 66 85 36 29 271
1105.0 57 66 78 35 29 265
1110.0 61 59 83 35 27 265
1115.0 69 64 67 35 30 265
1120.0 67 69 67 39 30 272
1125.0 64 73 71 38 30 276
1130.0 65 71 76 38 29 279
1135.0 66 71 74 41 30 282
1140.0 66 73 75 40 31 285
1145.0 62 74 81 43 32 292
1150.0 58 78 79 47 30 292
1155.0 59 81 72 41 27 280
1160.0 62 78 71 41 26 278
1165.0 58 76 69 41 27 271
1170.0 64 72 58 36 24 254
1175.0 53 65 68 37 24 247
1180.0 63 68 66 34 23 254
1185.0 60 65 68 30 24 247
1190.0 53 67 68 37 24 249
1195.0 47 62 72 39 25 245
1200.0 41 63 73 40 23 240
1205.0 40 59 74 35 23 231
1210.0 41 48 74 32 21 216
1215.0 44 48 70 32 18 212
1220.0 37 53 64 25 14 193
1225.0 40 52 55 24 13 184
1230.0 40 47 51 22 12 172
1235.0 38 48 50 23 11 170
1240.0 40 44 45 20 13 162
1245.0 35 37 47 18 13 150
1250.0 32 35 43 17 13 140
1255.0 31 31 41 14 15 132
1260.0 29 31 38 17 15 130
1265.0 29 30 34 15 14 122
1270.0 28 27 33 13 13 114
1275.0 26 26 29 12 11 104
1280.0 23 26 25 11 9 94
1285.0 21 24 23 12 9 89
1290.0 23 22 20 11 8 84
1295.0 19 18 23 10 8 78
1300.0 22 16 22 9 8 77
1305.0 14 18 20 9 7 68
1310.0 13 17 16 9 7 62
1315.0 15 15 11 8 5 54
1320.0 14 13 9 8 5 49
1325.0 7 10 9 5 5 36
1330.0 7 8 8 4 5 32
1335.0 8 8 5 3 5 29
1340.0 9 9 4 2 5 29
1345.0 6 8 5 2 5 26
1350.0 6 8 1 2 5 22
1355.0 4 6 0 2 5 17
1360.0 3 4 0 2 4 13
1365.0 3 3 2 1 3 12
1370.0 3 2 2 1 3 11
1375.0 2 1 2 1 3 9
1380.0 2 2 1 0 2 7
1385.0 1 2 0 0 2 5
1390.0 1 2 0 0 2 5
1395.0 1 1 1 0 2 5
1400.0 1 0 2 0 2 5
1405.0 1 0 2 0 2 5
1410.0 0 1 1 0 2 4
1415.0 0 1 1 0 2 4
1420.0 1 1 1 0 1 4
1425.0 1 1 1 0 1 4
1430.0 1 1 0 0 1 3
1435.0 1 1 0 0 1 3
