5.0 0 0 0 0 0 0
10.0 0 0 0 0 0 0
15.0 0 0 0 0 0 0
20.0 0 0 0 0 0 0
25.0 0 0 0 0 0 0
30.0 0 0 0 0 0 0
35.0 0 0 0 0 0 0
40.0 0 0 0 0 0 0
45.0 0 0 0 0 0 0
50.0 0 0 0 0 0 0
55.0 0 0 0 0 0 0
60.0 0 0 0 0 0 0
65.0 0 0 0 0 0 0
70.0 0 0 0 0 0 0
75.0 0 0 0 0 0 0
80.0 0 0 0 0 0 0
85.0 0 0 0 0 0 0
90.0 0 0 0 0 0 0
95.0 0 0 0 0 0 0
100.0 0 0 0 0 0 0
105.0 0 0 0 0 0 0
110.0 0 0 0 0 0 0
115.0 0 0 0 0 0 0
120.0 0 0 0 0 0 0
125.0 0 0 0 0 0 0
130.0 0 0 0 0 0 0
135.0 0 0 0 0 0 0
140.0 0 0 0 0 0 0
145.0 0 0 0 0 0 0
150.0 0 0 0 0 0 0
155.0 0 0 0 0 0 0
160.0 0 0 0 0 0 0
165.0 0 0 0 0 0 0
170.0 0 0 0 0 0 0
175.0 0 0 0 0 0 0
180.0 0 0 0 0 0 0
185.0 0 0 0 0 0 0
190.0 0 0 0 0 0 0
195.0 0 0 0 0 0 0
200.0 0 0 0 0 0 0
205.0 0 0 0 0 0 0
210.0 0 0 0 0 0 0
215.0 0 0 0 0 0 0
220.0 0 0 0 0 0 0
225.0 0 0 0 0 0 0
230.0 0 0 0 0 0 0
235.0 0 0 0 0 0 0
240.0 0 0 0 0 0 0
245.0 0 0 0 0 0 0
250.0 0 0 0 0 0 0
255.0 0 0 0 0 0 0
260.0 0 0 0 0 0 0
265.0 0 0 0 0 0 0
270.0 0 0 0 0 0 0
275.0 0 0 0 0 0 0
280.0 0 0 0 0 0 0
285.0 0 0 0 0 0 0
290.0 0 0 0 0 0 0
295.0 0 0 0 0 0 0
300.0 0 0 0 0 0 0
305.0 0 0 0 0 0 0
310.0 0 0 0 0 0 0
315.0 0 0 0 0 0 0
320.0 0 0 0 0 0 0
325.0 0 0 0 0 0 0
330.0 0 0 0 0 0 0
335.0 0 0 0 0 0 0
340.0 0 0 0 0 0 0
345.0 0 0 0 0 0 0
350.0 0 0 0 0 0 0
355.0 0 0 0 0 1 1
360.0 0 0 1 0 1 2
365.0 0 0 1 0 1 2
370.0 0 0 0 0 1 1
375.0 0 0 0 0 1 1
380.0 0 1 1 0 0 2
385.0 0 1 1 0 0 2
390.0 0 2 1 0 0 3
395.0 1 2 1 0 0 4
400.0 1 2 1 0 0 4
405.0 1 3 1 0 0 5
410.0 1 2 1 0 0 4
415.0 1 1 1 0 0 3
420.0 3 3 1 0 0 7
425.0 3 3 3 0 1 10
430.0 3 3 5 0 1 12
435.0 3 4 7 0 1 15
440.0 4 3 8 1 1 17
445.0 3 3 7 2 1 16
450.0 4 5 7 2 1 19
455.0 4 6 7 2 1 20
460.0 3 6 8 3 2 22
465.0 6 7 6 4 2 25
470.0 8 7 8 4 2 29
475.0 8 7 9 4 2 30
480.0 9 8 12 3 2 34
485.0 10 9 14 3 2 38
490.0 9 8 13 3 2 35
495.0 8 9 12 4 2 35
500.0 7 12 11 4 2 36
505.0 9 15 9 5 2 40
510.0 12 16 11 5 2 46
515.0 14 21 12 6 2 55
520.0 13 22 13 6 2 56
525.0 15 19 15 5 6 60
530.0 17 21 15 4 6 63
535.0 18 21 13 7 7 66
540.0 17 22 15 7 6 67
545.0 16 22 18 9 7 72
550.0 14 22 19 7 8 70
555.0 16 21 19 6 8 70
560.0 14 20 17 6 7 64
565.0 20 21 15 7 6 69
570.0 20 20 21 8 7 76
575.0 24 20 23 8 6 81
580.0 25 19 25 9 7 85
585.0 23 25 25 15 7 95
590.0 22 28 28 15 8 101
595.0 20 27 27 15 8 97
600.0 26 24 27 15 9 101
605.0 29 23 29 16 11 108
610.0 30 20 28 14 12 104
615.0 33 22 29 11 11 106
620.0 32 22 31 11 11 107
625.0 30 21 32 10 11 104
630.0 22 23 36 12 13 106
635.0 21 26 34 14 14 109
640.0 25 31 31 14 14 115
645.0 25 28 27 16 15 111
650.0 25 28 26 13 15 107
655.0 23 29 28 12 12 104
660.0 24 29 28 11 12 104
665.0 24 28 23 12 12 99
670.0 23 24 25 11 11 94
675.0 21 24 26 12 11 94
680.0 20 28 23 15 9 95
685.0 21 28 28 14 9 100
690.0 22 25 32 18 7 104
695.0 21 23 34 21 6 105
700.0 20 24 34 20 6 104
705.0 20 24 36 18 7 105
710.0 22 24 32 14 7 99
715.0 21 24 33 12 7 97
720.0 19 25 34 13 5 96
725.0 16 24 34 13 6 93
730.0 15 20 34 13 5 87
735.0 16 19 31 13 6 85
740.0 18 22 29 12 6 87
745.0 18 22 26 12 6 84
750.0 18 19 25 13 5 80
755.0 18 18 25 12 7 80
760.0 15 19 25 13 8 80
765.0 17 17 27 12 8 81
770.0 18 17 27 11 8 81
775.0 15 19 25 13 7 79
780.0 14 19 26 14 6 79
785.0 15 15 23 14 6 73
790.0 15 16 24 13 6 74
795.0 17 15 24 9 7 72
800.0 13 17 27 10 7 74
805.0 16 21 29 10 6 82
810.0 19 18 26 13 7 83
815.0 20 18 20 14 6 78
820.0 20 16 20 10 7 73
825.0 16 18 23 8 7 72
830.0 17 22 27 6 7 79
835.0 18 23 30 6 8 85
840.0 18 24 29 6 10 87
845.0 19 29 24 8 11 91
850.0 20 29 23 9 12 93
855.0 20 28 25 8 11 92
860.0 19 30 27 10 12 98
865.0 19 32 26 7 14 98
870.0 18 32 25 7 13 95
875.0 17 30 28 8 12 95
880.0 17 30 27 10 11 95
885.0 16 31 28 11 9 95
890.0 14 35 24 13 9 95
895.0 16 33 26 14 8 97
900.0 21 36 25 12 6 100
905.0 21 34 23 14 7 99
910.0 22 33 26 15 7 103
915.0 19 31 29 14 7 100
920.0 18 32 28 17 8 103
925.0 20 30 29 16 8 103
930.0 20 29 34 16 10 109
935.0 20 25 35 15 12 107
940.0 23 24 35 17 13 112
945.0 20 25 35 21 12 113
950.0 21 21 40 22 11 115
955.0 23 20 32 23 12 110
960.0 26 19 32 19 11 107
965.0 30 21 25 17 11 104
970.0 28 20 27 17 12 104
975.0 25 21 28 19 14 107
980.0 26 20 34 14 13 107
985.0 23 23 33 13 13 105
990.0 26 23 35 13 14 111
995.0 26 22 37 10 15 110
1000.0 26 27 39 14 15 121
1005.0 27 23 30 17 13 110
1010.0 28 20 27 15 13 103
1015.0 22 24 27 16 12 101
1020.0 22 26 30 17 12 107
1025.0 22 26 33 17 14 112
1030.0 18 27 33 19 14 111
1035.0 22 30 31 18 14 115
1040.0 21 29 31 21 14 116
1045.0 20 28 34 21 15 118
1050.0 21 28 31 16 15 111
1055.0 23 28 27 14 16 108
1060.0 26 26 27 14 16 109
1065.0 32 24 26 13 16 111
1070.0 30 24 27 10 17 108
1075.0 30 23 29 9 17 108
1080.0 35 23 31 11 17 117
1085.0 35 24 36 11 17 123
1090.0 31 21 38 12 16 118
1095.0 28 25 42 12 17 124
1100.0 24 25 44 10 19 122
1105.0 24 25 46 12 19 126
1110.0 25 25 52 15 17 134
1115.0 27 25 50 15 19 136
1120.0 28 24 51 15 18 136
1125.0 30 27 49 17 17 140
1130.0 33 24 43 19 17 136
1135.0 33 27 43 21 17 141
1140.0 27 24 45 25 16 137
1145.0 25 26 41 26 16 134
1150.0 26 26 38 24 16 130
1155.0 24 28 36 22 14 124
1160.0 23 28 32 25 13 121
1165.0 28 34 30 24 12 128
1170.0 32 35 29 22 14 132
1175.0 32 33 30 25 13 133
1180.0 35 30 34 24 13 136
1185.0 32 30 34 21 13 130
1190.0 27 29 38 22 13 129
1195.0 21 31 39 20 13 124
1200.0 22 30 37 19 12 120
1205.0 21 29 36 15 11 112
1210.0 19 27 35 14 11 106
1215.0 20 25 30 12 13 100
1220.0 15 22 34 12 13 96
1225.0 11 28 32 10 11 92
1230.0 13 25 27 11 12 88
1235.0 12 25 23 10 9 79
1240.0 11 23 23 11 8 76
1245.0 16 22 19 7 10 74
1250.0 17 16 20 6 9 68
1255.0 17 15 18 7 9 66
1260.0 14 11 20 8 8 61
1265.0 13 9 19 7 9 57
1270.0 11 11 18 10 7 57
1275.0 8 9 13 8 7 45
1280.0 7 8 9 7 6 37
1285.0 7 6 9 7 5 34
1290.0 9 5 4 6 5 29
1295.0 9 4 5 4 5 27
1300.0 8 5 4 4 5 26
1305.0 6 5 4 2 4 21
1310.0 4 4 4 1 3 16
1315.0 3 4 4 0 2 13
1320.0 3 5 5 0 2 15
1325.0 1 6 4 0 2 13
1330.0 1 6 2 0 2 11
1335.0 1 6 2 1 0 10
1340.0 2 6 2 1 1 12
1345.0 2 4 3 1 1 11
1350.0 3 4 2 1 1 11
1355.0 3 5 2 1 0 11
1360.0 2 5 2 1 0 10
1365.0 2 5 1 1 0 9
1370.0 1 3 1 1 0 6
1375.0 2 2 1 2 0 7
1380.0 2 2 1 2 0 7
1385.0 2 1 1 2 0 6
1390.0 2 1 1 1 0 5
1395.0 2 2 0 0 0 4
1400.0 1 1 0 0 0 2
1405.0 1 1 0 0 0 2
1410.0 1 1 0 0 0 2
1415.0 1 0 0 0 0 1
1420.0 1 0 0 0 0 1
1425.0 1 0 0 0 0 1
1430.0 0 0 0 0 0 0
1435.0 0 0 0 0 0 0
