5.0 0 0 0 0 0 0
10.0 0 0 0 0 0 0
15.0 0 0 0 0 0 0
20.0 0 0 0 0 0 0
25.0 0 0 0 0 0 0
30.0 0 0 0 0 0 0
35.0 0 0 0 0 0 0
40.0 0 0 0 0 0 0
45.0 0 0 0 0 0 0
50.0 0 0 0 0 0 0
55.0 0 0 0 0 0 0
60.0 0 0 0 0 0 0
65.0 0 0 0 0 0 0
70.0 0 0 0 0 0 0
75.0 0 0 0 0 0 0
80.0 0 0 0 0 0 0
85.0 0 0 0 0 0 0
90.0 0 0 0 0 0 0
95.0 0 0 0 0 0 0
100.0 0 0 0 0 0 0
105.0 0 0 0 0 0 0
110.0 0 0 0 0 0 0
115.0 0 0 0 0 0 0
120.0 0 0 0 0 0 0
125.0 0 0 0 0 0 0
130.0 0 0 0 0 0 0
135.0 0 0 0 0 0 0
140.0 0 0 0 0 0 0
145.0 0 0 0 0 0 0
150.0 0 0 0 0 0 0
155.0 0 0 0 0 0 0
160.0 0 0 0 0 0 0
165.0 0 0 0 0 0 0
170.0 0 0 0 0 0 0
175.0 0 0 0 0 0 0
180.0 0 0 0 0 0 0
185.0 0 0 0 0 0 0
190.0 0 0 0 0 0 0
195.0 0 0 0 0 0 0
200.0 0 0 0 0 0 0
205.0 0 0 0 0 0 0
210.0 0 0 0 0 0 0
215.0 0 0 0 0 0 0
220.0 0 0 0 0 0 0
225.0 0 0 0 0 0 0
230.0 0 0 0 0 0 0
235.0 0 0 0 0 0 0
240.0 0 0 0 0 0 0
245.0 0 0 0 0 0 0
250.0 0 0 0 0 0 0
255.0 0 0 0 0 0 0
260.0 0 0 0 0 0 0
265.0 0 0 0 0 0 0
270.0 0 0 0 0 0 0
275.0 0 0 0 0 0 0
280.0 0 0 0 0 0 0
285.0 1 0 0 0 0 1
290.0 1 0 0 0 0 1
295.0 1 0 0 0 0 1
300.0 1 0 0 0 0 1
305.0 0 0 0 1 0 1
310.0 0 0 0 1 0 1
315.0 0 0 0 1 0 1
320.0 0 1 0 0 0 1
325.0 0 1 0 0 0 1
330.0 0 1 0 0 0 1
335.0 0 1 0 0 0 1
340.0 0 1 0 0 0 1
345.0 0 1 0 0 0 1
350.0 0 1 0 0 0 1
355.0 1 1 0 0 0 2
360.0 1 1 0 0 0 2
365.0 1 1 0 1 0 3
370.0 1 1 0 1 0 3
375.0 1 1 0 1 0 3
380.0 1 1 0 1 0 3
385.0 1 1 0 1 0 3
390.0 1 0 0 1 0 2
395.0 1 0 1 1 0 3
400.0 1 0 1 1 0 3
405.0 0 1 1 1 0 3
410.0 0 1 1 1 0 3
415.0 0 1 1 1 0 3
420.0 0 1 1 1 0 3
425.0 0 1 1 1 0 3
430.0 0 0 2 2 0 4
435.0 0 1 3 2 1 7
440.0 0 1 3 2 2 8
445.0 0 2 3 2 2 9
450.0 0 2 4 2 2 10
455.0 0 3 3 2 2 10
460.0 0 2 4 2 2 10
465.0 0 1 4 2 3 10
470.0 1 1 5 2 3 12
475.0 2 1 5 2 3 13
480.0 1 5 3 3 3 15
485.0 2 6 2 3 3 16
490.0 3 6 3 3 3 18
495.0 5 5 4 3 2 19
500.0 6 5 2 2 2 17
505.0 7 5 3 3 3 21
510.0 6 6 3 3 3 21
515.0 5 7 3 5 3 23
520.0 6 8 3 6 3 26
525.0 7 10 6 7 2 32
530.0 7 12 7 8 2 36
535.0 7 10 8 9 2 36
540.0 7 9 8 6 2 32
545.0 7 9 8 6 2 32
550.0 8 8 7 5 2 30
555.0 8 9 7 6 1 31
560.0 8 11 7 6 1 33
565.0 5 10 9 8 1 33
570.0 6 11 10 9 2 38
575.0 6 12 10 8 2 38
580.0 6 12 12 8 2 40
585.0 6 11 14 7 2 40
590.0 7 11 14 7 2 41
595.0 5 13 15 7 2 42
600.0 6 12 15 7 3 43
605.0 5 12 14 7 3 41
610.0 5 14 11 9 3 42
615.0 6 13 11 7 4 41
620.0 5 13 9 8 4 39
625.0 6 12 9 8 4 39
630.0 6 13 8 9 4 40
635.0 5 12 9 9 4 39
640.0 6 12 9 10 4 41
645.0 7 15 9 11 4 46
650.0 6 14 9 11 4 44
655.0 7 15 10 9 4 45
660.0 7 11 11 8 5 42
665.0 7 11 11 8 5 42
670.0 9 9 12 6 6 42
675.0 9 9 12 7 6 43
680.0 6 11 11 6 6 40
685.0 4 10 11 7 6 38
690.0 3 11 13 7 6 40
695.0 4 9 10 5 6 34
700.0 4 9 12 5 6 36
705.0 4 9 9 5 6 33
710.0 5 6 9 6 6 32
715.0 6 8 8 5 5 32
720.0 8 10 7 4 5 34
725.0 7 10 8 4 4 33
730.0 7 10 11 4 3 35
735.0 7 8 11 3 3 32
740.0 6 8 15 3 3 35
745.0 6 7 14 3 4 34
750.0 5 7 13 3 5 33
755.0 4 6 11 1 5 27
760.0 6 7 9 1 5 28
765.0 7 8 8 2 4 29
770.0 5 10 8 2 5 30
775.0 6 9 7 2 6 30
780.0 7 6 8 2 5 28
785.0 8 7 7 2 5 29
790.0 10 6 4 2 4 26
795.0 11 6 5 3 3 28
800.0 8 8 6 3 4 29
805.0 8 7 6 2 4 27
810.0 6 7 8 2 4 27
815.0 7 7 9 2 4 29
820.0 6 6 10 3 4 29
825.0 4 7 10 3 3 27
830.0 4 7 7 3 3 24
835.0 4 9 8 3 3 27
840.0 4 9 10 3 3 29
845.0 3 7 12 4 3 29
850.0 3 8 14 4 3 32
855.0 2 6 15 4 2 29
860.0 1 7 13 4 2 27
865.0 3 7 13 5 2 30
870.0 4 7 16 5 1 33
875.0 4 8 15 5 1 33
880.0 3 10 13 4 1 31
885.0 5 9 14 2 1 31
890.0 7 9 14 1 1 32
895.0 9 9 14 1 1 34
900.0 8 11 13 1 1 34
905.0 8 12 13 1 1 35
910.0 7 11 12 1 0 31
915.0 7 8 11 3 1 30
920.0 7 7 10 4 1 29
925.0 7 8 8 4 1 28
930.0 5 9 12 5 1 32
935.0 8 9 12 4 1 34
940.0 7 9 10 4 1 31
945.0 9 7 9 3 2 30
950.0 8 7 9 4 2 30
955.0 8 6 8 4 2 28
960.0 7 6 9 5 3 30
965.0 6 6 6 6 3 27
970.0 4 6 6 6 2 24
975.0 7 7 9 6 2 31
980.0 7 8 8 5 2 30
985.0 11 8 9 3 2 33
990.0 10 5 9 4 3 31
995.0 8 5 11 4 2 30
1000.0 4 5 10 5 1 25
1005.0 7 5 10 4 1 27
1010.0 8 7 12 4 2 33
1015.0 8 10 13 5 3 39
1020.0 7 8 12 7 3 37
1025.0 7 9 14 6 3 39
1030.0 6 11 13 3 3 36
1035.0 7 9 13 4 3 36
1040.0 8 10 12 5 3 38
1045.0 8 10 9 6 3 36
1050.0 10 10 8 4 2 34
1055.0 12 9 8 4 1 34
1060.0 11 7 8 3 2 31
1065.0 11 7 11 3 2 34
1070.0 9 7 16 4 2 38
1075.0 6 7 15 7 2 37
1080.0 10 7 17 6 2 42
1085.0 10 6 20 4 2 42
1090.0 10 8 16 5 2 41
1095.0 13 10 16 3 3 45
1100.0 13 10 17 3 3 46
1105.0 11 9 16 2 3 41
1110.0 11 10 18 2 3 44
1115.0 12 10 17 2 3 44
1120.0 12 11 15 0 3 41
1125.0 11 11 15 1 4 42
1130.0 11 15 14 1 3 44
1135.0 8 15 14 3 3 43
1140.0 9 17 13 4 3 46
1145.0 8 16 15 6 3 48
1150.0 7 18 15 6 4 50
1155.0 4 18 11 7 4 44
1160.0 4 18 8 7 4 41
1165.0 2 18 9 7 4 40
1170.0 4 14 10 9 5 42
1175.0 5 12 8 8 5 38
1180.0 5 12 8 8 5 38
1185.0 5 8 8 8 5 34
1190.0 3 9 7 7 6 32
1195.0 5 9 7 6 5 32
1200.0 6 9 8 4 5 32
1205.0 7 6 9 5 3 30
1210.0 8 7 10 5 3 33
1215.0 7 6 11 6 3 33
1220.0 8 6 11 5 4 34
1225.0 7 6 9 5 4 31
1230.0 8 6 7 3 4 28
1235.0 5 6 6 3 4 24
1240.0 4 4 6 3 4 21
1245.0 4 4 5 2 4 19
1250.0 2 3 8 3 3 19
1255.0 2 4 7 3 3 19
1260.0 2 4 6 2 3 17
1265.0 1 6 5 1 4 17
1270.0 1 4 5 1 4 15
1275.0 3 3 2 1 4 13
1280.0 3 3 3 1 3 13
1285.0 2 3 0 0 2 7
1290.0 0 2 0 0 2 4
1295.0 0 2 0 0 2 4
1300.0 0 3 1 0 1 5
1305.0 0 3 2 0 1 6
1310.0 1 2 2 0 1 6
1315.0 1 2 2 0 1 6
1320.0 0 2 2 1 1 6
1325.0 0 2 1 1 1 5
1330.0 0 1 1 1 1 4
1335.0 0 1 1 1 1 4
1340.0 0 1 1 1 1 4
1345.0 0 1 1 0 1 3
1350.0 0 1 1 0 1 3
1355.0 0 0 0 0 0 0
1360.0 0 0 0 0 0 0
1365.0 0 0 0 0 0 0
1370.0 0 0 0 0 0 0
1375.0 0 0 0 0 0 0
1380.0 0 0 0 0 0 0
1385.0 0 0 0 0 0 0
1390.0 0 0 0 0 0 0
1395.0 0 0 1 0 0 1
1400.0 0 0 1 0 0 1
1405.0 0 0 0 0 0 0
1410.0 0 0 0 0 0 0
1415.0 0 0 0 0 0 0
1420.0 0 0 0 0 0 0
1425.0 0 0 0 0 0 0
1430.0 0 0 0 0 0 0
1435.0 0 0 0 0 0 0
