5.0 0 0 0 0 0 0
10.0 0 0 0 0 0 0
15.0 0 0 0 0 0 0
20.0 0 0 0 0 0 0
25.0 0 0 0 0 0 0
30.0 0 0 0 0 0 0
35.0 0 0 0 0 0 0
40.0 0 0 0 0 0 0
45.0 0 0 0 0 0 0
50.0 0 0 0 0 0 0
55.0 0 0 0 0 0 0
60.0 0 0 0 0 0 0
65.0 0 0 0 0 0 0
70.0 0 0 0 0 0 0
75.0 0 0 0 0 0 0
80.0 0 0 0 0 0 0
85.0 0 0 0 0 0 0
90.0 0 0 0 0 0 0
95.0 0 0 0 0 0 0
100.0 0 0 0 0 0 0
105.0 0 0 0 0 0 0
110.0 0 0 0 0 0 0
115.0 0 0 0 0 0 0
120.0 0 0 0 0 0 0
125.0 0 0 0 0 0 0
130.0 0 0 0 0 0 0
135.0 0 0 0 0 0 0
140.0 0 0 0 0 0 0
145.0 0 0 0 0 0 0
150.0 0 0 0 0 0 0
155.0 0 0 0 0 0 0
160.0 0 0 0 0 0 0
165.0 0 0 0 0 0 0
170.0 0 0 0 0 0 0
175.0 0 0 0 0 0 0
180.0 0 0 0 0 0 0
185.0 0 0 0 0 0 0
190.0 0 0 0 0 0 0
195.0 0 0 0 0 0 0
200.0 0 0 0 0 0 0
205.0 0 0 0 0 0 0
210.0 0 0 0 0 0 0
215.0 0 0 0 0 0 0
220.0 0 0 0 0 0 0
225.0 0 0 0 0 0 0
230.0 0 0 0 0 0 0
235.0 0 0 0 0 0 0
240.0 0 0 0 0 0 0
245.0 0 0 0 0 0 0
250.0 0 0 0 0 0 0
255.0 0 0 0 0 0 0
260.0 0 0 0 0 0 0
265.0 0 0 0 0 0 0
270.0 0 0 0 0 0 0
275.0 0 1 0 0 0 1
280.0 0 1 0 0 0 1
285.0 0 1 0 0 0 1
290.0 0 1 0 0 0 1
295.0 0 1 0 0 0 1
300.0 0 1 0 0 0 1
305.0 0 1 0 0 0 1
310.0 0 0 0 0 0 0
315.0 1 0 1 0 0 2
320.0 1 1 1 0 0 3
325.0 1 1 1 0 0 3
330.0 1 1 0 0 0 2
335.0 1 1 1 0 0 3
340.0 1 2 1 0 0 4
345.0 1 2 1 0 0 4
350.0 1 3 1 1 0 6
355.0 1 3 1 1 0 6
360.0 2 2 2 1 1 8
365.0 3 2 3 1 1 10
370.0 3 2 3 1 1 10
375.0 4 3 3 1 1 12
380.0 4 3 3 0 1 11
385.0 5 3 4 1 2 15
390.0 5 3 5 2 2 17
395.0 6 3 7 3 2 21
400.0 7 1 9 4 2 23
405.0 6 1 9 4 2 22
410.0 7 3 8 4 2 24
415.0 7 5 9 5 2 28
420.0 10 9 9 4 3 35
425.0 11 10 9 4 3 37
430.0 13 11 8 5 4 41
435.0 11 10 10 7 6 44
440.0 11 10 10 7 6 44
445.0 9 11 15 7 5 47
450.0 9 12 21 6 5 53
455.0 8 15 24 9 6 62
460.0 10 18 28 9 7 72
465.0 11 21 30 10 6 78
470.0 12 26 28 10 8 84
475.0 13 28 32 11 9 93
480.0 15 28 34 12 10 99
485.0 14 26 38 12 11 101
490.0 15 28 43 13 12 111
495.0 12 29 43 14 13 111
500.0 16 31 39 17 13 116
505.0 15 34 41 19 13 122
510.0 21 40 43 21 16 141
515.0 23 44 41 19 16 143
520.0 24 40 49 21 17 151
525.0 34 46 52 19 18 169
530.0 38 49 55 20 19 181
535.0 37 50 59 27 22 195
540.0 43 52 63 27 21 206
545.0 50 59 64 27 24 224
550.0 52 58 69 30 21 230
555.0 52 58 74 29 19 232
560.0 57 61 66 28 20 232
565.0 56 51 79 28 19 233
570.0 54 55 80 28 23 240
575.0 55 54 85 28 23 245
580.0 50 60 86 29 24 249
585.0 51 57 89 32 26 255
590.0 52 55 85 31 25 248
595.0 47 54 84 34 23 242
600.0 52 57 83 34 25 251
605.0 52 60 84 39 23 258
610.0 62 61 89 36 22 270
615.0 64 57 90 39 21 271
620.0 59 64 101 37 22 283
625.0 57 59 104 33 17 270
630.0 57 56 104 39 16 272
635.0 62 55 107 42 18 284
640.0 59 58 101 45 18 281
645.0 64 69 97 42 18 290
650.0 64 66 98 41 17 286
655.0 63 59 95 41 18 276
660.0 69 59 95 34 17 274
665.0 64 54 91 40 17 266
670.0 66 56 85 41 17 265
675.0 65 63 76 41 17 262
680.0 75 66 80 35 19 275
685.0 72 72 84 34 21 283
690.0 73 68 83 32 24 280
695.0 77 63 74 31 22 267
700.0 74 61 75 35 21 266
705.0 72 57 72 39 22 262
710.0 67 61 68 35 24 255
715.0 65 62 77 32 22 258
720.0 63 60 76 28 21 248
725.0 61 54 70 32 23 240
730.0 58 52 66 34 26 236
735.0 62 53 63 34 27 239
740.0 67 47 67 31 27 239
745.0 63 49 65 31 28 236
750.0 60 55 63 26 28 232
755.0 51 49 66 29 29 224
760.0 49 43 64 29 30 215
765.0 52 46 64 30 27 219
770.0 53 50 65 30 26 224
775.0 58 52 68 28 24 230
780.0 60 52 67 24 23 226
785.0 53 50 69 25 23 220
790.0 55 53 59 27 23 217
795.0 51 50 59 27 25 212
800.0 52 50 55 28 27 212
805.0 43 53 58 28 25 207
810.0 43 47 62 26 26 204
815.0 43 52 60 27 26 208
820.0 44 52 61 21 22 200
825.0 41 58 64 23 22 208
830.0 45 58 63 24 22 212
835.0 48 54 62 24 20 208
840.0 47 54 63 24 22 210
845.0 42 56 66 26 24 214
850.0 44 56 67 22 25 214
855.0 46 55 74 21 26 222
860.0 45 58 71 23 24 221
865.0 51 54 76 24 24 229
870.0 53 57 75 25 25 235
875.0 49 63 77 29 24 242
880.0 48 64 81 27 24 244
885.0 50 65 74 25 26 240
890.0 50 67 72 30 25 244
895.0 47 67 68 30 23 235
900.0 48 66 67 31 23 235
905.0 50 63 66 32 23 234
910.0 46 66 67 38 24 241
915.0 43 61 68 36 26 234
920.0 39 59 71 35 27 231
925.0 41 57 74 37 26 235
930.0 37 63 73 37 25 235
935.0 42 67 69 35 27 240
940.0 37 70 71 37 32 247
945.0 41 73 67 34 31 246
950.0 45 69 73 35 28 250
955.0 47 69 72 34 30 252
960.0 51 67 73 36 29 256
965.0 50 71 73 34 27 255
970.0 45 70 71 33 27 246
975.0 47 73 63 37 28 248
980.0 48 71 65 35 30 249
985.0 53 66 62 33 27 241
990.0 48 67 60 36 26 237
995.0 52 68 58 37 25 240
1000.0 53 69 63 36 27 248
1005.0 53 70 69 36 26 254
1010.0 53 66 71 32 25 247
1015.0 50 60 71 32 26 239
1020.0 53 64 66 31 26 240
1025.0 56 60 69 32 27 244
1030.0 58 57 71 29 24 239
1035.0 53 54 73 32 24 236
1040.0 59 51 77 29 25 241
1045.0 59 58 74 24 28 243
1050.0 55 63 78 27 26 249
1055.0 58 64 80 26 27 255
1060.0 61 66 78 26 28 259
1065.0 64 67 75 27 30 263
1070.0 61 74 73 23 26 257
1075.0 69 75 68 24 27 263
1080.0 68 76 65 27 29 265
1085.0 70 77 65 30 26 268
1090.0 65 72 68 36 28 269
1095.0 67 68 74 38 27 274
1100.0 63 71 71 35 28 268
1105.0 66 77 67 34 32 276
1110.0 61 70 76 34 34 275
1115.0 57 77 81 36 34 285
1120.0 59 75 80 40 35 289
1125.0 61 78 85 38 36 298
1130.0 57 79 80 36 32 284
1135.0 62 79 77 38 28 284
1140.0 66 70 86 37 28 287
1145.0 63 71 84 36 25 279
1150.0 64 77 83 38 26 288
1155.0 63 82 83 37 27 292
1160.0 55 75 92 39 25 286
1165.0 54 72 95 36 25 282
1170.0 57 77 103 38 24 299
1175.0 53 71 95 40 22 281
1180.0 55 65 93 31 22 266
1185.0 56 62 90 30 21 259
1190.0 54 53 88 32 24 251
1195.0 49 53 90 29 23 244
1200.0 51 51 85 28 22 237
1205.0 56 50 77 24 25 232
1210.0 55 50 76 21 26 228
1215.0 53 50 67 20 23 213
1220.0 59 56 57 18 23 213
1225.0 48 56 56 22 20 202
1230.0 41 51 56 21 18 187
1235.0 36 48 54 18 18 174
1240.0 33 49 47 15 20 164
1245.0 30 45 50 15 17 157
1250.0 24 35 44 13 18 134
1255.0 19 35 42 11 16 123
1260.0 21 33 40 11 17 122
1265.0 19 29 34 10 15 107
1270.0 17 29 34 11 12 103
1275.0 13 26 33 12 12 96
1280.0 14 21 29 8 12 84
1285.0 14 20 21 8 10 73
1290.0 11 17 19 8 11 66
1295.0 11 18 19 6 11 65
1300.0 10 15 20 5 8 58
1305.0 10 13 19 6 7 55
1310.0 8 11 21 6 10 56
1315.0 6 11 20 7 9 53
1320.0 5 8 18 7 9 47
1325.0 7 7 18 4 7 43
1330.0 5 7 16 3 6 37
1335.0 5 8 13 2 6 34
1340.0 9 6 9 2 6 32
1345.0 9 6 7 2 6 30
1350.0 7 5 8 3 4 27
1355.0 8 2 7 3 4 24
1360.0 7 3 5 3 4 22
1365.0 7 2 4 4 2 19
1370.0 5 3 2 5 1 16
1375.0 5 1 2 4 1 13
1380.0 3 1 2 4 1 11
1385.0 4 1 2 3 1 11
1390.0 3 1 0 4 1 9
1395.0 2 1 2 4 1 10
1400.0 1 1 3 4 1 10
1405.0 1 1 3 4 1 10
1410.0 2 0 4 3 1 10
1415.0 0 0 1 3 0 4
1420.0 0 0 1 3 0 4
1425.0 0 0 1 2 0 3
1430.0 0 0 0 1 0 1
1435.0 0 0 0 1 0 1
