5.0 0 0 0 0 0 0
10.0 0 0 0 0 0 0
15.0 0 0 0 0 0 0
20.0 0 0 0 0 0 0
25.0 0 0 0 0 0 0
30.0 0 0 0 0 0 0
35.0 0 0 0 0 0 0
40.0 0 0 0 0 0 0
45.0 0 0 0 0 0 0
50.0 0 0 0 0 0 0
55.0 0 0 0 0 0 0
60.0 0 0 0 0 0 0
65.0 0 0 0 0 0 0
70.0 0 0 0 0 0 0
75.0 0 0 0 0 0 0
80.0 0 0 0 0 0 0
85.0 0 0 0 0 0 0
90.0 0 0 0 0 0 0
95.0 0 0 0 0 0 0
100.0 0 0 0 0 0 0
105.0 0 0 0 0 0 0
110.0 0 0 0 0 0 0
115.0 0 0 0 0 0 0
120.0 0 0 0 0 0 0
125.0 0 0 0 0 0 0
130.0 0 0 0 0 0 0
135.0 0 0 0 0 0 0
140.0 0 0 0 0 0 0
145.0 0 0 0 0 0 0
150.0 0 0 0 0 0 0
155.0 0 0 0 0 0 0
160.0 0 0 0 0 0 0
165.0 0 0 0 0 0 0
170.0 0 0 0 0 0 0
175.0 0 0 0 0 0 0
180.0 0 0 0 0 0 0
185.0 0 0 0 0 0 0
190.0 0 0 0 0 0 0
195.0 0 0 0 0 0 0
200.0 0 0 0 0 0 0
205.0 0 0 0 0 0 0
210.0 0 0 0 0 0 0
215.0 0 0 0 0 0 0
220.0 0 0 0 0 0 0
225.0 0 0 0 0 0 0
230.0 0 0 0 0 0 0
235.0 0 0 0 0 0 0
240.0 0 0 0 0 0 0
245.0 0 0 0 0 0 0
250.0 0 0 0 0 0 0
255.0 0 0 0 0 0 0
260.0 0 0 0 0 0 0
265.0 0 0 0 0 0 0
270.0 0 0 0 0 0 0
275.0 0 0 0 0 0 0
280.0 0 0 0 0 0 0
285.0 0 0 1 1 0 2
290.0 0 0 1 1 0 2
295.0 0 0 1 1 0 2
300.0 0 0 1 1 0 2
305.0 0 0 1 1 0 2
310.0 0 0 1 1 0 2
315.0 0 0 1 1 0 2
320.0 1 0 1 1 0 3
325.0 1 0 1 1 0 3
330.0 1 1 0 2 0 4
335.0 1 1 0 2 0 4
340.0 1 1 0 2 0 4
345.0 2 2 0 1 0 5
350.0 2 2 0 1 0 5
355.0 2 1 2 1 0 6
360.0 2 1 2 1 0 6
365.0 2 1 2 1 0 6
370.0 2 1 1 2 0 6
375.0 3 1 2 1 0 7
380.0 3 1 2 1 0 7
385.0 4 1 2 1 0 8
390.0 5 3 2 0 0 10
395.0 5 4 3 0 0 12
400.0 4 5 4 0 0 13
405.0 3 4 4 1 1 13
410.0 6 3 4 1 1 15
415.0 6 4 5 1 2 18
420.0 5 4 6 1 2 18
425.0 5 3 10 1 2 21
430.0 6 3 11 1 2 23
435.0 5 2 11 3 2 23
440.0 5 2 11 3 3 24
445.0 4 4 10 4 3 25
450.0 4 5 11 7 4 31
455.0 8 8 10 8 4 38
460.0 10 8 11 10 5 44
465.0 10 8 15 10 5 48
470.0 12 11 16 10 5 54
475.0 12 12 16 9 6 55
480.0 10 14 13 8 6 51
485.0 10 14 14 7 6 51
490.0 10 16 14 7 6 53
495.0 11 15 15 9 6 56
500.0 15 16 20 11 6 68
505.0 19 16 19 11 6 71
510.0 23 14 18 12 7 74
515.0 24 11 20 13 7 75
520.0 24 14 25 11 7 81
525.0 23 15 26 11 7 82
530.0 21 18 27 12 9 87
535.0 20 19 27 12 9 87
540.0 21 17 25 11 7 81
545.0 20 19 25 10 7 81
550.0 20 22 29 14 6 91
555.0 23 26 29 13 8 99
560.0 24 30 34 15 9 112
565.0 23 30 37 17 9 116
570.0 23 33 42 17 9 124
575.0 28 34 38 17 10 127
580.0 28 33 39 17 10 127
585.0 26 34 43 18 12 133
590.0 26 36 47 18 11 138
595.0 29 39 46 17 10 141
600.0 28 39 44 17 13 141
605.0 28 37 49 17 14 145
610.0 27 37 45 13 14 136
615.0 32 39 43 12 12 138
620.0 30 39 43 18 13 143
625.0 32 38 43 17 14 144
630.0 30 39 44 16 16 145
635.0 40 40 46 17 17 160
640.0 35 43 49 16 19 162
645.0 33 42 46 16 17 154
650.0 35 43 43 16 17 154
655.0 40 42 39 17 18 156
660.0 39 40 31 16 19 145
665.0 37 40 39 16 16 148
670.0 38 41 38 16 16 149
675.0 39 40 39 19 15 152
680.0 41 38 36 19 20 154
685.0 33 38 36 22 19 148
690.0 30 34 35 22 18 139
695.0 28 32 34 22 17 133
700.0 30 32 40 19 18 139
705.0 27 29 45 16 18 135
710.0 29 27 45 14 18 133
715.0 28 23 43 15 17 126
720.0 29 20 34 12 17 112
725.0 26 18 37 16 18 115
730.0 22 19 38 14 16 109
735.0 23 21 37 14 14 109
740.0 24 20 34 17 13 108
745.0 26 20 32 17 13 108
750.0 27 23 33 18 12 113
755.0 32 25 31 16 12 116
760.0 32 24 32 16 13 117
765.0 31 21 31 13 13 109
770.0 29 19 32 13 16 109
775.0 27 20 29 13 15 104
780.0 24 25 26 14 15 104
785.0 23 30 25 13 15 106
790.0 22 32 23 15 15 107
795.0 21 32 23 11 15 102
800.0 23 33 26 11 14 107
805.0 23 33 27 12 14 109
810.0 26 32 26 14 13 111
815.0 28 31 26 13 14 112
820.0 32 29 24 17 15 117
825.0 31 33 23 16 13 116
830.0 35 32 22 15 12 116
835.0 33 33 17 15 13 111
840.0 33 32 18 16 13 112
845.0 30 28 20 18 17 113
850.0 29 28 22 17 15 111
855.0 30 27 24 16 18 115
860.0 28 30 28 17 18 121
865.0 27 32 27 19 18 123
870.0 33 34 27 17 18 129
875.0 35 32 27 16 19 129
880.0 33 30 27 15 20 125
885.0 34 31 33 16 20 134
890.0 31 33 33 17 20 134
895.0 32 33 34 15 20 134
900.0 31 29 36 14 21 131
905.0 29 29 36 14 18 126
910.0 31 32 36 13 18 130
915.0 30 32 34 13 17 126
920.0 30 32 39 13 20 134
925.0 30 25 37 16 18 126
930.0 34 21 35 17 18 125
935.0 36 22 38 17 17 130
940.0 38 23 38 15 17 131
945.0 38 27 40 14 18 137
950.0 37 28 41 14 17 137
955.0 40 31 40 12 17 140
960.0 41 28 44 10 15 138
965.0 45 33 32 13 15 138
970.0 45 32 31 15 15 138
975.0 43 35 31 13 14 136
980.0 41 32 34 15 15 137
985.0 38 27 38 15 15 133
990.0 40 22 41 17 17 137
995.0 38 20 42 17 16 133
1000.0 39 20 37 16 17 129
1005.0 36 23 37 18 16 130
1010.0 31 23 42 25 18 139
1015.0 26 23 40 24 18 131
1020.0 29 29 40 22 18 138
1025.0 30 31 37 21 19 138
1030.0 34 27 39 24 19 143
1035.0 31 27 41 22 18 139
1040.0 31 28 41 18 19 137
1045.0 30 26 49 16 14 135
1050.0 34 28 46 15 15 138
1055.0 26 29 48 19 17 139
1060.0 27 29 50 20 17 143
1065.0 21 33 54 20 16 144
1070.0 23 39 54 18 15 149
1075.0 26 41 50 15 16 148
1080.0 27 39 48 16 15 145
1085.0 32 39 48 17 18 154
1090.0 31 33 55 15 21 155
1095.0 32 31 56 18 20 157
1100.0 34 41 58 17 20 170
1105.0 36 40 60 17 19 172
1110.0 38 37 65 16 21 177
1115.0 38 32 63 18 20 171
1120.0 37 31 60 16 21 165
1125.0 37 35 58 19 21 170
1130.0 42 33 53 21 21 170
1135.0 45 31 57 18 17 168
1140.0 42 30 50 21 19 162
1145.0 42 33 50 23 18 166
1150.0 39 29 52 23 18 161
1155.0 36 30 51 22 17 156
1160.0 34 34 48 22 15 153
1165.0 34 36 48 21 15 154
1170.0 34 39 44 20 15 152
1175.0 30 39 43 20 13 145
1180.0 29 35 40 21 12 137
1185.0 25 39 43 22 12 141
1190.0 26 31 45 26 14 142
1195.0 24 32 44 28 15 143
1200.0 27 32 43 22 16 140
1205.0 31 31 46 18 16 142
1210.0 37 30 50 18 16 151
1215.0 36 30 46 18 14 144
1220.0 34 25 43 17 12 131
1225.0 33 19 46 17 14 129
1230.0 29 21 40 16 15 121
1235.0 26 23 38 18 16 121
1240.0 24 23 36 18 13 114
1245.0 20 21 35 19 11 106
1250.0 15 23 30 14 10 92
1255.0 12 22 26 14 8 82
1260.0 11 20 27 15 8 81
1265.0 9 20 22 15 5 71
1270.0 13 18 22 16 4 73
1275.0 12 14 19 13 4 62
1280.0 10 13 20 12 3 58
1285.0 11 13 19 10 2 55
1290.0 10 12 15 8 1 46
1295.0 13 9 12 6 1 41
1300.0 9 11 12 7 1 40
1305.0 10 9 12 4 2 37
1310.0 8 10 13 1 2 34
1315.0 6 9 10 1 2 28
1320.0 5 6 11 2 2 26
1325.0 6 7 10 2 2 27
1330.0 5 6 10 1 2 24
1335.0 4 7 10 1 2 24
1340.0 3 8 8 0 2 21
1345.0 2 7 5 0 2 16
1350.0 0 6 5 0 2 13
1355.0 0 5 3 0 2 10
1360.0 0 4 2 0 1 7
1365.0 0 1 3 0 1 5
1370.0 1 1 1 0 1 4
1375.0 2 1 2 0 1 6
1380.0 2 0 2 0 1 5
1385.0 2 0 2 0 1 5
1390.0 2 0 2 0 1 5
1395.0 2 0 2 0 1 5
1400.0 1 0 1 0 1 3
1405.0 1 0 1 0 1 3
1410.0 0 0 2 0 1 3
1415.0 0 0 2 0 1 3
1420.0 0 0 1 0 0 1
1425.0 0 0 0 0 0 0
1430.0 0 0 0 0 0 0
1435.0 0 0 0 0 0 0
