5.0 0 0 0 0 0 0
10.0 0 0 0 0 0 0
15.0 0 0 0 0 0 0
20.0 0 0 0 0 0 0
25.0 0 0 0 0 0 0
30.0 0 0 0 0 0 0
35.0 0 0 0 0 0 0
40.0 0 0 0 0 0 0
45.0 0 0 0 0 0 0
50.0 0 0 0 0 0 0
55.0 0 0 0 0 0 0
60.0 0 0 0 0 0 0
65.0 0 0 0 0 0 0
70.0 0 0 0 0 0 0
75.0 0 0 0 0 0 0
80.0 0 0 0 0 0 0
85.0 0 0 0 0 0 0
90.0 0 0 0 0 0 0
95.0 0 0 0 0 0 0
100.0 0 0 0 0 0 0
105.0 0 0 0 0 0 0
110.0 0 0 0 0 0 0
115.0 0 0 0 0 0 0
120.0 0 0 0 0 0 0
125.0 0 0 0 0 0 0
130.0 0 0 0 0 0 0
135.0 0 0 0 0 0 0
140.0 0 0 0 0 0 0
145.0 0 0 0 0 0 0
150.0 0 0 0 0 0 0
155.0 0 0 0 0 0 0
160.0 0 0 0 0 0 0
165.0 0 0 0 0 0 0
170.0 0 0 0 0 0 0
175.0 0 0 0 0 0 0
180.0 0 0 0 0 0 0
185.0 0 0 0 0 0 0
190.0 0 0 0 0 0 0
195.0 0 0 0 0 0 0
200.0 0 0 0 0 0 0
205.0 0 0 0 0 0 0
210.0 0 0 0 0 0 0
215.0 0 0 0 0 0 0
220.0 0 0 0 0 0 0
225.0 0 0 0 0 0 0
230.0 0 0 0 0 0 0
235.0 0 0 0 0 0 0
240.0 0 0 0 0 0 0
245.0 0 0 0 0 0 0
250.0 0 0 0 0 0 0
255.0 0 0 0 0 0 0
260.0 0 0 0 0 0 0
265.0 0 0 0 0 0 0
270.0 0 0 0 0 0 0
275.0 0 0 0 0 0 0
280.0 0 0 0 0 0 0
285.0 0 0 0 0 0 0
290.0 0 0 0 0 0 0
295.0 0 0 0 0 0 0
300.0 0 0 0 0 0 0
305.0 0 0 0 0 0 0
310.0 0 1 0 0 0 1
315.0 0 1 0 0 0 1
320.0 0 1 0 0 0 1
325.0 0 0 0 0 0 0
330.0 0 0 0 0 0 0
335.0 0 0 0 0 0 0
340.0 0 0 0 0 0 0
345.0 0 0 0 0 0 0
350.0 0 0 0 0 0 0
355.0 0 0 0 0 0 0
360.0 0 0 0 0 0 0
365.0 1 0 0 0 0 1
370.0 1 0 0 0 0 1
375.0 1 0 0 0 0 1
380.0 1 0 0 0 0 1
385.0 0 0 0 0 0 0
390.0 0 0 0 0 0 0
395.0 1 0 0 0 0 1
400.0 2 0 0 0 0 2
405.0 2 2 0 0 0 4
410.0 2 2 1 0 0 5
415.0 2 2 2 1 0 7
420.0 1 1 2 1 0 5
425.0 2 0 2 1 0 5
430.0 2 0 3 1 0 6
435.0 3 0 5 1 0 9
440.0 4 1 5 1 1 12
445.0 5 1 5 1 2 14
450.0 6 1 5 1 2 15
455.0 6 2 6 3 2 19
460.0 6 3 6 4 2 21
465.0 8 4 6 4 3 25
470.0 6 5 8 4 3 26
475.0 7 5 8 4 4 28
480.0 8 5 8 4 4 29
485.0 10 3 10 4 4 31
490.0 8 4 11 6 5 34
495.0 9 4 9 6 5 33
500.0 9 4 8 6 5 32
505.0 9 6 7 6 5 33
510.0 8 7 7 6 5 33
515.0 6 9 7 5 5 32
520.0 7 10 6 6 6 35
525.0 7 7 8 6 6 34
530.0 8 8 9 5 5 35
535.0 9 7 11 5 5 37
540.0 12 8 13 3 5 41
545.0 10 7 16 4 5 42
550.0 11 7 18 2 3 41
555.0 13 7 18 2 4 44
560.0 11 6 20 3 4 44
565.0 8 6 19 5 5 43
570.0 8 6 20 5 6 45
575.0 8 9 19 6 8 50
580.0 11 11 20 5 8 55
585.0 13 12 21 7 9 62
590.0 13 13 21 9 12 68
595.0 16 17 20 6 12 71
600.0 15 15 19 7 12 68
605.0 16 18 19 6 12 71
610.0 16 19 19 6 10 70
615.0 18 17 19 6 9 69
620.0 14 15 21 6 10 66
625.0 11 17 21 6 10 65
630.0 10 18 21 5 7 61
635.0 10 22 18 5 6 61
640.0 11 19 18 5 5 58
645.0 10 20 21 5 6 62
650.0 10 21 21 6 5 63
655.0 10 18 19 8 6 61
660.0 12 17 20 7 5 61
665.0 17 20 22 6 4 69
670.0 19 23 23 5 4 74
675.0 19 25 26 8 4 82
680.0 17 25 22 8 5 77
685.0 17 23 16 9 5 70
690.0 18 24 18 9 5 74
695.0 16 18 17 9 5 65
700.0 15 17 17 9 5 63
705.0 15 15 18 8 3 59
710.0 14 15 16 6 3 54
715.0 13 15 17 6 3 54
720.0 15 12 19 6 3 55
725.0 16 7 22 9 3 57
730.0 15 10 20 10 4 59
735.0 16 9 21 9 3 58
740.0 17 8 21 9 4 59
745.0 17 11 18 9 4 59
750.0 15 13 19 9 1 57
755.0 14 11 19 10 1 55
760.0 15 10 18 9 1 53
765.0 15 13 18 8 1 55
770.0 15 12 18 8 2 55
775.0 13 15 13 10 3 54
780.0 13 15 14 8 3 53
785.0 10 17 14 7 4 52
790.0 10 16 13 7 3 49
795.0 12 17 13 7 5 54
800.0 13 15 14 7 5 54
805.0 16 13 17 7 5 58
810.0 14 15 15 7 5 56
815.0 14 13 13 9 5 54
820.0 11 13 10 9 6 49
825.0 10 15 11 13 6 55
830.0 10 15 14 13 7 59
835.0 10 21 13 13 8 65
840.0 9 22 10 14 7 62
845.0 11 19 9 12 7 58
850.0 14 20 7 12 7 60
855.0 17 19 8 12 6 62
860.0 15 17 12 15 6 65
865.0 13 18 13 15 6 65
870.0 14 18 14 12 6 64
875.0 13 18 15 12 6 64
880.0 14 16 17 11 7 65
885.0 14 18 12 12 8 64
890.0 15 19 14 12 7 67
895.0 12 17 17 12 7 65
900.0 13 19 20 11 8 71
905.0 13 18 18 10 8 67
910.0 13 16 16 10 8 63
915.0 12 18 14 8 7 59
920.0 11 20 17 8 8 64
925.0 13 22 19 7 6 67
930.0 14 21 22 8 5 70
935.0 15 21 20 7 5 68
940.0 14 21 17 7 6 65
945.0 15 21 20 8 5 69
950.0 16 19 23 10 6 74
955.0 18 19 23 10 6 76
960.0 20 20 21 10 5 76
965.0 23 18 21 11 6 79
970.0 22 18 20 9 5 74
975.0 20 16 19 10 5 70
980.0 20 16 22 14 5 77
985.0 23 15 23 13 5 79
990.0 22 15 23 11 6 77
995.0 18 14 17 12 9 70
1000.0 18 15 17 12 8 70
1005.0 18 14 16 15 8 71
1010.0 18 14 14 12 9 67
1015.0 17 13 15 13 9 67
1020.0 21 15 17 11 9 73
1025.0 18 18 16 8 9 69
1030.0 19 17 17 5 10 68
1035.0 18 20 16 5 8 67
1040.0 17 17 17 4 7 62
1045.0 16 16 17 4 8 61
1050.0 16 22 16 5 8 67
1055.0 15 25 14 6 10 70
1060.0 14 25 13 7 10 69
1065.0 12 25 17 6 10 70
1070.0 10 27 18 7 8 70
1075.0 11 27 17 7 9 71
1080.0 11 31 19 7 8 76
1085.0 11 28 18 8 9 74
1090.0 11 25 18 8 10 72
1095.0 12 21 20 8 10 71
1100.0 9 20 20 9 9 67
1105.0 10 21 23 7 9 70
1110.0 10 22 25 9 9 75
1115.0 11 23 24 9 8 75
1120.0 11 26 23 9 8 77
1125.0 14 28 23 10 8 83
1130.0 18 31 20 12 6 87
1135.0 17 32 22 11 6 88
1140.0 21 33 21 11 6 92
1145.0 18 32 21 9 6 86
1150.0 14 33 27 7 7 88
1155.0 12 34 25 7 6 84
1160.0 9 31 24 8 6 78
1165.0 9 30 23 8 6 76
1170.0 8 30 23 9 5 75
1175.0 13 19 21 10 4 67
1180.0 15 18 22 10 4 69
1185.0 19 15 25 9 4 72
1190.0 15 15 25 10 4 69
1195.0 14 16 24 10 4 68
1200.0 14 16 24 10 4 68
1205.0 12 15 23 10 5 65
1210.0 12 16 18 7 6 59
1215.0 14 13 16 10 6 59
1220.0 12 11 12 9 5 49
1225.0 11 10 11 8 5 45
1230.0 10 10 12 9 5 46
1235.0 10 9 14 9 4 46
1240.0 10 8 10 7 3 38
1245.0 14 5 9 6 3 37
1250.0 11 6 8 7 3 35
1255.0 7 4 8 7 3 29
1260.0 5 3 8 8 2 26
1265.0 6 3 7 7 1 24
1270.0 7 3 7 5 2 24
1275.0 8 4 6 4 2 24
1280.0 8 3 6 5 1 23
1285.0 8 5 2 4 1 20
1290.0 7 5 3 4 2 21
1295.0 5 6 3 3 2 19
1300.0 5 7 6 1 1 20
1305.0 4 7 5 1 1 18
1310.0 3 8 4 1 1 17
1315.0 3 4 6 1 1 15
1320.0 4 2 5 1 1 13
1325.0 0 2 5 1 1 9
1330.0 0 1 4 2 1 8
1335.0 0 2 3 2 1 8
1340.0 0 1 2 2 1 6
1345.0 0 0 1 2 1 4
1350.0 0 0 1 2 1 4
1355.0 0 0 1 2 1 4
1360.0 1 0 1 2 0 4
1365.0 1 0 0 1 0 2
1370.0 1 0 0 1 0 2
1375.0 0 0 0 1 0 1
1380.0 0 1 0 0 0 1
1385.0 0 1 0 0 0 1
1390.0 0 1 0 0 0 1
1395.0 0 0 0 0 0 0
1400.0 0 0 0 0 0 0
1405.0 0 0 0 0 0 0
1410.0 0 0 0 0 0 0
1415.0 0 0 0 0 0 0
1420.0 0 0 0 0 0 0
1425.0 0 0 0 0 0 0
1430.0 0 0 0 0 0 0
1435.0 0 0 0 0 0 0
