5.0 0 0 0 0 0 0
10.0 0 0 0 0 0 0
15.0 0 0 0 0 0 0
20.0 0 0 0 0 0 0
25.0 0 0 0 0 0 0
30.0 0 0 0 0 0 0
35.0 0 0 0 0 0 0
40.0 0 0 0 0 0 0
45.0 0 0 0 0 0 0
50.0 0 0 0 0 0 0
55.0 0 0 0 0 0 0
60.0 0 0 0 0 0 0
65.0 0 0 0 0 0 0
70.0 0 0 0 0 0 0
75.0 0 0 0 0 0 0
80.0 0 0 0 0 0 0
85.0 0 0 0 0 0 0
90.0 0 0 0 0 0 0
95.0 0 0 0 0 0 0
100.0 0 0 0 0 0 0
105.0 0 0 0 0 0 0
110.0 0 0 0 0 0 0
115.0 0 0 0 0 0 0
120.0 0 0 0 0 0 0
125.0 0 0 0 0 0 0
130.0 0 0 0 0 0 0
135.0 0 0 0 0 0 0
140.0 0 0 0 0 0 0
145.0 0 0 0 0 0 0
150.0 0 0 0 0 0 0
155.0 0 0 0 0 0 0
160.0 0 0 0 0 0 0
165.0 0 0 0 0 0 0
170.0 0 0 0 0 0 0
175.0 0 0 0 0 0 0
180.0 0 0 0 0 0 0
185.0 0 0 0 0 0 0
190.0 0 0 0 0 0 0
195.0 0 0 0 0 0 0
200.0 0 0 0 0 0 0
205.0 0 0 0 0 0 0
210.0 0 0 0 0 0 0
215.0 0 0 0 0 0 0
220.0 0 0 0 0 0 0
225.0 0 0 0 0 0 0
230.0 0 0 0 0 0 0
235.0 0 0 0 0 0 0
240.0 0 0 0 0 0 0
245.0 0 0 0 0 0 0
250.0 0 0 0 0 0 0
255.0 0 0 0 0 0 0
260.0 0 0 0 0 0 0
265.0 0 0 0 0 0 0
270.0 0 0 0 0 0 0
275.0 0 0 0 0 0 0
280.0 0 0 0 0 0 0
285.0 0 0 0 0 0 0
290.0 0 0 0 0 0 0
295.0 0 0 0 0 0 0
300.0 0 0 0 0 0 0
305.0 0 0 0 0 0 0
310.0 0 0 0 0 0 0
315.0 0 0 0 0 0 0
320.0 0 0 0 0 0 0
325.0 1 0 2 0 0 3
330.0 1 0 3 0 0 4
335.0 1 1 3 1 0 6
340.0 2 1 3 1 0 7
345.0 2 1 2 1 0 6
350.0 1 1 3 1 0 6
355.0 1 1 3 1 0 6
360.0 1 1 4 1 0 7
365.0 1 1 4 1 0 7
370.0 3 2 3 1 0 9
375.0 3 3 2 1 0 9
380.0 3 5 3 1 0 12
385.0 3 5 4 1 0 13
390.0 3 4 3 2 0 12
395.0 1 5 3 3 0 12
400.0 1 4 4 3 0 12
405.0 3 4 5 4 0 16
410.0 3 3 5 4 0 15
415.0 3 2 6 4 0 15
420.0 5 2 8 4 0 19
425.0 4 2 8 4 0 18
430.0 4 4 9 4 0 21
435.0 5 5 9 4 1 24
440.0 4 5 12 3 2 26
445.0 6 5 9 1 2 23
450.0 5 5 10 1 2 23
455.0 5 4 9 1 1 20
460.0 4 5 7 1 3 20
465.0 5 5 9 1 4 24
470.0 5 7 10 2 4 28
475.0 6 8 11 3 5 33
480.0 3 12 13 3 5 36
485.0 6 14 15 3 6 44
490.0 6 14 15 3 6 44
495.0 4 17 14 4 5 44
500.0 5 17 13 4 6 45
505.0 6 16 13 7 5 47
510.0 6 15 16 10 5 52
515.0 8 13 19 10 5 55
520.0 10 15 16 11 5 57
525.0 10 16 20 7 5 58
530.0 11 15 18 7 6 57
535.0 11 16 19 7 6 59
540.0 12 15 20 8 8 63
545.0 16 14 23 12 8 73
550.0 19 16 23 14 7 79
555.0 22 18 22 14 8 84
560.0 21 19 21 14 11 86
565.0 23 19 21 14 10 87
570.0 22 24 19 11 9 85
575.0 22 26 21 9 10 88
580.0 23 26 23 12 10 94
585.0 20 31 22 15 11 99
590.0 21 28 26 15 11 101
595.0 19 31 28 15 13 106
600.0 19 29 27 14 13 102
605.0 20 26 25 12 13 96
610.0 20 26 32 13 10 101
615.0 20 23 35 11 10 99
620.0 19 22 38 10 10 99
625.0 15 20 39 11 9 94
630.0 22 19 38 10 7 96
635.0 26 18 38 9 7 98
640.0 28 23 40 9 7 107
645.0 26 27 39 10 7 109
650.0 24 27 35 12 8 106
655.0 22 26 30 15 8 101
660.0 20 27 32 10 7 96
665.0 23 29 33 11 8 104
670.0 23 30 31 8 9 101
675.0 20 28 29 8 9 94
680.0 21 27 31 8 8 95
685.0 22 22 32 6 10 92
690.0 24 20 30 5 9 88
695.0 25 17 31 5 9 87
700.0 22 19 29 6 9 85
705.0 24 18 28 6 9 85
710.0 22 19 27 6 8 82
715.0 21 17 25 8 8 79
720.0 17 16 26 9 8 76
725.0 12 18 29 8 7 74
730.0 12 19 27 10 7 75
735.0 13 20 30 11 7 81
740.0 15 23 29 7 7 81
745.0 15 17 30 5 6 73
750.0 14 20 28 6 6 74
755.0 17 19 29 5 7 77
760.0 19 22 29 6 7 83
765.0 14 22 33 9 7 85
770.0 13 19 30 12 8 82
775.0 14 19 27 12 7 79
780.0 13 21 25 9 6 74
785.0 16 23 24 8 6 77
790.0 15 24 21 8 6 74
795.0 12 21 22 8 5 68
800.0 13 23 20 9 4 69
805.0 15 27 19 9 6 76
810.0 18 25 20 9 6 78
815.0 18 23 20 8 7 76
820.0 19 23 21 7 7 77
825.0 21 21 21 10 7 80
830.0 22 24 26 9 5 86
835.0 26 21 27 7 7 88
840.0 24 21 23 9 8 85
845.0 22 21 24 11 9 87
850.0 23 22 30 13 8 96
855.0 22 23 35 12 8 100
860.0 17 22 33 11 9 92
865.0 20 22 29 12 9 92
870.0 22 21 35 11 9 98
875.0 24 17 32 10 9 92
880.0 22 17 31 13 9 92
885.0 22 15 33 16 9 95
890.0 21 16 33 19 9 98
895.0 20 17 33 16 10 96
900.0 21 16 32 16 10 95
905.0 22 18 32 15 10 97
910.0 25 19 29 17 11 101
915.0 24 19 29 19 10 101
920.0 25 18 34 20 12 109
925.0 25 20 33 18 11 107
930.0 25 20 35 17 10 107
935.0 31 22 33 12 10 108
940.0 35 21 31 10 10 107
945.0 34 23 30 15 11 113
950.0 34 20 23 16 13 106
955.0 27 19 22 16 11 95
960.0 28 16 19 17 11 91
965.0 26 22 22 18 10 98
970.0 30 23 27 17 11 108
975.0 28 25 30 16 13 112
980.0 22 28 32 17 14 113
985.0 22 31 32 16 14 115
990.0 21 33 36 16 15 121
995.0 25 34 33 13 17 122
1000.0 23 29 36 11 14 113
1005.0 25 30 29 9 15 108
1010.0 25 33 25 11 16 110
1015.0 30 27 29 13 17 116
1020.0 33 28 27 15 17 120
1025.0 33 28 30 15 14 120
1030.0 34 27 27 16 15 119
1035.0 36 31 25 17 16 125
1040.0 32 34 29 18 14 127
1045.0 30 34 27 17 14 122
1050.0 28 29 32 17 15 121
1055.0 27 30 33 19 19 128
1060.0 24 29 25 21 19 118
1065.0 26 28 23 22 20 119
1070.0 23 30 22 21 22 118
1075.0 21 28 26 20 23 118
1080.0 22 31 25 19 23 120
1085.0 19 33 28 18 22 120
1090.0 19 31 33 18 24 125
1095.0 23 32 35 19 22 131
1100.0 20 29 36 22 23 130
1105.0 20 34 34 22 23 133
1110.0 20 34 36 19 23 132
1115.0 26 33 40 17 25 141
1120.0 29 35 35 16 25 140
1125.0 28 36 38 14 22 138
1130.0 31 36 39 16 19 141
1135.0 31 35 33 15 19 133
1140.0 32 31 37 15 18 133
1145.0 34 29 36 14 17 130
1150.0 34 32 39 10 20 135
1155.0 32 30 38 12 19 131
1160.0 30 28 38 12 20 128
1165.0 29 26 39 12 19 125
1170.0 28 23 38 13 19 121
1175.0 28 22 37 15 17 119
1180.0 26 18 37 18 16 115
1185.0 24 19 34 20 14 111
1190.0 23 21 32 14 12 102
1195.0 22 22 28 13 11 96
1200.0 17 21 25 12 10 85
1205.0 16 19 17 12 8 72
1210.0 13 19 16 13 8 69
1215.0 16 20 17 13 7 73
1220.0 19 19 19 10 6 73
1225.0 17 13 20 11 7 68
1230.0 20 14 16 10 8 68
1235.0 22 12 15 10 6 65
1240.0 19 10 12 8 5 54
1245.0 21 7 9 9 5 51
1250.0 19 7 9 9 8 52
1255.0 13 7 11 7 6 44
1260.0 9 7 9 7 6 38
1265.0 9 8 8 5 7 37
1270.0 10 7 11 4 6 38
1275.0 9 7 11 3 6 36
1280.0 7 7 11 3 6 34
1285.0 6 5 11 4 5 31
1290.0 8 3 10 5 3 29
1295.0 8 3 10 3 3 27
1300.0 7 3 8 4 3 25
1305.0 5 3 8 4 3 23
1310.0 3 2 8 3 3 19
1315.0 3 1 8 3 2 17
1320.0 3 1 8 1 2 15
1325.0 2 1 8 1 1 13
1330.0 1 1 7 1 2 12
1335.0 2 1 6 2 1 12
1340.0 2 2 3 2 1 10
1345.0 2 1 3 1 1 8
1350.0 0 1 3 2 1 7
1355.0 0 1 3 1 1 6
1360.0 0 1 1 1 1 4
1365.0 1 0 1 0 1 3
1370.0 1 0 1 0 1 3
1375.0 1 0 1 0 0 2
1380.0 1 0 1 0 0 2
1385.0 1 0 1 0 0 2
1390.0 0 0 1 0 0 1
1395.0 0 0 1 0 0 1
1400.0 0 0 0 0 0 0
1405.0 0 0 0 0 0 0
1410.0 0 0 0 0 0 0
1415.0 0 0 0 0 0 0
1420.0 0 0 0 0 0 0
1425.0 0 1 0 0 0 1
1430.0 0 1 0 0 0 1
1435.0 0 1 0 0 0 1
