5.0 0 0 0 0 0 0
10.0 0 0 0 0 0 0
15.0 0 0 0 0 0 0
20.0 0 0 0 0 0 0
25.0 0 0 0 0 0 0
30.0 0 0 0 0 0 0
35.0 0 0 0 0 0 0
40.0 0 0 0 0 0 0
45.0 0 0 0 0 0 0
50.0 0 0 0 0 0 0
55.0 0 0 0 0 0 0
60.0 0 0 0 0 0 0
65.0 0 0 0 0 0 0
70.0 0 0 0 0 0 0
75.0 0 0 0 0 0 0
80.0 0 0 0 0 0 0
85.0 0 0 0 0 0 0
90.0 0 0 0 0 0 0
95.0 0 0 0 0 0 0
100.0 0 0 0 0 0 0
105.0 0 0 0 0 0 0
110.0 0 0 0 0 0 0
115.0 0 0 0 0 0 0
120.0 0 0 0 0 0 0
125.0 0 0 0 0 0 0
130.0 0 0 0 0 0 0
135.0 0 0 0 0 0 0
140.0 0 0 0 0 0 0
145.0 0 0 0 0 0 0
150.0 0 0 0 0 0 0
155.0 0 0 0 0 0 0
160.0 0 0 0 0 0 0
165.0 0 0 0 0 0 0
170.0 0 0 0 0 0 0
175.0 0 0 0 0 0 0
180.0 0 0 0 0 0 0
185.0 0 0 0 0 0 0
190.0 0 0 0 0 0 0
195.0 0 0 0 0 0 0
200.0 0 0 0 0 0 0
205.0 0 0 0 0 0 0
210.0 0 0 0 0 0 0
215.0 0 0 0 0 0 0
220.0 0 0 0 0 0 0
225.0 0 0 0 0 0 0
230.0 0 0 0 0 0 0
235.0 0 0 0 0 0 0
240.0 0 0 0 0 0 0
245.0 0 0 0 0 0 0
250.0 0 0 0 0 0 0
255.0 0 0 0 0 0 0
260.0 0 0 0 0 0 0
265.0 0 0 0 0 0 0
270.0 0 0 0 0 0 0
275.0 1 0 0 0 0 1
280.0 1 1 0 0 0 2
285.0 1 1 0 0 0 2
290.0 1 1 0 0 0 2
295.0 0 1 0 0 0 1
300.0 0 1 0 0 0 1
305.0 0 1 0 0 0 1
310.0 0 1 0 0 0 1
315.0 0 1 0 0 0 1
320.0 0 2 1 0 0 3
325.0 0 2 1 0 0 3
330.0 0 2 1 0 0 3
335.0 1 2 1 0 0 4
340.0 1 1 1 0 0 3
345.0 0 1 1 0 0 2
350.0 0 1 1 0 0 2
355.0 0 1 1 0 0 2
360.0 0 1 1 0 0 2
365.0 0 1 2 0 0 3
370.0 2 1 2 0 0 5
375.0 2 2 2 0 0 6
380.0 2 2 3 0 0 7
385.0 2 2 5 0 0 9
390.0 2 2 5 0 0 9
395.0 4 1 4 0 0 9
400.0 4 1 4 1 0 10
405.0 4 2 4 1 0 11
410.0 4 2 3 1 0 10
415.0 5 2 4 0 1 12
420.0 4 2 5 0 1 12
425.0 5 5 5 1 1 17
430.0 6 5 5 2 2 20
435.0 5 5 5 2 2 19
440.0 5 5 5 2 2 19
445.0 4 7 4 2 2 19
450.0 5 8 4 2 2 21
455.0 5 7 5 2 3 22
460.0 4 8 7 3 3 25
465.0 4 9 7 3 3 26
470.0 3 8 6 3 3 23
475.0 3 8 6 3 3 23
480.0 5 7 5 2 5 24
485.0 8 10 5 2 6 31
490.0 9 8 6 3 6 32
495.0 10 8 7 2 7 34
500.0 10 9 7 1 7 34
505.0 10 10 11 2 6 39
510.0 10 12 11 3 6 42
515.0 11 14 13 3 7 48
520.0 10 14 15 2 6 47
525.0 8 16 18 4 5 51
530.0 11 18 18 3 6 56
535.0 12 18 20 4 6 60
540.0 10 23 20 4 6 63
545.0 11 21 20 6 9 67
550.0 12 21 23 8 9 73
555.0 13 18 22 7 9 69
560.0 15 20 24 6 9 74
565.0 15 18 25 5 8 71
570.0 17 16 27 3 7 70
575.0 16 18 31 5 7 77
580.0 16 20 29 6 7 78
585.0 18 20 31 10 7 86
590.0 19 22 26 10 7 84
595.0 20 23 27 11 7 88
600.0 21 21 25 11 7 85
605.0 20 17 29 8 7 81
610.0 23 17 26 10 6 82
615.0 25 19 26 12 6 88
620.0 25 20 26 12 5 88
625.0 24 23 25 14 5 91
630.0 20 26 27 13 5 91
635.0 18 27 25 13 5 88
640.0 20 30 28 11 5 94
645.0 20 31 27 11 5 94
650.0 22 33 24 11 6 96
655.0 19 31 25 11 6 92
660.0 17 33 23 12 5 90
665.0 18 28 26 13 6 91
670.0 21 26 24 12 5 88
675.0 26 23 25 10 6 90
680.0 25 20 29 8 6 88
685.0 23 23 28 7 6 87
690.0 19 18 27 10 8 82
695.0 19 18 23 9 9 78
700.0 20 13 18 7 9 67
705.0 21 12 19 8 8 68
710.0 24 10 20 9 7 70
715.0 24 10 20 11 7 72
720.0 18 9 25 10 6 68
725.0 19 10 22 12 6 69
730.0 17 11 20 13 7 68
735.0 14 12 27 11 7 71
740.0 13 11 27 11 8 70
745.0 14 12 25 11 7 69
750.0 14 12 20 9 8 63
755.0 16 14 22 9 10 71
760.0 18 14 24 10 10 76
765.0 17 12 25 8 9 71
770.0 18 13 22 9 6 68
775.0 15 13 22 9 6 65
780.0 14 12 22 10 7 65
785.0 13 12 22 11 5 63
790.0 13 13 22 10 4 62
795.0 10 14 18 8 5 55
800.0 8 16 17 11 5 57
805.0 10 19 15 9 7 60
810.0 10 18 14 9 7 58
815.0 9 16 22 10 7 64
820.0 7 13 23 12 9 64
825.0 9 13 24 11 9 66
830.0 8 15 27 10 10 70
835.0 6 17 27 10 10 70
840.0 7 16 29 11 10 73
845.0 7 19 25 11 11 73
850.0 11 20 25 11 10 77
855.0 13 19 24 12 10 78
860.0 14 20 25 13 9 81
865.0 14 18 24 11 11 78
870.0 13 18 24 11 10 76
875.0 10 18 23 15 10 76
880.0 12 19 19 11 11 72
885.0 14 20 19 11 11 75
890.0 14 20 17 10 11 72
895.0 15 22 19 10 12 78
900.0 12 20 20 10 12 74
905.0 11 23 20 9 13 76
910.0 11 26 18 8 11 74
915.0 12 24 23 7 11 77
920.0 11 25 24 6 12 78
925.0 11 25 27 6 14 83
930.0 10 22 27 7 15 81
935.0 8 24 27 9 16 84
940.0 14 26 28 8 14 90
945.0 16 28 27 7 14 92
950.0 13 27 29 8 15 92
955.0 14 29 32 5 13 93
960.0 14 25 29 6 15 89
965.0 11 24 28 6 14 83
970.0 10 21 26 5 12 74
975.0 10 22 23 6 10 71
980.0 10 21 25 6 12 74
985.0 14 22 25 6 13 80
990.0 15 23 23 4 13 78
995.0 17 18 21 5 13 74
1000.0 16 19 19 6 12 72
1005.0 17 16 19 5 13 70
1010.0 16 15 25 5 13 74
1015.0 12 14 24 7 11 68
1020.0 9 16 22 8 12 67
1025.0 8 15 22 10 14 69
1030.0 9 17 26 9 15 76
1035.0 10 18 22 11 16 77
1040.0 12 20 21 11 13 77
1045.0 14 19 20 11 11 75
1050.0 13 19 18 12 11 73
1055.0 12 22 21 14 10 79
1060.0 13 23 24 15 8 83
1065.0 15 24 25 12 8 84
1070.0 16 24 22 12 9 83
1075.0 16 25 20 9 7 77
1080.0 15 19 20 9 8 71
1085.0 12 23 24 10 7 76
1090.0 16 26 28 6 9 85
1095.0 16 25 29 7 10 87
1100.0 16 22 26 8 10 82
1105.0 16 23 23 8 11 81
1110.0 21 21 24 8 11 85
1115.0 21 23 23 11 10 88
1120.0 20 26 21 10 10 87
1125.0 21 27 20 8 11 87
1130.0 18 27 20 8 12 85
1135.0 21 24 17 8 13 83
1140.0 18 20 21 9 12 80
1145.0 19 24 25 9 11 88
1150.0 20 24 24 9 11 88
1155.0 20 25 21 9 8 83
1160.0 18 25 20 10 8 81
1165.0 15 24 20 10 7 76
1170.0 15 24 19 10 6 74
1175.0 14 23 18 10 6 71
1180.0 14 18 22 8 8 70
1185.0 15 15 22 7 9 68
1190.0 15 15 23 7 8 68
1195.0 15 17 20 7 8 67
1200.0 15 14 19 6 8 62
1205.0 12 12 20 5 8 57
1210.0 11 13 19 6 5 54
1215.0 11 11 15 7 4 48
1220.0 13 9 14 7 4 47
1225.0 13 10 14 7 5 49
1230.0 13 11 11 5 5 45
1235.0 13 9 11 5 5 43
1240.0 12 9 5 7 4 37
1245.0 11 8 5 8 3 35
1250.0 9 9 4 6 4 32
1255.0 7 11 6 6 4 34
1260.0 7 10 5 6 4 32
1265.0 5 10 4 2 4 25
1270.0 5 9 3 3 4 24
1275.0 6 7 2 2 2 19
1280.0 4 7 3 3 1 18
1285.0 5 7 4 1 1 18
1290.0 4 7 2 1 1 15
1295.0 4 5 5 1 1 16
1300.0 4 4 5 3 1 17
1305.0 3 3 4 2 1 13
1310.0 3 3 3 3 0 12
1315.0 2 3 3 3 1 12
1320.0 2 3 2 3 1 11
1325.0 1 4 3 3 1 12
1330.0 2 4 3 2 1 12
1335.0 2 2 3 2 1 10
1340.0 2 2 4 2 1 11
1345.0 2 2 4 1 1 10
1350.0 1 2 4 1 0 8
1355.0 1 0 4 1 0 6
1360.0 1 0 2 1 0 4
1365.0 1 1 2 1 0 5
1370.0 1 1 2 0 0 4
1375.0 1 0 0 0 0 1
1380.0 1 0 0 0 0 1
1385.0 1 0 0 0 0 1
1390.0 1 0 0 0 0 1
1395.0 0 0 1 0 0 1
1400.0 0 0 1 0 0 1
1405.0 0 0 1 0 0 1
1410.0 0 0 1 0 0 1
1415.0 0 0 1 0 0 1
1420.0 0 0 0 0 0 0
1425.0 0 0 0 0 0 0
1430.0 0 0 0 0 0 0
1435.0 0 0 0 0 0 0
