5.0 0 0 0 0 0 0
10.0 0 0 0 0 0 0
15.0 0 0 0 0 0 0
20.0 0 0 0 0 0 0
25.0 0 0 0 0 0 0
30.0 0 0 0 0 0 0
35.0 0 0 0 0 0 0
40.0 0 0 0 0 0 0
45.0 0 0 0 0 0 0
50.0 0 0 0 0 0 0
55.0 0 0 0 0 0 0
60.0 0 0 0 0 0 0
65.0 0 0 0 0 0 0
70.0 0 0 0 0 0 0
75.0 0 0 0 0 0 0
80.0 0 0 0 0 0 0
85.0 0 0 0 0 0 0
90.0 0 0 0 0 0 0
95.0 0 0 0 0 0 0
100.0 0 0 0 0 0 0
105.0 0 0 0 0 0 0
110.0 0 0 0 0 0 0
115.0 0 0 0 0 0 0
120.0 0 0 0 0 0 0
125.0 0 0 0 0 0 0
130.0 0 0 0 0 0 0
135.0 0 0 0 0 0 0
140.0 0 0 0 0 0 0
145.0 0 0 0 0 0 0
150.0 0 0 0 0 0 0
155.0 0 0 0 0 0 0
160.0 0 0 0 0 0 0
165.0 0 0 0 0 0 0
170.0 0 0 0 0 0 0
175.0 0 0 0 0 0 0
180.0 0 0 0 0 0 0
185.0 0 0 0 0 0 0
190.0 0 0 0 0 0 0
195.0 0 0 0 0 0 0
200.0 0 0 0 0 0 0
205.0 0 0 0 0 0 0
210.0 0 0 0 0 0 0
215.0 0 0 0 0 0 0
220.0 0 0 0 0 0 0
225.0 0 0 0 0 0 0
230.0 0 0 0 0 0 0
235.0 0 0 0 0 0 0
240.0 0 0 0 0 0 0
245.0 0 0 0 0 0 0
250.0 0 0 0 0 0 0
255.0 0 0 0 0 0 0
260.0 0 0 0 1 0 1
265.0 0 0 0 1 0 1
270.0 0 0 0 1 1 2
275.0 0 0 0 1 1 2
280.0 1 0 0 1 1 3
285.0 1 0 0 1 1 3
290.0 2 0 1 1 1 5
295.0 2 0 1 1 1 5
300.0 3 0 1 0 1 5
305.0 3 1 2 0 0 6
310.0 3 1 1 0 0 5
315.0 2 1 1 1 0 5
320.0 2 1 1 2 0 6
325.0 1 1 1 1 0 4
330.0 1 2 1 1 0 5
335.0 1 2 1 1 1 6
340.0 1 2 2 1 1 7
345.0 0 2 2 2 1 7
350.0 0 6 1 3 1 11
355.0 0 7 1 3 1 12
360.0 0 8 1 3 1 13
365.0 1 8 1 2 1 13
370.0 1 10 2 2 1 16
375.0 3 9 3 3 1 19
380.0 4 8 3 3 1 19
385.0 4 9 3 4 1 21
390.0 5 10 5 3 1 24
395.0 6 10 5 3 1 25
400.0 10 10 7 2 1 30
405.0 10 11 10 2 2 35
410.0 11 10 12 0 2 35
415.0 12 10 17 2 2 43
420.0 11 11 22 3 3 50
425.0 10 13 24 3 2 52
430.0 12 14 26 4 4 60
435.0 11 16 28 4 4 63
440.0 13 15 26 4 5 63
445.0 13 19 28 5 6 71
450.0 12 20 33 9 9 83
455.0 19 19 35 9 10 92
460.0 23 18 40 6 11 98
465.0 28 20 46 6 11 111
470.0 24 27 45 8 12 116
475.0 27 26 41 10 11 115
480.0 27 30 40 13 12 122
485.0 30 33 41 15 14 133
490.0 33 35 46 15 14 143
495.0 35 38 49 17 14 153
500.0 37 42 48 18 13 158
505.0 35 47 52 20 15 169
510.0 43 48 59 21 14 185
515.0 45 46 67 22 15 195
520.0 45 56 73 27 16 217
525.0 49 59 68 32 18 226
530.0 51 55 74 34 17 231
535.0 55 58 73 31 19 236
540.0 56 56 80 30 23 245
545.0 50 58 87 38 25 258
550.0 50 55 94 41 25 265
555.0 55 58 91 44 29 277
560.0 55 57 93 48 27 280
565.0 65 60 96 47 29 297
570.0 68 57 106 49 30 310
575.0 64 63 110 49 29 315
580.0 65 69 106 54 30 324
585.0 74 67 107 55 29 332
590.0 69 73 105 57 30 334
595.0 67 80 109 54 33 343
600.0 74 80 108 49 35 346
605.0 86 79 113 51 36 365
610.0 87 76 121 48 34 366
615.0 96 73 120 51 37 377
620.0 89 67 117 53 39 365
625.0 84 73 120 55 37 369
630.0 90 79 123 51 36 379
635.0 94 83 115 50 37 379
640.0 87 86 108 57 33 371
645.0 85 88 104 56 36 369
650.0 83 84 100 54 40 361
655.0 75 84 104 50 40 353
660.0 77 81 103 49 40 350
665.0 75 76 96 52 40 339
670.0 74 79 91 53 44 341
675.0 82 71 98 51 46 348
680.0 81 76 98 51 46 352
685.0 84 82 92 50 43 351
690.0 80 84 92 50 42 348
695.0 78 82 91 50 40 341
700.0 77 82 91 51 40 341
705.0 73 80 92 50 38 333
710.0 70 81 83 49 39 322
715.0 71 87 80 50 38 326
720.0 70 91 80 48 38 327
725.0 67 92 85 42 39 325
730.0 64 92 91 43 41 331
735.0 64 92 93 36 35 320
740.0 66 88 92 39 36 321
745.0 64 93 82 35 38 312
750.0 67 97 90 35 34 323
755.0 66 99 88 34 34 321
760.0 62 93 81 34 32 302
765.0 64 88 77 31 31 291
770.0 68 88 72 34 32 294
775.0 66 89 70 32 32 289
780.0 68 82 73 39 34 296
785.0 70 82 74 37 34 297
790.0 67 73 85 39 33 297
795.0 70 79 89 40 30 308
800.0 64 73 91 42 28 298
805.0 65 70 83 39 27 284
810.0 63 71 88 39 27 288
815.0 61 67 95 36 28 287
820.0 61 72 94 39 26 292
825.0 63 73 90 43 31 300
830.0 67 74 88 44 31 304
835.0 72 80 92 38 31 313
840.0 71 78 90 37 33 309
845.0 69 88 92 39 30 318
850.0 68 87 93 41 28 317
855.0 74 84 97 34 28 317
860.0 74 87 98 34 30 323
865.0 70 84 97 38 31 320
870.0 70 78 86 39 31 304
875.0 67 77 88 42 32 306
880.0 72 75 91 42 33 313
885.0 74 83 92 37 33 319
890.0 70 92 92 40 36 330
895.0 71 93 92 45 40 341
900.0 74 91 99 44 40 348
905.0 72 95 105 48 39 359
910.0 76 98 101 50 36 361
915.0 76 104 95 47 33 355
920.0 72 102 93 46 33 346
925.0 75 107 104 50 33 369
930.0 82 105 92 46 31 356
935.0 77 100 92 44 32 345
940.0 75 95 90 48 34 342
945.0 74 91 94 48 36 343
950.0 76 93 102 51 37 359
955.0 80 97 107 47 36 367
960.0 83 100 101 43 37 364
965.0 75 91 100 49 36 351
970.0 81 94 102 44 37 358
975.0 80 87 110 51 35 363
980.0 76 87 106 53 32 354
985.0 78 86 104 55 29 352
990.0 83 80 98 64 28 353
995.0 81 86 94 63 29 353
1000.0 91 90 91 61 30 363
1005.0 96 88 98 51 32 365
1010.0 95 86 95 44 32 352
1015.0 98 82 92 42 33 347
1020.0 97 78 93 48 33 349
1025.0 95 80 94 52 31 352
1030.0 93 81 101 54 33 362
1035.0 94 77 100 60 31 362
1040.0 91 79 95 67 31 363
1045.0 88 80 90 71 35 364
1050.0 88 87 93 67 41 376
1055.0 87 82 113 74 46 402
1060.0 88 77 118 73 43 399
1065.0 97 81 120 68 44 410
1070.0 96 87 114 74 45 416
1075.0 93 87 113 72 48 413
1080.0 92 85 107 72 50 406
1085.0 83 88 116 67 49 403
1090.0 82 91 118 65 51 407
1095.0 98 102 120 64 48 432
1100.0 95 106 126 63 48 438
1105.0 99 100 128 62 46 435
1110.0 95 103 124 66 41 429
1115.0 92 104 125 66 41 428
1120.0 94 111 128 65 40 438
1125.0 88 110 133 68 42 441
1130.0 92 121 133 65 41 452
1135.0 90 118 138 63 46 455
1140.0 80 121 134 57 45 437
1145.0 77 122 121 54 46 420
1150.0 75 115 127 53 44 414
1155.0 82 115 128 54 43 422
1160.0 82 111 122 55 42 412
1165.0 80 94 128 53 46 401
1170.0 75 97 124 56 44 396
1175.0 69 94 116 55 40 374
1180.0 71 92 109 54 42 368
1185.0 70 88 102 52 37 349
1190.0 71 80 104 51 36 342
1195.0 68 78 98 49 35 328
1200.0 61 72 98 43 37 311
1205.0 54 68 100 38 39 299
1210.0 53 66 96 38 35 288
1215.0 56 61 96 33 37 283
1220.0 58 62 91 29 36 276
1225.0 47 59 86 32 35 259
1230.0 49 51 79 27 35 241
1235.0 41 54 74 29 31 229
1240.0 37 55 72 29 31 224
1245.0 32 51 65 26 32 206
1250.0 32 46 65 25 35 203
1255.0 36 44 57 23 33 193
1260.0 36 44 48 23 30 181
1265.0 35 45 44 20 24 168
1270.0 32 45 38 17 23 155
1275.0 28 44 37 16 20 145
1280.0 24 39 40 13 18 134
1285.0 25 35 33 16 18 127
1290.0 18 31 31 18 18 116
1295.0 17 29 23 14 13 96
1300.0 20 27 18 12 13 90
1305.0 19 22 15 9 14 79
1310.0 14 19 12 8 12 65
1315.0 18 13 10 9 11 61
1320.0 18 10 11 9 12 60
1325.0 12 12 8 8 11 51
1330.0 11 12 9 8 8 48
1335.0 9 12 9 10 6 46
1340.0 9 9 7 8 6 39
1345.0 8 7 7 7 6 35
1350.0 5 4 9 6 5 29
1355.0 7 2 8 5 3 25
1360.0 5 2 9 4 1 21
1365.0 4 1 9 3 1 18
1370.0 4 1 6 1 1 13
1375.0 3 2 4 1 1 11
1380.0 4 1 4 1 1 11
1385.0 2 1 5 1 1 10
1390.0 2 1 4 0 1 8
1395.0 1 1 4 1 1 8
1400.0 1 2 4 1 1 9
1405.0 1 2 3 1 0 7
1410.0 2 1 1 1 0 5
1415.0 2 1 1 1 0 5
1420.0 2 0 1 1 0 4
1425.0 1 0 2 1 0 4
1430.0 1 0 2 0 0 3
1435.0 0 0 2 0 0 2
