5.0 0 0 0 0 0 0
10.0 0 0 0 0 0 0
15.0 0 0 0 0 0 0
20.0 0 0 0 0 0 0
25.0 0 0 0 0 0 0
30.0 0 0 0 0 0 0
35.0 0 0 0 0 0 0
40.0 0 0 0 0 0 0
45.0 0 0 0 0 0 0
50.0 0 0 0 0 0 0
55.0 0 0 0 0 0 0
60.0 0 0 0 0 0 0
65.0 0 0 0 0 0 0
70.0 0 0 0 0 0 0
75.0 0 0 0 0 0 0
80.0 0 0 0 0 0 0
85.0 0 0 0 0 0 0
90.0 0 0 0 0 0 0
95.0 0 0 0 0 0 0
100.0 0 0 0 0 0 0
105.0 0 0 0 0 0 0
110.0 0 0 0 0 0 0
115.0 0 0 0 0 0 0
120.0 0 0 0 0 0 0
125.0 0 0 0 0 0 0
130.0 0 0 0 0 0 0
135.0 0 0 0 0 0 0
140.0 0 0 0 0 0 0
145.0 0 0 0 0 0 0
150.0 0 0 0 0 0 0
155.0 0 0 0 0 0 0
160.0 0 0 0 0 0 0
165.0 0 0 0 0 0 0
170.0 0 0 0 0 0 0
175.0 0 0 0 0 0 0
180.0 0 0 0 0 0 0
185.0 0 0 0 0 0 0
190.0 0 0 0 0 0 0
195.0 0 0 0 0 0 0
200.0 0 0 0 0 0 0
205.0 0 0 0 0 0 0
210.0 0 0 0 0 0 0
215.0 0 0 0 0 0 0
220.0 0 0 0 0 0 0
225.0 0 0 0 0 0 0
230.0 0 0 1 0 0 1
235.0 0 0 1 0 0 1
240.0 0 0 1 0 0 1
245.0 1 0 0 0 0 1
250.0 1 0 0 0 0 1
255.0 1 0 0 0 0 1
260.0 1 0 0 0 0 1
265.0 1 0 0 0 0 1
270.0 1 0 0 0 0 1
275.0 1 0 0 0 0 1
280.0 1 1 0 0 0 2
285.0 1 1 0 0 0 2
290.0 1 1 0 0 0 2
295.0 1 0 0 0 0 1
300.0 1 0 0 0 0 1
305.0 1 0 0 0 0 1
310.0 1 0 0 0 0 1
315.0 0 0 0 1 0 1
320.0 0 0 0 1 0 1
325.0 0 0 0 1 0 1
330.0 0 0 0 1 0 1
335.0 0 0 0 1 0 1
340.0 0 1 2 1 0 4
345.0 0 1 3 2 1 7
350.0 0 1 2 3 1 7
355.0 0 1 2 4 1 8
360.0 2 1 2 3 1 9
365.0 3 1 2 2 2 10
370.0 3 2 3 2 2 12
375.0 6 4 3 2 1 16
380.0 5 5 3 1 2 16
385.0 6 5 3 1 2 17
390.0 6 6 4 2 2 20
395.0 7 6 6 3 2 24
400.0 8 6 7 3 1 25
405.0 6 6 8 3 1 24
410.0 6 8 8 3 1 26
415.0 4 8 10 4 1 27
420.0 7 9 13 5 1 35
425.0 8 11 15 6 1 41
430.0 12 11 16 7 1 47
435.0 13 11 17 8 1 50
440.0 11 10 21 8 2 52
445.0 11 10 24 11 2 58
450.0 11 10 28 10 2 61
455.0 12 11 28 11 4 66
460.0 13 11 31 9 5 69
465.0 14 11 32 8 5 70
470.0 17 15 32 12 5 81
475.0 17 19 31 11 5 83
480.0 16 24 32 10 3 85
485.0 18 24 38 12 5 97
490.0 22 26 41 14 6 109
495.0 24 26 44 15 6 115
500.0 25 28 43 15 6 117
505.0 24 29 42 20 8 123
510.0 29 32 40 20 8 129
515.0 33 35 42 22 10 142
520.0 35 35 51 21 11 153
525.0 38 36 54 25 12 165
530.0 39 36 53 24 13 165
535.0 40 36 46 22 15 159
540.0 43 38 47 20 15 163
545.0 41 39 49 23 17 169
550.0 42 42 47 23 20 174
555.0 50 43 49 22 23 187
560.0 53 43 52 21 26 195
565.0 51 40 51 22 25 189
570.0 49 43 52 26 26 196
575.0 48 43 52 31 27 201
580.0 47 42 55 34 25 203
585.0 50 46 57 34 24 211
590.0 48 52 58 35 24 217
595.0 44 51 57 35 25 212
600.0 38 53 63 37 27 218
605.0 39 50 62 40 28 219
610.0 45 55 67 38 28 233
615.0 49 57 63 36 28 233
620.0 47 58 62 35 30 232
625.0 54 59 68 36 30 247
630.0 59 61 66 38 31 255
635.0 60 57 62 39 27 245
640.0 61 56 57 39 30 243
645.0 59 57 55 42 26 239
650.0 54 54 52 39 27 226
655.0 65 56 52 37 29 239
660.0 59 60 55 38 24 236
665.0 52 59 57 37 25 230
670.0 52 58 59 35 28 232
675.0 51 61 57 29 31 229
680.0 49 63 51 26 30 219
685.0 39 57 59 28 30 213
690.0 43 51 64 23 30 211
695.0 37 49 65 28 31 210
700.0 41 47 56 26 31 201
705.0 38 49 53 27 33 200
710.0 44 41 53 32 32 202
715.0 47 40 54 26 29 196
720.0 48 45 56 25 31 205
725.0 50 43 54 22 25 194
730.0 46 39 53 24 25 187
735.0 43 39 53 23 26 184
740.0 41 39 50 24 24 178
745.0 39 42 46 23 22 172
750.0 35 37 47 24 23 166
755.0 38 32 48 22 23 163
760.0 39 31 51 22 22 165
765.0 41 33 50 24 21 169
770.0 36 39 49 24 21 169
775.0 33 42 49 23 21 168
780.0 28 40 46 29 18 161
785.0 35 38 49 27 15 164
790.0 39 39 54 26 15 173
795.0 40 45 52 28 15 180
800.0 46 45 50 25 15 181
805.0 45 47 53 23 18 186
810.0 48 38 52 20 18 176
815.0 47 40 51 21 17 176
820.0 45 40 43 23 18 169
825.0 47 48 47 23 16 181
830.0 47 47 47 22 16 179
835.0 45 48 44 23 14 174
840.0 43 47 43 23 17 173
845.0 47 44 46 18 19 174
850.0 47 40 47 19 21 174
855.0 45 40 47 20 21 173
860.0 50 42 52 22 22 188
865.0 45 43 52 27 20 187
870.0 48 42 50 28 21 189
875.0 48 45 56 27 22 198
880.0 50 49 56 29 22 206
885.0 51 52 53 28 19 203
890.0 51 51 56 34 24 216
895.0 56 47 58 35 25 221
900.0 55 53 67 41 27 243
905.0 51 56 63 43 25 238
910.0 51 57 62 41 28 239
915.0 56 53 64 35 24 232
920.0 49 46 75 38 26 234
925.0 45 49 73 39 25 231
930.0 49 49 65 38 25 226
935.0 50 56 62 35 21 224
940.0 53 56 69 36 22 236
945.0 59 53 72 32 23 239
950.0 64 57 75 27 19 242
955.0 65 54 78 30 18 245
960.0 64 57 82 29 21 253
965.0 60 54 79 28 24 245
970.0 63 55 75 31 20 244
975.0 64 64 78 30 25 261
980.0 59 64 81 32 26 262
985.0 57 74 81 35 24 271
990.0 56 74 77 32 28 267
995.0 56 72 78 29 28 263
1000.0 52 72 82 27 24 257
1005.0 51 62 83 30 24 250
1010.0 51 66 85 30 27 259
1015.0 51 70 80 30 32 263
1020.0 62 68 75 27 31 263
1025.0 72 68 72 28 31 271
1030.0 80 75 72 30 29 286
1035.0 67 73 73 33 28 274
1040.0 65 71 79 31 29 275
1045.0 63 78 81 31 30 283
1050.0 59 80 73 35 29 276
1055.0 55 79 73 36 33 276
1060.0 56 81 71 42 31 281
1065.0 61 83 68 48 30 290
1070.0 58 76 67 47 30 278
1075.0 55 79 65 48 35 282
1080.0 61 85 74 43 34 297
1085.0 70 82 83 42 33 310
1090.0 73 82 80 39 32 306
1095.0 74 80 82 37 33 306
1100.0 69 79 93 38 32 311
1105.0 75 77 88 37 33 310
1110.0 70 75 84 42 33 304
1115.0 74 71 74 48 35 302
1120.0 76 63 79 44 30 292
1125.0 70 62 79 47 31 289
1130.0 78 63 80 48 34 303
1135.0 80 67 77 44 37 305
1140.0 75 74 82 44 35 310
1145.0 73 72 80 44 34 303
1150.0 82 73 76 36 35 302
1155.0 79 75 79 37 32 302
1160.0 85 67 84 35 32 303
1165.0 81 64 83 34 29 291
1170.0 79 55 83 30 28 275
1175.0 81 57 82 28 29 277
1180.0 76 61 79 29 30 275
1185.0 73 59 72 32 26 262
1190.0 62 57 68 33 24 244
1195.0 60 59 59 38 25 241
1200.0 60 55 64 36 28 243
1205.0 54 53 63 34 28 232
1210.0 49 52 62 30 25 218
1215.0 52 47 54 26 22 201
1220.0 43 48 50 27 20 188
1225.0 36 51 45 25 23 180
1230.0 35 47 41 24 21 168
1235.0 34 42 38 25 23 162
1240.0 35 49 39 26 24 173
1245.0 29 43 39 28 22 161
1250.0 29 40 35 25 24 153
1255.0 24 35 32 20 22 133
1260.0 22 31 29 19 19 120
1265.0 23 25 29 17 17 111
1270.0 21 17 25 15 14 92
1275.0 17 16 22 12 13 80
1280.0 17 20 22 10 13 82
1285.0 14 17 21 10 12 74
1290.0 10 16 22 10 11 69
1295.0 8 15 17 11 10 61
1300.0 7 11 19 11 7 55
1305.0 5 13 23 10 5 56
1310.0 5 11 21 9 6 52
1315.0 4 9 20 12 5 50
1320.0 4 9 19 8 5 45
1325.0 3 8 14 6 5 36
1330.0 4 6 15 6 4 35
1335.0 3 6 14 6 4 33
1340.0 4 7 12 5 3 31
1345.0 1 4 9 6 3 23
1350.0 1 3 7 5 1 17
1355.0 1 3 4 5 1 14
1360.0 1 4 2 4 1 12
1365.0 1 7 1 3 1 13
1370.0 1 4 2 4 1 12
1375.0 1 3 3 4 1 12
1380.0 2 3 3 2 1 11
1385.0 2 4 2 1 1 10
1390.0 2 4 1 1 1 9
1395.0 2 4 0 2 1 9
1400.0 2 3 0 2 1 8
1405.0 3 2 0 1 1 7
1410.0 3 1 1 1 1 7
1415.0 3 1 1 1 1 7
1420.0 2 0 1 0 0 3
1425.0 2 0 1 0 0 3
1430.0 2 0 1 0 0 3
1435.0 0 0 1 0 0 1
