5.0 0 0 0 0 0 0
10.0 0 0 0 0 0 0
15.0 0 0 0 0 0 0
20.0 0 0 0 0 0 0
25.0 0 0 0 0 0 0
30.0 0 0 0 0 0 0
35.0 0 0 0 0 0 0
40.0 0 0 0 0 0 0
45.0 0 0 0 0 0 0
50.0 0 0 0 0 0 0
55.0 0 0 0 0 0 0
60.0 0 0 0 0 0 0
65.0 0 0 0 0 0 0
70.0 0 0 0 0 0 0
75.0 0 0 0 0 0 0
80.0 0 0 0 0 0 0
85.0 0 0 0 0 0 0
90.0 0 0 0 0 0 0
95.0 0 0 0 0 0 0
100.0 0 0 0 0 0 0
105.0 0 0 0 0 0 0
110.0 0 0 0 0 0 0
115.0 0 0 0 0 0 0
120.0 0 0 0 0 0 0
125.0 0 0 0 0 0 0
130.0 0 0 0 0 0 0
135.0 0 0 0 0 0 0
140.0 0 0 0 0 0 0
145.0 0 0 0 0 0 0
150.0 0 0 0 0 0 0
155.0 0 0 0 0 0 0
160.0 0 0 0 0 0 0
165.0 0 0 0 0 0 0
170.0 0 0 0 0 0 0
175.0 0 0 0 0 0 0
180.0 0 0 0 0 0 0
185.0 0 0 0 0 0 0
190.0 0 0 0 0 0 0
195.0 0 0 0 0 0 0
200.0 0 0 0 0 0 0
205.0 0 0 0 0 0 0
210.0 0 0 0 0 0 0
215.0 1 0 0 0 0 1
220.0 1 0 0 0 0 1
225.0 1 0 0 0 0 1
230.0 1 0 0 0 0 1
235.0 0 0 0 0 0 0
240.0 1 0 0 0 0 1
245.0 1 0 1 0 0 2
250.0 1 0 1 0 0 2
255.0 2 0 0 1 0 3
260.0 2 0 0 1 0 3
265.0 1 0 0 1 0 2
270.0 1 0 0 2 0 3
275.0 1 0 0 2 0 3
280.0 1 0 0 2 0 3
285.0 1 0 0 2 0 3
290.0 2 0 1 1 0 4
295.0 2 1 1 1 0 5
300.0 2 1 1 1 0 5
305.0 2 2 0 0 0 4
310.0 2 2 0 1 0 5
315.0 2 3 1 1 0 7
320.0 2 3 2 1 0 8
325.0 1 3 3 2 0 9
330.0 1 4 4 3 0 12
335.0 0 4 5 3 1 13
340.0 0 4 5 1 1 11
345.0 1 6 5 1 1 14
350.0 2 6 4 1 1 14
355.0 3 7 4 1 2 17
360.0 3 8 4 1 3 19
365.0 4 6 5 2 2 19
370.0 4 7 6 2 2 21
375.0 5 8 7 3 2 25
380.0 4 9 7 3 2 25
385.0 4 15 7 3 3 32
390.0 3 15 7 2 4 31
395.0 3 16 8 1 5 33
400.0 5 15 10 2 6 38
405.0 9 14 12 1 7 43
410.0 8 13 14 4 4 43
415.0 8 14 17 5 4 48
420.0 10 14 18 7 4 53
425.0 11 20 18 9 4 62
430.0 12 23 17 13 4 69
435.0 11 24 25 15 7 82
440.0 13 25 25 13 11 87
445.0 18 29 29 14 13 103
450.0 18 34 28 19 14 113
455.0 23 33 34 17 15 122
460.0 26 36 38 19 15 134
465.0 30 41 44 21 17 153
470.0 35 48 47 28 19 177
475.0 41 53 52 26 19 191
480.0 40 56 60 25 23 204
485.0 46 57 73 24 25 225
490.0 58 59 77 21 24 239
495.0 58 65 79 23 24 249
500.0 63 70 87 26 24 270
505.0 62 71 94 27 25 279
510.0 63 80 93 27 31 294
515.0 63 72 97 28 34 294
520.0 70 71 98 29 36 304
525.0 68 77 97 36 39 317
530.0 73 75 104 36 40 328
535.0 86 80 115 39 44 364
540.0 91 93 117 37 47 385
545.0 90 92 124 37 47 390
550.0 89 93 123 38 48 391
555.0 92 106 131 41 48 418
560.0 90 106 126 47 49 418
565.0 90 109 132 53 49 433
570.0 101 106 138 58 47 450
575.0 108 106 138 57 47 456
580.0 107 119 149 54 47 476
585.0 104 121 156 58 47 486
590.0 113 125 160 57 46 501
595.0 113 131 169 61 55 529
600.0 119 137 176 61 57 550
605.0 113 135 168 65 56 537
610.0 118 129 165 66 55 533
615.0 132 119 159 61 58 529
620.0 129 119 161 65 65 539
625.0 128 131 161 67 68 555
630.0 128 138 159 78 62 565
635.0 114 142 162 81 55 554
640.0 110 138 167 81 55 551
645.0 123 136 165 79 54 557
650.0 134 136 172 70 56 568
655.0 130 140 175 66 54 565
660.0 135 143 172 67 55 572
665.0 132 141 167 72 52 564
670.0 127 129 171 80 55 562
675.0 135 123 165 78 52 553
680.0 129 131 148 83 53 544
685.0 129 124 139 82 54 528
690.0 129 120 144 81 51 525
695.0 136 118 144 73 49 520
700.0 123 115 139 73 51 501
705.0 120 114 133 72 54 493
710.0 114 113 131 74 55 487
715.0 116 104 127 73 53 473
720.0 110 104 136 68 51 469
725.0 108 106 136 65 50 465
730.0 110 103 128 60 52 453
735.0 105 98 125 56 52 436
740.0 102 97 125 63 54 441
745.0 100 97 120 60 55 432
750.0 99 96 112 66 53 426
755.0 95 87 119 63 55 419
760.0 88 94 120 62 54 418
765.0 91 93 123 65 55 427
770.0 92 100 122 62 55 431
775.0 96 98 125 57 56 432
780.0 89 103 125 54 55 426
785.0 86 101 124 56 50 417
790.0 96 103 128 57 48 432
795.0 101 103 131 54 47 436
800.0 98 112 120 53 43 426
805.0 101 114 119 54 43 431
810.0 108 111 128 52 36 435
815.0 104 116 126 57 37 440
820.0 97 120 130 56 35 438
825.0 93 124 126 54 36 433
830.0 96 116 126 57 38 433
835.0 90 110 135 62 40 437
840.0 97 106 137 66 41 447
845.0 94 102 139 68 39 442
850.0 96 105 144 65 41 451
855.0 106 111 148 58 43 466
860.0 108 113 158 59 41 479
865.0 111 111 158 55 42 477
870.0 121 105 158 60 45 489
875.0 121 114 149 66 43 493
880.0 122 119 143 66 40 490
885.0 121 118 139 72 43 493
890.0 122 121 146 72 40 501
895.0 118 123 153 76 41 511
900.0 123 124 156 78 46 527
905.0 124 124 156 78 51 533
910.0 126 133 158 82 50 549
915.0 126 129 157 74 53 539
920.0 133 127 162 74 55 551
925.0 123 126 167 69 59 544
930.0 121 129 150 66 55 521
935.0 123 131 151 67 55 527
940.0 121 129 150 65 54 519
945.0 118 126 143 70 52 509
950.0 112 126 146 72 55 511
955.0 108 128 152 79 56 523
960.0 107 132 153 77 60 529
965.0 101 133 153 78 61 526
970.0 106 125 146 85 63 525
975.0 103 129 143 82 61 518
980.0 113 129 154 77 63 536
985.0 110 133 148 82 64 537
990.0 112 133 146 79 61 531
995.0 107 133 152 77 63 532
1000.0 99 129 161 72 55 516
1005.0 107 138 163 73 53 534
1010.0 106 138 164 74 52 534
1015.0 105 139 160 68 50 522
1020.0 110 135 158 67 46 516
1025.0 112 142 157 73 46 530
1030.0 111 144 142 75 45 517
1035.0 107 132 146 77 45 507
1040.0 115 131 146 71 50 513
1045.0 118 146 153 76 48 541
1050.0 122 146 160 76 44 548
1055.0 125 140 163 86 45 559
1060.0 127 141 170 85 48 571
1065.0 118 144 170 84 47 563
1070.0 123 144 171 85 48 571
1075.0 127 153 168 81 52 581
1080.0 130 156 163 81 53 583
1085.0 123 154 164 79 50 570
1090.0 116 150 175 81 51 573
1095.0 116 156 172 81 51 576
1100.0 130 149 173 76 57 585
1105.0 130 159 173 70 59 591
1110.0 134 155 171 73 61 594
1115.0 137 159 187 70 57 610
1120.0 146 150 185 71 60 612
1125.0 148 145 186 70 58 607
1130.0 159 141 190 72 61 623
1135.0 151 141 190 81 59 622
1140.0 143 148 190 82 64 627
1145.0 143 141 197 81 65 627
1150.0 134 141 194 85 66 620
1155.0 137 137 194 95 64 627
1160.0 124 143 180 86 59 592
1165.0 127 140 181 79 58 585
1170.0 131 142 182 78 57 590
1175.0 138 132 176 76 60 582
1180.0 127 131 164 80 61 563
1185.0 119 125 145 76 56 521
1190.0 111 119 140 72 57 499
1195.0 113 106 136 63 54 472
1200.0 110 104 145 62 48 469
1205.0 104 99 137 58 41 439
1210.0 105 97 124 53 41 420
1215.0 108 96 127 50 38 419
1220.0 108 97 130 47 34 416
1225.0 106 102 119 36 34 397
1230.0 91 96 123 38 33 381
1235.0 79 92 120 40 33 364
1240.0 72 95 113 41 30 351
1245.0 66 97 106 39 27 335
1250.0 68 89 95 37 22 311
1255.0 66 86 84 37 21 294
1260.0 61 87 85 37 20 290
1265.0 57 76 78 36 24 271
1270.0 52 68 72 36 25 253
1275.0 52 58 58 29 27 224
1280.0 56 52 55 25 26 214
1285.0 46 43 50 23 25 187
1290.0 47 41 49 24 22 183
1295.0 40 37 50 20 22 169
1300.0 35 30 45 21 21 152
1305.0 36 26 44 19 19 144
1310.0 27 20 43 17 19 126
1315.0 20 20 36 17 18 111
1320.0 19 13 35 16 17 100
1325.0 18 10 35 19 17 99
1330.0 19 11 31 19 14 94
1335.0 19 7 29 16 13 84
1340.0 19 6 26 13 10 74
1345.0 14 7 19 11 10 61
1350.0 15 6 15 10 8 54
1355.0 11 7 13 5 8 44
1360.0 8 7 7 5 6 33
1365.0 7 4 7 4 5 27
1370.0 7 3 5 4 6 25
1375.0 6 3 3 5 4 21
1380.0 6 4 3 4 3 20
1385.0 3 5 3 5 3 19
1390.0 2 3 3 3 3 14
1395.0 1 5 2 2 2 12
1400.0 1 5 2 2 2 12
1405.0 1 5 1 2 1 10
1410.0 2 5 2 2 1 12
1415.0 1 2 3 1 0 7
1420.0 1 2 2 1 0 6
1425.0 0 2 2 1 0 5
1430.0 0 1 0 1 0 2
1435.0 1 0 0 1 0 2
