5.0 0 0 0 0 0 0
10.0 0 0 0 0 0 0
15.0 0 0 0 0 0 0
20.0 0 0 0 0 0 0
25.0 0 0 0 0 0 0
30.0 0 0 0 0 0 0
35.0 0 0 0 0 0 0
40.0 0 0 0 0 0 0
45.0 0 0 0 0 0 0
50.0 0 0 0 0 0 0
55.0 0 0 0 0 0 0
60.0 0 0 0 0 0 0
65.0 0 0 0 0 0 0
70.0 0 0 0 0 0 0
75.0 0 0 0 0 0 0
80.0 0 0 0 0 0 0
85.0 0 0 0 0 0 0
90.0 0 0 0 0 0 0
95.0 0 0 0 0 0 0
100.0 0 0 0 0 0 0
105.0 0 0 0 0 0 0
110.0 0 0 0 0 0 0
115.0 0 0 0 0 0 0
120.0 0 0 0 0 0 0
125.0 0 0 0 0 0 0
130.0 0 0 0 0 0 0
135.0 0 0 0 0 0 0
140.0 0 0 0 0 0 0
145.0 0 0 0 0 0 0
150.0 0 0 0 0 0 0
155.0 0 0 0 0 0 0
160.0 0 0 0 0 0 0
165.0 0 0 0 0 0 0
170.0 0 0 0 0 0 0
175.0 0 0 0 0 0 0
180.0 0 0 0 0 0 0
185.0 0 0 0 0 0 0
190.0 0 0 0 0 0 0
195.0 0 0 0 0 0 0
200.0 0 0 0 0 0 0
205.0 0 0 0 0 0 0
210.0 0 0 0 0 0 0
215.0 0 0 0 0 0 0
220.0 0 0 0 0 0 0
225.0 0 0 0 0 0 0
230.0 0 0 0 0 0 0
235.0 0 0 0 0 0 0
240.0 0 0 0 0 0 0
245.0 0 0 0 0 0 0
250.0 0 0 0 0 0 0
255.0 0 0 0 0 0 0
260.0 0 0 0 0 0 0
265.0 0 0 0 0 0 0
270.0 0 0 0 0 0 0
275.0 0 0 1 0 0 1
280.0 0 0 1 0 0 1
285.0 0 0 1 0 0 1
290.0 0 0 1 0 0 1
295.0 0 0 1 0 0 1
300.0 0 0 2 0 0 2
305.0 0 0 2 0 0 2
310.0 0 0 1 0 0 1
315.0 0 0 1 0 0 1
320.0 0 1 1 0 0 2
325.0 0 1 1 0 0 2
330.0 0 1 2 0 0 3
335.0 0 1 3 0 1 5
340.0 0 2 4 1 1 8
345.0 0 2 5 1 1 9
350.0 0 3 5 1 1 10
355.0 0 4 4 1 1 10
360.0 0 4 6 0 1 11
365.0 0 4 6 0 1 11
370.0 0 3 6 0 1 10
375.0 1 5 3 0 1 10
380.0 4 5 2 0 1 12
385.0 5 4 3 0 1 13
390.0 5 4 4 0 1 14
395.0 7 5 5 1 1 19
400.0 11 4 5 1 1 22
405.0 13 4 6 1 3 27
410.0 14 5 7 1 5 32
415.0 13 8 10 3 5 39
420.0 13 9 11 3 7 43
425.0 13 8 11 6 7 45
430.0 13 12 12 7 7 51
435.0 14 12 11 8 7 52
440.0 12 13 11 10 9 55
445.0 12 14 13 8 8 55
450.0 12 16 17 10 8 63
455.0 13 17 19 10 6 65
460.0 14 19 25 14 6 78
465.0 12 20 27 16 8 83
470.0 19 20 27 14 9 89
475.0 25 23 29 14 9 100
480.0 22 27 36 13 10 108
485.0 24 30 38 13 11 116
490.0 22 30 42 15 11 120
495.0 20 30 48 16 12 126
500.0 23 28 48 19 14 132
505.0 26 29 45 20 15 135
510.0 23 32 45 23 13 136
515.0 26 34 44 30 11 145
520.0 29 35 45 34 12 155
525.0 29 36 47 32 13 157
530.0 31 36 48 31 14 160
535.0 42 38 51 25 14 170
540.0 45 39 50 29 15 178
545.0 52 42 54 30 17 195
550.0 61 40 56 29 16 202
555.0 59 46 54 27 17 203
560.0 60 45 52 31 17 205
565.0 61 46 49 33 19 208
570.0 62 46 55 32 15 210
575.0 62 51 56 31 16 216
580.0 66 50 62 30 18 226
585.0 62 48 60 34 18 222
590.0 61 55 57 33 18 224
595.0 61 49 60 34 20 224
600.0 65 47 66 35 21 234
605.0 64 47 70 34 20 235
610.0 60 53 73 37 21 244
615.0 67 51 71 40 21 250
620.0 64 52 74 38 21 249
625.0 68 56 70 41 22 257
630.0 69 55 72 36 21 253
635.0 68 57 76 34 23 258
640.0 63 55 69 34 22 243
645.0 62 57 73 33 22 247
650.0 58 59 82 35 22 256
655.0 55 55 86 37 21 254
660.0 59 53 84 34 18 248
665.0 58 54 87 32 19 250
670.0 52 55 89 35 19 250
675.0 55 53 90 31 17 246
680.0 58 59 83 27 16 243
685.0 55 55 82 29 16 237
690.0 51 60 76 32 15 234
695.0 51 56 77 32 16 232
700.0 46 49 81 34 16 226
705.0 47 50 77 30 13 217
710.0 45 50 79 23 13 210
715.0 45 48 69 23 15 200
720.0 45 51 64 23 14 197
725.0 42 50 66 27 14 199
730.0 45 45 68 27 15 200
735.0 48 44 66 23 17 198
740.0 47 47 62 26 17 199
745.0 44 50 61 28 17 200
750.0 40 54 59 27 20 200
755.0 43 58 59 25 19 204
760.0 42 56 64 28 18 208
765.0 48 51 62 24 19 204
770.0 49 52 63 23 20 207
775.0 45 54 58 25 20 202
780.0 40 50 58 23 23 194
785.0 34 48 54 21 23 180
790.0 30 48 59 24 21 182
795.0 34 45 54 22 19 174
800.0 31 46 52 25 19 173
805.0 40 49 54 23 19 185
810.0 43 48 57 24 21 193
815.0 40 52 58 28 22 200
820.0 38 57 58 34 21 208
825.0 40 62 57 33 21 213
830.0 41 66 54 30 20 211
835.0 46 67 49 27 21 210
840.0 45 66 53 29 22 215
845.0 42 66 58 30 25 221
850.0 40 67 64 29 25 225
855.0 39 68 61 29 25 222
860.0 43 66 58 31 25 223
865.0 44 65 59 31 24 223
870.0 45 57 58 31 22 213
875.0 50 53 54 30 25 212
880.0 52 53 56 29 25 215
885.0 56 55 53 25 23 212
890.0 51 57 56 27 23 214
895.0 47 50 63 27 25 212
900.0 46 56 68 31 24 225
905.0 45 54 68 32 24 223
910.0 49 60 68 36 23 236
915.0 48 60 63 41 22 234
920.0 47 58 60 36 21 222
925.0 52 63 55 29 20 219
930.0 55 64 57 30 21 227
935.0 53 60 58 38 18 227
940.0 53 57 57 43 21 231
945.0 54 58 57 45 22 236
950.0 55 56 59 42 22 234
955.0 54 53 62 45 21 235
960.0 53 49 65 46 17 230
965.0 60 53 60 48 15 236
970.0 63 50 57 42 17 229
975.0 54 50 61 44 18 227
980.0 63 56 61 46 16 242
985.0 65 60 59 43 16 243
990.0 59 60 64 41 16 240
995.0 58 66 63 41 14 242
1000.0 59 61 62 42 16 240
1005.0 55 64 70 43 17 249
1010.0 52 68 76 41 19 256
1015.0 51 67 77 40 19 254
1020.0 51 66 72 33 18 240
1025.0 54 66 73 28 17 238
1030.0 58 63 74 28 18 241
1035.0 60 62 77 27 19 245
1040.0 59 65 73 31 18 246
1045.0 57 67 69 40 17 250
1050.0 52 68 74 40 18 252
1055.0 59 74 75 38 19 265
1060.0 65 83 75 38 18 279
1065.0 60 85 72 39 19 275
1070.0 64 85 69 36 20 274
1075.0 60 79 69 35 20 263
1080.0 60 78 66 35 20 259
1085.0 60 74 69 36 19 258
1090.0 68 75 78 35 19 275
1095.0 67 70 85 38 20 280
1100.0 61 66 85 40 21 273
1105.0 60 72 81 41 22 276
1110.0 63 73 79 40 23 278
1115.0 57 80 78 38 22 275
1120.0 61 72 76 46 23 278
1125.0 58 73 82 45 25 283
1130.0 59 80 77 41 26 283
1135.0 58 84 72 38 29 281
1140.0 58 88 74 36 26 282
1145.0 58 88 76 40 26 288
1150.0 56 85 76 35 25 277
1155.0 56 85 70 34 27 272
1160.0 56 83 71 29 26 265
1165.0 58 78 75 23 26 260
1170.0 56 71 76 26 25 254
1175.0 53 64 77 27 25 246
1180.0 51 61 79 27 23 241
1185.0 46 57 79 25 21 228
1190.0 48 54 76 28 19 225
1195.0 53 54 76 32 17 232
1200.0 53 54 73 31 16 227
1205.0 53 53 71 31 14 222
1210.0 55 49 60 31 14 209
1215.0 54 45 54 31 13 197
1220.0 53 40 55 24 14 186
1225.0 47 34 53 27 15 176
1230.0 37 33 52 24 16 162
1235.0 37 33 49 23 15 157
1240.0 33 30 44 20 14 141
1245.0 29 31 43 23 13 139
1250.0 27 27 41 21 12 128
1255.0 21 20 42 21 13 117
1260.0 25 16 40 18 12 111
1265.0 23 11 37 20 12 103
1270.0 21 12 35 18 11 97
1275.0 16 11 28 17 11 83
1280.0 14 12 25 19 9 79
1285.0 16 12 24 17 9 78
1290.0 20 10 25 14 8 77
1295.0 17 11 22 11 7 68
1300.0 15 10 23 8 7 63
1305.0 17 10 21 7 6 61
1310.0 12 10 17 7 5 51
1315.0 11 11 14 6 5 47
1320.0 12 8 11 4 5 40
1325.0 7 8 9 3 5 32
1330.0 7 9 8 0 4 28
1335.0 6 8 9 0 4 27
1340.0 5 4 9 1 3 22
1345.0 6 4 10 1 4 25
1350.0 7 3 8 2 4 24
1355.0 5 2 9 2 5 23
1360.0 4 2 7 3 5 21
1365.0 3 2 5 2 3 15
1370.0 3 2 5 1 3 14
1375.0 3 1 4 1 3 12
1380.0 3 1 3 0 3 10
1385.0 3 0 3 0 2 8
1390.0 2 0 3 0 2 7
1395.0 1 0 3 0 2 6
1400.0 1 0 2 1 2 6
1405.0 0 0 2 1 1 4
1410.0 0 0 2 1 1 4
1415.0 0 0 1 1 1 3
1420.0 0 0 1 1 1 3
1425.0 0 0 1 1 1 3
1430.0 0 0 1 0 1 2
1435.0 0 0 0 0 1 1
