5.0 0 0 0 0 0 0
10.0 0 0 0 0 0 0
15.0 0 0 0 0 0 0
20.0 0 0 0 0 0 0
25.0 0 0 0 0 0 0
30.0 0 0 0 0 0 0
35.0 0 0 0 0 0 0
40.0 0 0 0 0 0 0
45.0 0 0 0 0 0 0
50.0 0 0 0 0 0 0
55.0 0 0 0 0 0 0
60.0 0 0 0 0 0 0
65.0 0 0 0 0 0 0
70.0 0 0 0 0 0 0
75.0 0 0 0 0 0 0
80.0 0 0 0 0 0 0
85.0 0 0 0 0 0 0
90.0 0 0 0 0 0 0
95.0 0 0 0 0 0 0
100.0 0 0 0 0 0 0
105.0 0 0 0 0 0 0
110.0 0 0 0 0 0 0
115.0 0 0 0 0 0 0
120.0 0 0 0 0 0 0
125.0 0 0 0 0 0 0
130.0 0 0 0 0 0 0
135.0 0 0 0 0 0 0
140.0 0 0 0 0 0 0
145.0 0 0 0 0 0 0
150.0 0 0 0 0 0 0
155.0 0 0 0 0 0 0
160.0 0 0 0 0 0 0
165.0 0 0 0 0 0 0
170.0 0 0 0 0 0 0
175.0 0 0 0 0 0 0
180.0 0 0 0 0 0 0
185.0 0 0 0 0 0 0
190.0 0 0 0 0 0 0
195.0 0 0 0 0 0 0
200.0 0 0 0 0 0 0
205.0 0 0 0 0 0 0
210.0 0 0 0 0 0 0
215.0 0 0 0 0 0 0
220.0 0 0 0 0 0 0
225.0 0 0 0 0 0 0
230.0 0 0 0 0 0 0
235.0 0 0 0 0 0 0
240.0 0 0 0 0 0 0
245.0 0 0 0 0 0 0
250.0 0 0 0 0 0 0
255.0 0 0 0 0 0 0
260.0 0 0 0 0 0 0
265.0 0 0 0 0 0 0
270.0 0 0 0 0 0 0
275.0 0 0 0 0 0 0
280.0 0 0 0 0 0 0
285.0 0 0 0 0 0 0
290.0 1 0 0 0 0 1
295.0 1 0 0 0 0 1
300.0 1 0 0 0 0 1
305.0 1 0 0 0 0 1
310.0 1 0 0 0 0 1
315.0 1 0 0 0 0 1
320.0 1 0 0 0 0 1
325.0 0 0 0 0 0 0
330.0 0 0 0 0 0 0
335.0 0 0 0 0 0 0
340.0 0 0 0 0 0 0
345.0 0 0 0 0 0 0
350.0 0 0 0 0 0 0
355.0 0 0 0 0 0 0
360.0 0 0 0 0 0 0
365.0 0 0 0 0 0 0
370.0 0 1 0 0 0 1
375.0 0 2 0 0 0 2
380.0 0 2 0 0 0 2
385.0 0 2 1 0 0 3
390.0 0 2 1 0 0 3
395.0 0 2 1 0 0 3
400.0 1 3 1 0 0 5
405.0 1 3 1 0 0 5
410.0 1 2 2 0 0 5
415.0 1 2 2 0 0 5
420.0 1 3 2 0 0 6
425.0 1 3 2 0 0 6
430.0 2 3 2 0 0 7
435.0 2 3 1 0 0 6
440.0 2 3 1 0 0 6
445.0 2 3 4 0 0 9
450.0 2 3 4 0 0 9
455.0 2 2 5 0 0 9
460.0 2 2 5 0 0 9
465.0 1 2 6 0 0 9
470.0 1 2 7 0 0 10
475.0 1 2 8 0 0 11
480.0 1 3 8 0 0 12
485.0 1 3 7 0 0 11
490.0 1 3 8 1 0 13
495.0 2 3 8 1 0 14
500.0 1 4 7 2 1 15
505.0 2 5 4 2 1 14
510.0 2 5 4 2 1 14
515.0 2 5 3 0 1 11
520.0 2 6 4 0 1 13
525.0 2 7 4 0 1 14
530.0 2 6 4 0 1 13
535.0 2 7 4 0 1 14
540.0 3 7 3 0 2 15
545.0 3 5 3 1 2 14
550.0 3 6 3 1 2 15
555.0 4 7 3 1 2 17
560.0 6 6 3 2 2 19
565.0 7 6 2 2 2 19
570.0 7 5 3 2 2 19
575.0 7 5 3 2 3 20
580.0 7 6 3 1 3 20
585.0 6 5 5 1 3 20
590.0 6 6 5 1 3 21
595.0 5 8 5 0 4 22
600.0 5 6 4 0 4 19
605.0 5 7 4 0 4 20
610.0 3 6 6 2 3 20
615.0 3 5 9 2 3 22
620.0 3 5 9 2 3 22
625.0 2 6 9 2 3 22
630.0 1 8 8 2 3 22
635.0 2 7 6 2 3 20
640.0 3 6 6 1 3 19
645.0 4 6 7 1 3 21
650.0 5 5 8 1 2 21
655.0 8 4 7 2 2 23
660.0 7 4 7 3 2 23
665.0 7 3 6 4 2 22
670.0 8 2 6 5 2 23
675.0 8 2 4 5 2 21
680.0 8 4 3 4 3 22
685.0 10 4 3 5 3 25
690.0 9 5 4 4 3 25
695.0 9 5 4 5 4 27
700.0 10 5 5 5 3 28
705.0 10 6 6 5 3 30
710.0 9 7 7 3 3 29
715.0 8 7 7 4 3 29
720.0 8 6 7 4 2 27
725.0 11 6 5 3 2 27
730.0 11 5 5 2 3 26
735.0 8 6 6 3 3 26
740.0 6 5 5 3 3 22
745.0 6 5 6 2 3 22
750.0 4 7 5 2 2 20
755.0 3 6 6 2 3 20
760.0 2 5 6 2 4 19
765.0 3 5 5 1 4 18
770.0 4 5 3 1 4 17
775.0 5 6 4 1 3 19
780.0 4 6 4 1 2 17
785.0 4 6 4 1 2 17
790.0 4 6 5 1 2 18
795.0 4 7 5 1 2 19
800.0 4 7 4 1 2 18
805.0 5 7 4 1 2 19
810.0 5 6 4 2 1 18
815.0 6 6 4 2 1 19
820.0 5 7 4 2 1 19
825.0 7 6 3 0 1 17
830.0 8 5 2 0 1 16
835.0 8 5 2 0 1 16
840.0 8 5 1 0 0 14
845.0 7 5 2 1 0 15
850.0 7 3 2 1 0 13
855.0 6 3 3 1 0 13
860.0 5 3 3 1 0 12
865.0 3 3 2 1 0 9
870.0 2 3 1 1 0 7
875.0 3 3 1 1 0 8
880.0 4 2 3 1 0 10
885.0 4 3 3 1 0 11
890.0 4 4 3 1 0 12
895.0 4 3 5 1 0 13
900.0 5 2 5 2 0 14
905.0 5 5 4 3 0 17
910.0 5 4 3 3 0 15
915.0 5 1 2 3 0 11
920.0 5 1 1 4 0 11
925.0 6 2 3 4 0 15
930.0 5 3 3 4 0 15
935.0 5 3 3 4 1 16
940.0 6 3 3 4 1 17
945.0 6 3 2 4 1 16
950.0 7 3 2 4 1 17
955.0 7 5 3 4 2 21
960.0 6 6 3 3 2 20
965.0 7 6 3 4 2 22
970.0 8 7 4 3 2 24
975.0 7 7 7 3 2 26
980.0 5 4 8 4 2 23
985.0 7 3 8 4 2 24
990.0 7 4 7 4 1 23
995.0 6 5 8 3 1 23
1000.0 4 5 10 1 1 21
1005.0 4 3 9 2 1 19
1010.0 5 5 7 1 1 19
1015.0 6 8 5 1 1 21
1020.0 5 9 5 1 2 22
1025.0 6 11 5 1 1 24
1030.0 3 14 4 2 1 24
1035.0 2 15 5 0 1 23
1040.0 3 16 6 0 1 26
1045.0 3 15 5 0 1 24
1050.0 4 14 3 0 1 22
1055.0 2 10 6 0 2 20
1060.0 2 10 7 0 2 21
1065.0 2 8 8 0 2 20
1070.0 2 5 9 0 2 18
1075.0 2 5 9 0 2 18
1080.0 3 2 10 0 1 16
1085.0 4 3 8 1 2 18
1090.0 5 3 6 2 2 18
1095.0 5 3 7 2 2 19
1100.0 5 3 7 3 2 20
1105.0 4 3 7 4 3 21
1110.0 5 2 8 3 4 22
1115.0 5 3 9 3 6 26
1120.0 3 3 12 4 6 28
1125.0 3 4 12 4 6 29
1130.0 4 5 13 3 6 31
1135.0 3 6 10 3 6 28
1140.0 3 5 10 3 6 27
1145.0 3 5 10 1 6 25
1150.0 3 6 9 2 6 26
1155.0 3 5 10 2 6 26
1160.0 3 5 9 2 7 26
1165.0 3 3 6 2 6 20
1170.0 2 3 6 2 6 19
1175.0 3 3 6 1 6 19
1180.0 2 4 6 1 6 19
1185.0 3 3 4 1 5 16
1190.0 5 2 5 1 5 18
1195.0 3 2 5 1 5 16
1200.0 3 3 4 1 5 16
1205.0 4 3 3 0 4 14
1210.0 5 3 3 0 4 15
1215.0 4 2 3 1 4 14
1220.0 3 4 3 1 3 14
1225.0 3 4 4 3 2 16
1230.0 3 3 3 3 2 14
1235.0 2 3 3 3 2 13
1240.0 3 2 2 5 1 13
1245.0 4 2 2 5 1 14
1250.0 4 1 2 4 1 12
1255.0 3 1 3 4 1 12
1260.0 3 2 2 4 0 11
1265.0 2 2 2 3 0 9
1270.0 1 3 2 3 0 9
1275.0 1 3 3 2 0 9
1280.0 1 4 3 1 0 9
1285.0 1 3 3 1 0 8
1290.0 1 3 3 1 0 8
1295.0 1 3 2 1 0 7
1300.0 1 2 1 1 0 5
1305.0 1 2 1 1 0 5
1310.0 1 2 1 1 0 5
1315.0 3 3 0 1 0 7
1320.0 3 2 0 1 1 7
1325.0 2 2 0 2 0 6
1330.0 2 2 0 2 0 6
1335.0 2 1 0 2 0 5
1340.0 2 1 0 1 0 4
1345.0 1 1 0 1 0 3
1350.0 1 1 0 0 0 2
1355.0 1 1 0 0 0 2
1360.0 1 1 0 0 0 2
1365.0 1 1 0 0 0 2
1370.0 0 0 0 0 0 0
1375.0 0 0 0 0 0 0
1380.0 0 0 0 0 0 0
1385.0 0 0 0 0 0 0
1390.0 0 0 0 0 0 0
1395.0 0 0 0 0 0 0
1400.0 0 0 0 0 0 0
1405.0 0 0 0 0 0 0
1410.0 0 0 0 0 0 0
1415.0 0 0 0 0 0 0
1420.0 0 0 0 0 0 0
1425.0 0 0 0 0 0 0
1430.0 0 0 0 0 0 0
1435.0 0 0 0 0 0 0
