5.0 0 0 0 0 0 0
10.0 0 0 0 0 0 0
15.0 0 0 0 0 0 0
20.0 0 0 0 0 0 0
25.0 0 0 0 0 0 0
30.0 0 0 0 0 0 0
35.0 0 0 0 0 0 0
40.0 0 0 0 0 0 0
45.0 0 0 0 0 0 0
50.0 0 0 0 0 0 0
55.0 0 0 0 0 0 0
60.0 0 0 0 0 0 0
65.0 0 0 0 0 0 0
70.0 0 0 0 0 0 0
75.0 0 0 0 0 0 0
80.0 0 0 0 0 0 0
85.0 0 0 0 0 0 0
90.0 0 0 0 0 0 0
95.0 0 0 0 0 0 0
100.0 0 0 0 0 0 0
105.0 0 0 0 0 0 0
110.0 0 0 0 0 0 0
115.0 0 0 0 0 0 0
120.0 0 0 0 0 0 0
125.0 0 0 0 0 0 0
130.0 0 0 0 0 0 0
135.0 0 0 0 0 0 0
140.0 0 0 0 0 0 0
145.0 0 0 0 0 0 0
150.0 0 0 0 0 0 0
155.0 0 0 0 0 0 0
160.0 0 0 0 0 0 0
165.0 0 0 0 0 0 0
170.0 0 0 0 0 0 0
175.0 0 0 0 0 0 0
180.0 0 0 0 0 0 0
185.0 0 0 0 0 0 0
190.0 0 0 0 0 0 0
195.0 0 0 0 0 0 0
200.0 0 0 0 0 0 0
205.0 0 0 0 0 0 0
210.0 0 0 0 0 0 0
215.0 0 0 0 0 0 0
220.0 0 0 0 0 0 0
225.0 0 0 0 0 0 0
230.0 0 0 0 0 0 0
235.0 0 0 0 0 0 0
240.0 0 0 0 0 0 0
245.0 0 0 0 0 0 0
250.0 0 0 0 0 0 0
255.0 0 0 0 0 0 0
260.0 0 0 0 0 0 0
265.0 0 0 0 0 0 0
270.0 0 0 0 0 0 0
275.0 0 0 0 0 0 0
280.0 0 0 0 0 0 0
285.0 0 0 0 0 0 0
290.0 0 0 0 0 0 0
295.0 0 0 0 0 0 0
300.0 0 0 0 0 0 0
305.0 0 0 0 0 0 0
310.0 0 0 0 0 0 0
315.0 0 0 0 0 0 0
320.0 1 0 2 0 0 3
325.0 1 0 2 0 0 3
330.0 1 0 1 0 0 2
335.0 1 0 1 0 0 2
340.0 0 0 1 1 0 2
345.0 0 0 3 1 0 4
350.0 0 0 2 1 0 3
355.0 0 1 2 1 0 4
360.0 0 2 4 1 0 7
365.0 0 2 5 1 0 8
370.0 0 3 7 2 0 12
375.0 0 4 10 2 0 16
380.0 0 5 11 1 0 17
385.0 2 6 11 2 0 21
390.0 3 5 9 1 1 19
395.0 3 7 9 1 1 21
400.0 3 6 8 2 1 20
405.0 3 6 8 3 2 22
410.0 4 7 10 4 2 27
415.0 4 8 10 4 2 28
420.0 5 8 9 4 2 28
425.0 7 10 8 3 2 30
430.0 7 12 8 4 2 33
435.0 8 15 8 4 2 37
440.0 11 19 8 6 2 46
445.0 13 20 10 6 2 51
450.0 13 22 13 7 2 57
455.0 11 22 13 10 1 57
460.0 13 23 13 10 2 61
465.0 19 24 12 11 2 68
470.0 19 21 15 11 3 69
475.0 22 21 19 11 3 76
480.0 22 21 22 13 3 81
485.0 24 22 24 14 4 88
490.0 25 23 24 14 6 92
495.0 26 25 30 15 8 104
500.0 29 25 36 16 8 114
505.0 32 22 40 18 9 121
510.0 31 30 41 20 9 131
515.0 29 33 41 21 9 133
520.0 30 33 44 22 8 137
525.0 33 30 42 24 10 139
530.0 39 28 41 23 11 142
535.0 38 30 40 25 11 144
540.0 37 35 38 23 13 146
545.0 38 34 46 24 14 156
550.0 36 31 52 24 16 159
555.0 41 33 58 22 15 169
560.0 40 32 56 23 15 166
565.0 41 33 57 23 16 170
570.0 40 35 59 23 15 172
575.0 43 34 64 21 17 179
580.0 44 39 63 23 20 189
585.0 45 44 62 23 23 197
590.0 46 49 62 18 21 196
595.0 49 48 60 16 25 198
600.0 46 47 63 25 27 208
605.0 48 44 57 28 28 205
610.0 47 44 57 30 30 208
615.0 45 45 55 28 28 201
620.0 45 47 53 30 30 205
625.0 41 44 50 32 31 198
630.0 36 43 51 30 31 191
635.0 38 45 52 32 30 197
640.0 41 49 54 29 32 205
645.0 42 48 57 30 30 207
650.0 37 51 58 30 27 203
655.0 44 50 56 33 27 210
660.0 48 49 52 32 30 211
665.0 51 50 51 33 31 216
670.0 49 53 48 33 29 212
675.0 49 53 48 29 30 209
680.0 50 53 48 30 34 215
685.0 47 52 53 21 32 205
690.0 46 49 62 18 31 206
695.0 41 44 63 24 30 202
700.0 40 41 69 24 28 202
705.0 34 46 66 26 24 196
710.0 32 49 63 27 25 196
715.0 33 50 60 21 25 189
720.0 34 48 58 21 23 184
725.0 34 46 49 23 22 174
730.0 30 42 47 26 19 164
735.0 33 44 43 26 20 166
740.0 39 47 39 20 20 165
745.0 38 47 45 18 20 168
750.0 33 43 43 21 22 162
755.0 37 37 44 21 24 163
760.0 41 36 41 19 23 160
765.0 40 34 43 19 25 161
770.0 45 30 46 19 23 163
775.0 40 29 44 19 23 155
780.0 37 30 46 21 23 157
785.0 38 28 43 21 19 149
790.0 38 26 43 24 18 149
795.0 38 27 38 26 18 147
800.0 43 27 41 24 19 154
805.0 36 32 46 21 17 152
810.0 36 28 43 22 18 147
815.0 37 30 42 21 19 149
820.0 46 31 40 18 20 155
825.0 44 29 44 18 20 155
830.0 43 32 44 20 19 158
835.0 41 36 48 21 19 165
840.0 38 40 45 21 19 163
845.0 40 35 46 21 20 162
850.0 43 38 50 20 17 168
855.0 44 35 55 24 18 176
860.0 42 39 62 25 16 184
865.0 40 40 60 25 14 179
870.0 34 45 58 26 13 176
875.0 32 44 54 29 13 172
880.0 37 47 58 25 12 179
885.0 37 49 56 31 12 185
890.0 38 49 57 31 13 188
895.0 43 48 58 32 15 196
900.0 49 47 63 28 17 204
905.0 49 49 58 28 18 202
910.0 48 50 57 28 19 202
915.0 49 53 51 26 23 202
920.0 48 56 54 27 25 210
925.0 51 60 56 29 24 220
930.0 48 61 55 27 28 219
935.0 51 57 58 25 30 221
940.0 51 58 54 22 29 214
945.0 53 60 51 24 26 214
950.0 55 59 54 23 26 217
955.0 52 59 54 29 25 219
960.0 52 56 58 30 23 219
965.0 47 59 59 27 21 213
970.0 41 66 59 34 22 222
975.0 39 66 55 35 20 215
980.0 42 62 48 43 23 218
985.0 44 58 47 42 24 215
990.0 40 60 58 42 28 228
995.0 45 65 59 41 27 237
1000.0 53 59 57 34 27 230
1005.0 53 57 60 32 27 229
1010.0 49 55 66 30 26 226
1015.0 51 53 67 33 24 228
1020.0 47 53 64 30 25 219
1025.0 52 50 60 33 25 220
1030.0 53 50 57 31 24 215
1035.0 55 48 58 34 22 217
1040.0 67 48 58 33 22 228
1045.0 63 51 57 31 21 223
1050.0 66 56 57 34 23 236
1055.0 59 64 60 33 24 240
1060.0 58 61 59 31 26 235
1065.0 56 64 58 27 25 230
1070.0 57 62 62 26 27 234
1075.0 54 61 64 27 27 233
1080.0 56 60 69 25 30 240
1085.0 58 64 68 29 32 251
1090.0 60 66 69 28 34 257
1095.0 61 65 71 27 31 255
1100.0 57 65 72 28 28 250
1105.0 52 67 67 27 31 244
1110.0 49 63 73 31 31 247
1115.0 47 69 72 29 33 250
1120.0 46 66 64 31 30 237
1125.0 54 59 67 30 28 238
1130.0 60 56 66 33 27 242
1135.0 63 61 64 29 28 245
1140.0 65 64 67 31 29 256
1145.0 56 62 73 35 27 253
1150.0 50 58 71 37 28 244
1155.0 46 63 71 38 27 245
1160.0 45 62 69 43 25 244
1165.0 47 57 68 43 24 239
1170.0 47 60 61 43 21 232
1175.0 46 62 60 39 21 228
1180.0 50 62 66 32 24 234
1185.0 45 61 68 30 27 231
1190.0 40 60 66 26 23 215
1195.0 40 59 59 23 22 203
1200.0 39 56 60 22 20 197
1205.0 39 45 52 20 17 173
1210.0 37 48 50 24 17 176
1215.0 35 49 49 24 14 171
1220.0 28 47 52 26 13 166
1225.0 25 45 52 21 14 157
1230.0 29 40 49 24 15 157
1235.0 29 35 48 20 16 148
1240.0 24 36 48 22 13 143
1245.0 19 30 51 24 11 135
1250.0 22 25 49 24 11 131
1255.0 17 22 43 24 12 118
1260.0 19 20 37 21 14 111
1265.0 21 18 34 14 13 100
1270.0 24 18 27 8 9 86
1275.0 25 17 28 7 7 84
1280.0 22 18 24 6 7 77
1285.0 22 15 20 8 7 72
1290.0 17 16 22 5 7 67
1295.0 16 14 17 7 7 61
1300.0 16 9 17 7 5 54
1305.0 15 10 15 7 4 51
1310.0 13 10 14 8 5 50
1315.0 11 12 13 10 3 49
1320.0 11 10 10 8 4 43
1325.0 11 9 9 7 4 40
1330.0 10 7 11 8 4 40
1335.0 9 3 9 7 4 32
1340.0 7 0 11 6 4 28
1345.0 6 0 9 2 3 20
1350.0 7 0 9 2 3 21
1355.0 4 1 9 3 4 21
1360.0 2 1 8 2 2 15
1365.0 0 1 6 2 2 11
1370.0 0 2 5 2 2 11
1375.0 0 2 4 2 1 9
1380.0 0 2 2 2 2 8
1385.0 0 2 2 2 0 6
1390.0 0 2 2 2 0 6
1395.0 0 1 2 3 0 6
1400.0 0 1 2 3 0 6
1405.0 0 2 2 2 0 6
1410.0 0 2 1 2 0 5
1415.0 0 1 1 2 0 4
1420.0 0 1 1 0 0 2
1425.0 0 1 1 0 0 2
1430.0 0 1 1 0 0 2
1435.0 0 1 1 0 0 2
