5.0 0 0 0 0 0 0
10.0 0 0 0 0 0 0
15.0 0 0 0 0 0 0
20.0 0 0 0 0 0 0
25.0 0 0 0 0 0 0
30.0 0 0 0 0 0 0
35.0 0 0 0 0 0 0
40.0 0 0 0 0 0 0
45.0 0 0 0 0 0 0
50.0 0 0 0 0 0 0
55.0 0 0 0 0 0 0
60.0 0 0 0 0 0 0
65.0 0 0 0 0 0 0
70.0 0 0 0 0 0 0
75.0 0 0 0 0 0 0
80.0 0 0 0 0 0 0
85.0 0 0 0 0 0 0
90.0 0 0 0 0 0 0
95.0 0 0 0 0 0 0
100.0 0 0 0 0 0 0
105.0 0 0 0 0 0 0
110.0 0 0 0 0 0 0
115.0 0 0 0 0 0 0
120.0 0 0 0 0 0 0
125.0 0 0 0 0 0 0
130.0 0 0 0 0 0 0
135.0 0 0 0 0 0 0
140.0 0 0 0 0 0 0
145.0 0 0 0 0 0 0
150.0 0 0 0 0 0 0
155.0 0 0 0 0 0 0
160.0 0 0 0 0 0 0
165.0 0 0 0 0 0 0
170.0 0 0 0 0 0 0
175.0 0 0 0 0 0 0
180.0 0 0 0 0 0 0
185.0 0 0 0 0 0 0
190.0 0 0 0 0 0 0
195.0 0 0 0 0 0 0
200.0 0 0 0 0 0 0
205.0 0 0 0 0 0 0
210.0 0 0 0 0 0 0
215.0 0 0 0 0 0 0
220.0 0 0 0 0 0 0
225.0 0 0 0 0 0 0
230.0 0 0 0 0 0 0
235.0 0 0 0 0 0 0
240.0 0 0 0 0 0 0
245.0 0 0 0 0 0 0
250.0 0 0 0 0 0 0
255.0 0 0 0 0 0 0
260.0 0 0 0 0 0 0
265.0 0 0 0 0 0 0
270.0 0 0 0 0 0 0
275.0 0 0 0 0 0 0
280.0 0 0 0 0 0 0
285.0 0 0 0 1 0 1
290.0 0 0 0 1 0 1
295.0 0 0 0 1 0 1
300.0 1 0 0 0 1 2
305.0 1 0 0 0 1 2
310.0 1 0 0 0 1 2
315.0 1 0 0 0 1 2
320.0 2 0 0 0 1 3
325.0 1 0 1 1 1 4
330.0 1 0 2 1 1 5
335.0 0 0 2 2 1 5
340.0 0 0 3 2 1 6
345.0 0 2 2 2 1 7
350.0 0 3 2 2 1 8
355.0 0 3 2 2 1 8
360.0 0 3 1 2 1 7
365.0 1 3 2 1 1 8
370.0 1 4 3 1 1 10
375.0 3 4 4 2 1 14
380.0 4 5 5 1 1 16
385.0 4 6 6 3 1 20
390.0 4 8 7 3 1 23
395.0 4 7 8 3 1 23
400.0 7 9 7 2 1 26
405.0 7 9 7 2 0 25
410.0 8 7 7 2 0 24
415.0 8 6 7 2 0 23
420.0 8 8 7 3 0 26
425.0 12 8 7 2 0 29
430.0 10 10 6 1 0 27
435.0 7 11 9 3 0 30
440.0 7 12 12 5 1 37
445.0 8 12 12 6 1 39
450.0 8 10 11 7 2 38
455.0 7 13 11 7 2 40
460.0 5 16 13 6 3 43
465.0 7 13 13 6 3 42
470.0 9 11 20 7 3 50
475.0 15 13 21 5 4 58
480.0 17 13 31 5 5 71
485.0 22 15 34 4 5 80
490.0 24 16 30 7 6 83
495.0 24 18 29 8 6 85
500.0 20 19 28 9 5 81
505.0 22 19 29 13 5 88
510.0 31 19 28 11 5 94
515.0 31 21 30 11 9 102
520.0 33 20 31 12 9 105
525.0 32 25 23 11 14 105
530.0 30 32 31 11 14 118
535.0 31 33 28 11 13 116
540.0 27 32 30 15 13 117
545.0 26 32 30 19 14 121
550.0 28 35 31 19 13 126
555.0 25 38 34 22 13 132
560.0 26 36 39 20 10 131
565.0 28 34 40 23 9 134
570.0 32 31 47 22 11 143
575.0 33 34 49 17 13 146
580.0 36 32 46 18 13 145
585.0 37 34 45 20 11 147
590.0 31 43 46 22 14 156
595.0 31 47 49 21 15 163
600.0 28 51 47 17 15 158
605.0 33 52 54 15 14 168
610.0 34 49 52 17 16 168
615.0 30 48 53 19 15 165
620.0 28 51 49 26 16 170
625.0 30 50 54 26 16 176
630.0 33 48 55 29 18 183
635.0 33 45 55 28 18 179
640.0 35 49 57 31 19 191
645.0 40 54 58 27 20 199
650.0 40 56 51 22 17 186
655.0 42 57 49 26 16 190
660.0 46 58 42 24 16 186
665.0 46 54 48 27 15 190
670.0 45 48 50 23 14 180
675.0 41 46 53 22 15 177
680.0 40 45 53 23 15 176
685.0 36 50 50 22 17 175
690.0 40 44 52 24 18 178
695.0 36 41 51 20 19 167
700.0 31 42 53 20 18 164
705.0 34 39 49 20 17 159
710.0 32 45 49 15 18 159
715.0 29 46 47 14 17 153
720.0 32 40 48 16 19 155
725.0 33 40 43 18 17 151
730.0 32 32 40 18 18 140
735.0 31 32 41 21 17 142
740.0 33 32 41 25 17 148
745.0 35 31 44 23 15 148
750.0 31 34 49 20 17 151
755.0 32 32 54 22 18 158
760.0 31 33 55 22 15 156
765.0 33 33 57 17 14 154
770.0 36 29 57 20 13 155
775.0 43 28 47 20 14 152
780.0 43 28 45 20 14 150
785.0 41 27 45 21 13 147
790.0 35 28 42 18 15 138
795.0 35 28 44 15 14 136
800.0 38 31 40 15 14 138
805.0 39 31 43 14 12 139
810.0 38 32 42 13 14 139
815.0 36 31 42 15 15 139
820.0 31 30 38 19 16 134
825.0 31 32 39 20 14 136
830.0 31 35 37 17 14 134
835.0 34 35 41 19 16 145
840.0 39 34 43 17 15 148
845.0 41 40 44 20 18 163
850.0 41 41 51 22 18 173
855.0 38 48 50 24 16 176
860.0 38 48 50 21 15 172
865.0 36 47 53 18 15 169
870.0 41 45 52 13 16 167
875.0 37 45 51 15 15 163
880.0 35 46 52 14 15 162
885.0 31 49 50 14 16 160
890.0 37 42 49 15 16 159
895.0 40 41 49 18 16 164
900.0 40 38 47 23 17 165
905.0 40 38 46 26 16 166
910.0 43 39 41 22 16 161
915.0 42 42 40 23 16 163
920.0 38 44 40 22 13 157
925.0 37 42 45 22 14 160
930.0 30 44 50 24 17 165
935.0 29 36 53 22 18 158
940.0 30 36 48 21 18 153
945.0 31 37 45 23 18 154
950.0 33 35 41 20 18 147
955.0 33 38 42 21 16 150
960.0 38 38 43 23 15 157
965.0 40 38 44 24 17 163
970.0 42 39 43 21 18 163
975.0 43 38 42 20 20 163
980.0 41 39 42 18 22 162
985.0 39 40 43 19 23 164
990.0 42 41 48 15 23 169
995.0 42 38 42 15 24 161
1000.0 36 42 46 16 25 165
1005.0 36 42 43 15 27 163
1010.0 31 40 42 14 29 156
1015.0 33 45 38 16 30 162
1020.0 39 41 39 13 32 164
1025.0 38 40 45 16 36 175
1030.0 48 32 49 17 34 180
1035.0 46 35 51 16 33 181
1040.0 47 29 49 16 32 173
1045.0 39 36 49 20 32 176
1050.0 44 41 48 21 32 186
1055.0 42 39 50 18 33 182
1060.0 42 46 48 24 30 190
1065.0 42 45 45 26 27 185
1070.0 44 47 44 28 26 189
1075.0 42 48 51 32 27 200
1080.0 37 41 55 39 28 200
1085.0 34 45 53 36 28 196
1090.0 35 42 52 32 28 189
1095.0 32 43 51 33 26 185
1100.0 32 42 53 33 24 184
1105.0 35 40 53 30 24 182
1110.0 42 44 57 27 26 196
1115.0 40 43 57 24 28 192
1120.0 44 42 55 24 25 190
1125.0 38 42 63 31 24 198
1130.0 47 37 65 31 27 207
1135.0 49 42 70 30 23 214
1140.0 45 41 68 28 24 206
1145.0 43 44 72 25 30 214
1150.0 44 42 65 27 28 206
1155.0 43 41 66 27 25 202
1160.0 44 46 60 24 22 196
1165.0 46 40 60 25 20 191
1170.0 45 43 55 23 22 188
1175.0 50 36 57 19 20 182
1180.0 52 40 50 19 20 181
1185.0 50 38 45 20 20 173
1190.0 52 38 46 22 19 177
1195.0 50 41 47 25 18 181
1200.0 51 41 45 29 18 184
1205.0 43 36 45 32 18 174
1210.0 42 35 46 29 18 170
1215.0 36 35 43 29 15 158
1220.0 35 31 43 27 15 151
1225.0 30 25 40 25 15 135
1230.0 30 23 39 25 14 131
1235.0 29 24 33 24 11 121
1240.0 24 25 32 23 8 112
1245.0 18 24 28 27 8 105
1250.0 14 22 27 25 7 95
1255.0 11 22 25 22 7 87
1260.0 11 18 25 20 6 80
1265.0 11 18 24 17 8 78
1270.0 14 19 19 13 8 73
1275.0 13 21 16 10 9 69
1280.0 13 19 10 7 10 59
1285.0 15 17 11 6 10 59
1290.0 16 16 11 5 9 57
1295.0 13 15 13 6 7 54
1300.0 15 13 11 6 8 53
1305.0 14 10 10 6 8 48
1310.0 12 9 10 9 8 48
1315.0 10 7 9 6 7 39
1320.0 10 8 7 6 7 38
1325.0 9 8 8 4 6 35
1330.0 7 7 8 5 5 32
1335.0 8 3 6 4 5 26
1340.0 3 4 4 3 5 19
1345.0 3 3 4 2 5 17
1350.0 3 3 3 1 4 14
1355.0 3 2 2 2 3 12
1360.0 1 1 1 2 3 8
1365.0 1 1 3 3 3 11
1370.0 1 1 2 3 3 10
1375.0 0 1 3 2 3 9
1380.0 2 1 2 0 2 7
1385.0 2 1 2 0 2 7
1390.0 2 2 2 0 1 7
1395.0 1 1 2 0 1 5
1400.0 1 1 2 0 0 4
1405.0 1 1 2 0 0 4
1410.0 1 1 2 0 0 4
1415.0 0 0 2 0 0 2
1420.0 0 0 2 0 0 2
1425.0 1 0 1 0 0 2
1430.0 0 0 1 0 0 1
1435.0 0 0 0 0 0 0
