5.0 0 0 0 0 0 0
10.0 0 0 0 0 0 0
15.0 0 0 0 0 0 0
20.0 0 0 0 0 0 0
25.0 0 0 0 0 0 0
30.0 0 0 0 0 0 0
35.0 0 0 0 0 0 0
40.0 0 0 0 0 0 0
45.0 0 0 0 0 0 0
50.0 0 0 0 0 0 0
55.0 0 0 0 0 0 0
60.0 0 0 0 0 0 0
65.0 0 0 0 0 0 0
70.0 0 0 0 0 0 0
75.0 0 0 0 0 0 0
80.0 0 0 0 0 0 0
85.0 0 0 0 0 0 0
90.0 0 0 0 0 0 0
95.0 0 0 0 0 0 0
100.0 0 0 0 0 0 0
105.0 0 0 0 0 0 0
110.0 0 0 0 0 0 0
115.0 0 0 0 0 0 0
120.0 0 0 0 0 0 0
125.0 0 0 0 0 0 0
130.0 0 0 0 0 0 0
135.0 0 0 0 0 0 0
140.0 0 0 0 0 0 0
145.0 0 0 0 0 0 0
150.0 0 0 0 0 0 0
155.0 0 0 0 0 0 0
160.0 0 0 0 0 0 0
165.0 0 0 0 0 0 0
170.0 0 0 0 0 0 0
175.0 0 0 0 0 0 0
180.0 0 0 0 0 0 0
185.0 0 0 0 0 0 0
190.0 0 0 0 0 0 0
195.0 0 0 0 0 0 0
200.0 0 0 0 0 0 0
205.0 0 0 0 0 0 0
210.0 0 0 0 0 0 0
215.0 0 0 0 0 0 0
220.0 0 0 0 0 0 0
225.0 0 0 0 0 0 0
230.0 0 0 0 0 0 0
235.0 0 0 0 0 0 0
240.0 0 0 0 0 0 0
245.0 0 0 0 0 0 0
250.0 0 0 0 0 0 0
255.0 0 0 0 0 0 0
260.0 0 0 0 0 0 0
265.0 0 0 0 0 0 0
270.0 0 0 0 0 0 0
275.0 0 0 0 0 0 0
280.0 0 0 0 0 0 0
285.0 0 0 0 0 0 0
290.0 0 0 0 0 0 0
295.0 0 0 0 0 0 0
300.0 0 0 0 0 0 0
305.0 0 0 0 0 0 0
310.0 0 0 0 0 0 0
315.0 0 0 0 0 0 0
320.0 0 0 0 0 0 0
325.0 0 0 0 0 0 0
330.0 0 0 0 0 0 0
335.0 0 0 0 0 0 0
340.0 0 0 0 0 0 0
345.0 0 0 0 0 0 0
350.0 0 0 0 0 0 0
355.0 0 0 0 0 0 0
360.0 0 0 0 0 0 0
365.0 0 0 0 0 0 0
370.0 0 0 0 0 0 0
375.0 0 0 0 0 0 0
380.0 0 0 0 1 0 1
385.0 0 0 0 1 0 1
390.0 0 0 0 1 0 1
395.0 0 0 0 1 0 1
400.0 0 0 0 1 0 1
405.0 0 0 0 1 0 1
410.0 0 0 0 1 0 1
415.0 0 0 0 1 0 1
420.0 0 1 0 0 0 1
425.0 0 1 0 0 0 1
430.0 0 1 0 0 0 1
435.0 0 1 0 0 0 1
440.0 0 2 0 0 0 2
445.0 1 2 0 0 0 3
450.0 1 3 0 0 0 4
455.0 1 3 0 0 0 4
460.0 1 3 0 0 0 4
465.0 0 3 1 0 0 4
470.0 0 3 1 0 0 4
475.0 0 3 1 0 0 4
480.0 0 3 2 1 0 6
485.0 0 3 2 1 0 6
490.0 0 3 3 1 0 7
495.0 0 3 3 1 0 7
500.0 0 3 3 1 0 7
505.0 0 3 4 1 0 8
510.0 0 2 4 1 0 7
515.0 0 2 4 1 0 7
520.0 0 2 3 1 0 6
525.0 0 2 3 1 0 6
530.0 0 2 3 1 0 6
535.0 0 2 3 1 0 6
540.0 0 2 1 1 0 4
545.0 1 3 1 1 0 6
550.0 1 3 2 1 1 8
555.0 1 4 1 1 1 8
560.0 2 3 1 1 1 8
565.0 2 4 1 1 1 9
570.0 2 3 1 1 1 8
575.0 3 3 1 0 1 8
580.0 3 2 2 0 1 8
585.0 4 2 2 0 1 9
590.0 4 3 0 0 1 8
595.0 4 3 0 0 1 8
600.0 3 2 0 1 1 7
605.0 3 2 1 1 1 8
610.0 2 3 1 1 1 8
615.0 2 3 1 0 2 8
620.0 1 3 3 0 2 9
625.0 2 2 3 0 2 9
630.0 3 2 3 0 1 9
635.0 3 2 4 0 1 10
640.0 2 1 4 0 1 8
645.0 2 1 4 0 1 8
650.0 0 1 3 2 1 7
655.0 0 1 3 2 1 7
660.0 0 2 3 2 1 8
665.0 0 2 5 1 1 9
670.0 0 1 5 0 1 7
675.0 0 1 5 0 1 7
680.0 0 1 3 1 1 6
685.0 0 2 3 1 1 7
690.0 0 1 4 0 1 6
695.0 2 1 6 0 1 10
700.0 2 2 4 0 1 9
705.0 2 3 4 0 1 10
710.0 3 3 3 0 1 10
715.0 2 3 1 0 1 7
720.0 2 3 1 0 1 7
725.0 1 3 0 1 0 5
730.0 1 3 0 3 0 7
735.0 0 3 1 2 0 6
740.0 0 3 1 2 0 6
745.0 0 3 1 2 0 6
750.0 0 2 1 2 0 5
755.0 0 2 2 2 0 6
760.0 0 1 1 2 0 4
765.0 0 0 1 2 0 3
770.0 0 0 2 2 0 4
775.0 0 1 2 1 0 4
780.0 1 1 3 0 0 5
785.0 1 1 3 0 0 5
790.0 1 1 3 0 1 6
795.0 1 2 3 0 1 7
800.0 0 3 3 0 1 7
805.0 0 3 3 0 2 8
810.0 0 2 3 0 2 7
815.0 0 1 3 0 2 6
820.0 0 0 3 0 2 5
825.0 0 0 3 0 2 5
830.0 0 0 2 0 2 4
835.0 2 0 2 0 2 6
840.0 2 1 2 0 2 7
845.0 2 1 3 0 1 7
850.0 2 1 3 0 1 7
855.0 3 3 3 0 1 10
860.0 4 3 1 0 1 9
865.0 5 3 1 0 1 10
870.0 4 2 2 0 1 9
875.0 4 1 2 0 1 8
880.0 3 2 1 1 1 8
885.0 4 1 0 2 1 8
890.0 5 1 0 2 1 9
895.0 5 1 0 1 1 8
900.0 5 0 1 1 1 8
905.0 4 0 2 1 1 8
910.0 3 0 3 1 1 8
915.0 3 0 3 1 1 8
920.0 4 0 3 2 1 10
925.0 3 0 3 2 1 9
930.0 3 1 3 1 1 9
935.0 2 1 3 2 1 9
940.0 2 1 3 2 1 9
945.0 2 1 3 2 1 9
950.0 2 1 2 1 1 7
955.0 1 1 2 2 1 7
960.0 2 0 2 2 2 8
965.0 2 0 3 2 2 9
970.0 2 0 2 2 2 8
975.0 2 1 2 2 1 8
980.0 2 1 3 2 1 9
985.0 1 2 3 2 1 9
990.0 3 2 2 1 1 9
995.0 3 1 2 1 1 8
1000.0 2 1 3 1 1 8
1005.0 3 2 3 1 1 10
1010.0 2 2 3 1 2 10
1015.0 2 2 3 1 2 10
1020.0 2 3 3 1 2 11
1025.0 2 3 3 1 1 10
1030.0 2 3 3 0 1 9
1035.0 2 2 4 0 1 9
1040.0 2 1 3 0 1 7
1045.0 2 1 4 0 1 8
1050.0 0 0 5 1 1 7
1055.0 1 0 4 1 1 7
1060.0 2 1 3 1 1 8
1065.0 3 1 3 1 1 9
1070.0 1 1 3 0 1 6
1075.0 0 2 3 0 0 5
1080.0 0 2 3 0 0 5
1085.0 1 2 2 0 0 5
1090.0 1 4 2 0 0 7
1095.0 1 4 2 0 0 7
1100.0 1 4 2 0 0 7
1105.0 0 2 2 0 1 5
1110.0 0 2 2 0 1 5
1115.0 0 2 1 1 1 5
1120.0 0 3 0 1 1 5
1125.0 1 2 0 1 1 5
1130.0 2 2 0 0 1 5
1135.0 2 1 0 1 1 5
1140.0 2 1 0 1 1 5
1145.0 2 1 0 1 1 5
1150.0 2 0 0 0 1 3
1155.0 2 1 0 1 1 5
1160.0 0 2 0 2 1 5
1165.0 1 3 1 2 1 8
1170.0 1 3 1 2 0 7
1175.0 1 2 1 2 0 6
1180.0 1 2 1 2 0 6
1185.0 1 3 2 2 0 8
1190.0 1 3 3 2 0 9
1195.0 1 3 3 1 1 9
1200.0 1 3 3 1 1 9
1205.0 1 1 4 1 1 8
1210.0 1 1 4 1 1 8
1215.0 1 1 3 1 1 7
1220.0 2 1 4 1 0 8
1225.0 2 2 4 0 0 8
1230.0 1 1 4 0 0 6
1235.0 1 1 2 0 0 4
1240.0 0 2 1 0 0 3
1245.0 0 2 1 0 0 3
1250.0 0 2 1 0 0 3
1255.0 0 2 1 0 0 3
1260.0 0 1 1 0 0 2
1265.0 0 0 2 0 0 2
1270.0 0 0 2 0 0 2
1275.0 0 0 1 0 0 1
1280.0 0 0 2 0 0 2
1285.0 0 0 1 0 0 1
1290.0 0 0 1 0 0 1
1295.0 0 0 1 0 0 1
1300.0 0 0 1 0 0 1
1305.0 0 0 1 0 0 1
1310.0 0 0 1 0 0 1
1315.0 0 0 1 0 0 1
1320.0 0 0 0 0 0 0
1325.0 0 0 0 0 0 0
1330.0 0 0 0 0 0 0
1335.0 0 0 0 0 0 0
1340.0 0 0 0 0 0 0
1345.0 0 0 0 0 0 0
1350.0 0 0 0 0 0 0
1355.0 0 0 0 0 0 0
1360.0 0 0 0 0 0 0
1365.0 0 0 0 0 0 0
1370.0 0 0 0 0 0 0
1375.0 0 0 0 0 0 0
1380.0 0 0 0 0 0 0
1385.0 0 0 0 0 0 0
1390.0 0 0 0 0 0 0
1395.0 0 0 0 0 0 0
1400.0 0 0 0 0 0 0
1405.0 0 0 0 0 0 0
1410.0 0 0 0 0 0 0
1415.0 0 0 0 0 0 0
1420.0 0 0 0 0 0 0
1425.0 0 0 0 0 0 0
1430.0 0 0 0 0 0 0
1435.0 0 0 0 0 0 0
