5.0 0 0 0 0 0 0
10.0 0 0 0 0 0 0
15.0 0 0 0 0 0 0
20.0 0 0 0 0 0 0
25.0 0 0 0 0 0 0
30.0 0 0 0 0 0 0
35.0 0 0 0 0 0 0
40.0 0 0 0 0 0 0
45.0 0 0 0 0 0 0
50.0 0 0 0 0 0 0
55.0 0 0 0 0 0 0
60.0 0 0 0 0 0 0
65.0 0 0 0 0 0 0
70.0 0 0 0 0 0 0
75.0 0 0 0 0 0 0
80.0 0 0 0 0 0 0
85.0 0 0 0 0 0 0
90.0 0 0 0 0 0 0
95.0 0 0 0 0 0 0
100.0 0 0 0 0 0 0
105.0 0 0 0 0 0 0
110.0 0 0 0 0 0 0
115.0 0 0 0 0 0 0
120.0 0 0 0 0 0 0
125.0 0 0 0 0 0 0
130.0 0 0 0 0 0 0
135.0 0 0 0 0 0 0
140.0 0 0 0 0 0 0
145.0 0 0 0 0 0 0
150.0 0 0 0 0 0 0
155.0 0 0 0 0 0 0
160.0 0 0 0 0 0 0
165.0 0 0 0 0 0 0
170.0 0 0 0 0 0 0
175.0 0 0 0 0 0 0
180.0 0 0 0 0 0 0
185.0 0 0 0 0 0 0
190.0 0 0 0 0 0 0
195.0 0 0 0 0 0 0
200.0 0 0 0 0 0 0
205.0 0 0 0 0 0 0
210.0 0 0 0 0 0 0
215.0 0 0 0 0 0 0
220.0 0 0 0 0 0 0
225.0 0 0 0 0 0 0
230.0 0 0 0 0 0 0
235.0 0 0 0 0 0 0
240.0 0 1 0 0 0 1
245.0 0 1 0 0 0 1
250.0 0 1 0 0 0 1
255.0 0 1 0 0 0 1
260.0 0 1 0 0 0 1
265.0 0 1 0 0 0 1
270.0 0 1 0 0 0 1
275.0 0 1 0 0 0 1
280.0 0 1 0 0 0 1
285.0 0 0 0 0 0 0
290.0 0 1 0 0 0 1
295.0 0 2 1 1 0 4
300.0 0 2 1 1 0 4
305.0 0 2 1 1 0 4
310.0 0 3 1 1 0 5
315.0 0 3 1 0 0 4
320.0 0 1 2 1 0 4
325.0 0 1 4 1 0 6
330.0 0 0 5 1 0 6
335.0 0 0 4 1 0 5
340.0 0 0 5 1 0 6
345.0 1 3 5 1 0 10
350.0 1 3 5 2 0 11
355.0 1 3 6 2 0 12
360.0 1 3 6 2 0 12
365.0 4 3 5 2 0 14
370.0 4 4 4 2 0 14
375.0 4 5 6 3 1 19
380.0 4 5 6 3 1 19
385.0 2 6 6 6 1 21
390.0 2 8 6 7 1 24
395.0 3 8 8 5 1 25
400.0 3 8 9 6 1 27
405.0 2 8 11 5 3 29
410.0 2 13 16 6 4 41
415.0 5 12 19 8 5 49
420.0 6 16 19 8 5 54
425.0 6 24 21 9 6 66
430.0 8 22 23 11 6 70
435.0 10 20 23 13 9 75
440.0 14 18 25 12 9 78
445.0 15 19 26 12 9 81
450.0 20 18 30 15 10 93
455.0 22 21 31 18 11 103
460.0 28 24 30 18 10 110
465.0 34 27 31 13 11 116
470.0 36 31 38 14 14 133
475.0 39 29 44 15 14 141
480.0 40 31 42 16 17 146
485.0 43 35 42 16 16 152
490.0 45 41 44 15 15 160
495.0 49 45 45 15 19 173
500.0 54 42 52 16 21 185
505.0 54 46 54 21 26 201
510.0 54 54 55 22 27 212
515.0 55 59 66 23 26 229
520.0 56 64 67 28 30 245
525.0 53 64 76 30 32 255
530.0 56 59 82 29 32 258
535.0 62 61 82 31 31 267
540.0 62 70 87 33 29 281
545.0 60 68 96 37 31 292
550.0 63 78 96 44 31 312
555.0 60 86 96 44 38 324
560.0 62 94 101 47 38 342
565.0 73 96 107 44 41 361
570.0 77 100 113 42 42 374
575.0 72 103 124 44 46 389
580.0 84 101 133 48 48 414
585.0 88 104 128 47 44 411
590.0 96 105 132 51 43 427
595.0 102 107 132 50 44 435
600.0 105 114 141 50 46 456
605.0 113 106 133 54 51 457
610.0 109 108 134 56 51 458
615.0 100 99 131 66 52 448
620.0 106 106 134 63 52 461
625.0 111 104 135 58 57 465
630.0 111 102 132 58 54 457
635.0 116 105 127 59 55 462
640.0 112 114 115 69 53 463
645.0 116 115 110 69 51 461
650.0 115 121 107 68 50 461
655.0 115 119 103 66 50 453
660.0 106 108 109 75 50 448
665.0 97 108 116 68 45 434
670.0 95 108 119 66 45 433
675.0 100 107 127 61 44 439
680.0 101 108 125 59 42 435
685.0 99 109 124 61 38 431
690.0 99 99 123 58 37 416
695.0 105 90 121 57 36 409
700.0 112 92 122 52 39 417
705.0 104 92 117 50 43 406
710.0 98 97 114 51 41 401
715.0 90 97 115 46 38 386
720.0 85 99 114 52 41 391
725.0 80 107 107 51 42 387
730.0 83 106 107 46 37 379
735.0 89 102 99 39 39 368
740.0 87 94 96 43 41 361
745.0 98 83 87 40 45 353
750.0 97 78 86 44 44 349
755.0 92 82 74 46 43 337
760.0 88 82 76 44 46 336
765.0 77 76 86 52 39 330
770.0 77 74 92 51 42 336
775.0 75 70 92 51 41 329
780.0 69 68 90 51 44 322
785.0 73 70 88 47 44 322
790.0 70 76 85 51 45 327
795.0 78 75 87 55 43 338
800.0 77 78 84 60 44 343
805.0 80 75 92 60 41 348
810.0 76 75 94 60 41 346
815.0 77 80 95 59 41 352
820.0 73 81 98 56 38 346
825.0 68 81 107 57 36 349
830.0 69 77 108 61 36 351
835.0 72 75 111 64 42 364
840.0 77 75 112 57 40 361
845.0 79 80 113 59 42 373
850.0 89 81 112 49 41 372
855.0 92 86 126 46 42 392
860.0 92 92 123 44 36 387
865.0 94 97 113 48 36 388
870.0 92 93 117 46 35 383
875.0 94 98 121 46 36 395
880.0 92 97 117 55 38 399
885.0 98 102 122 57 35 414
890.0 101 102 124 55 37 419
895.0 96 98 119 56 36 405
900.0 95 99 115 59 41 409
905.0 99 94 115 62 42 412
910.0 94 102 115 62 44 417
915.0 92 114 121 63 43 433
920.0 100 114 123 57 42 436
925.0 99 113 123 51 38 424
930.0 102 109 124 50 36 421
935.0 100 109 130 58 33 430
940.0 100 109 123 60 33 425
945.0 105 107 114 62 32 420
950.0 96 103 106 71 37 413
955.0 96 106 112 71 36 421
960.0 95 109 110 71 37 422
965.0 104 108 122 67 40 441
970.0 101 108 132 65 41 447
975.0 106 104 128 66 40 444
980.0 103 103 139 66 41 452
985.0 99 109 139 62 36 445
990.0 109 104 124 59 38 434
995.0 107 109 123 62 40 441
1000.0 107 108 127 64 38 444
1005.0 100 111 140 69 37 457
1010.0 100 108 131 71 40 450
1015.0 97 104 131 72 42 446
1020.0 104 105 130 70 44 453
1025.0 98 109 142 66 43 458
1030.0 100 108 153 57 42 460
1035.0 103 111 148 56 47 465
1040.0 94 116 146 58 52 466
1045.0 98 117 135 59 48 457
1050.0 96 111 139 58 51 455
1055.0 97 100 152 62 56 467
1060.0 95 104 148 60 54 461
1065.0 93 112 146 57 55 463
1070.0 94 118 145 56 55 468
1075.0 101 119 139 51 57 467
1080.0 92 125 133 57 53 460
1085.0 94 129 126 57 55 461
1090.0 101 126 127 58 58 470
1095.0 107 123 135 55 57 477
1100.0 99 117 148 66 58 488
1105.0 100 131 155 62 59 507
1110.0 98 130 155 60 59 502
1115.0 102 127 158 58 55 500
1120.0 100 123 156 67 54 500
1125.0 109 122 155 67 55 508
1130.0 106 118 152 69 57 502
1135.0 108 119 155 72 56 510
1140.0 107 125 148 67 61 508
1145.0 100 124 154 64 56 498
1150.0 99 116 162 63 56 496
1155.0 96 107 165 65 52 485
1160.0 99 104 169 65 48 485
1165.0 104 111 163 67 42 487
1170.0 105 106 159 60 45 475
1175.0 106 103 136 63 46 454
1180.0 97 101 133 61 51 443
1185.0 93 96 139 60 50 438
1190.0 98 92 135 62 50 437
1195.0 89 92 132 66 47 426
1200.0 82 91 111 65 43 392
1205.0 75 96 111 61 42 385
1210.0 81 92 106 58 35 372
1215.0 79 89 104 64 35 371
1220.0 76 86 95 65 32 354
1225.0 79 78 92 59 33 341
1230.0 70 73 90 51 27 311
1235.0 77 68 83 46 24 298
1240.0 75 62 89 41 25 292
1245.0 67 54 84 42 24 271
1250.0 61 62 77 34 23 257
1255.0 55 61 65 32 23 236
1260.0 51 54 55 31 22 213
1265.0 55 52 53 28 21 209
1270.0 43 45 57 20 20 185
1275.0 35 44 57 17 19 172
1280.0 31 39 49 16 18 153
1285.0 30 38 45 17 16 146
1290.0 30 31 43 19 14 137
1295.0 31 34 36 16 13 130
1300.0 32 35 32 13 12 124
1305.0 32 34 27 11 10 114
1310.0 25 27 29 10 11 102
1315.0 19 24 29 10 9 91
1320.0 15 20 24 12 7 78
1325.0 14 17 18 10 5 64
1330.0 12 18 18 12 5 65
1335.0 14 17 14 9 7 61
1340.0 9 14 14 9 6 52
1345.0 10 10 12 7 3 42
1350.0 8 10 7 8 3 36
1355.0 7 7 6 6 4 30
1360.0 7 7 6 4 5 29
1365.0 5 6 5 4 3 23
1370.0 5 5 5 2 3 20
1375.0 3 3 7 3 3 19
1380.0 2 3 6 2 2 15
1385.0 2 3 3 2 1 11
1390.0 2 2 4 3 0 11
1395.0 1 2 1 3 0 7
1400.0 1 3 0 2 0 6
1405.0 2 3 0 1 0 6
1410.0 3 1 0 0 0 4
1415.0 2 0 0 0 0 2
1420.0 2 0 0 0 0 2
1425.0 2 0 0 0 0 2
1430.0 2 0 0 0 0 2
1435.0 2 0 0 0 0 2
