5.0 0 0 0 0 0 0
10.0 0 0 0 0 0 0
15.0 0 0 0 0 0 0
20.0 0 0 0 0 0 0
25.0 0 0 0 0 0 0
30.0 0 0 0 0 0 0
35.0 0 0 0 0 0 0
40.0 0 0 0 0 0 0
45.0 0 0 0 0 0 0
50.0 0 0 0 0 0 0
55.0 0 0 0 0 0 0
60.0 0 0 0 0 0 0
65.0 0 0 0 0 0 0
70.0 0 0 0 0 0 0
75.0 0 0 0 0 0 0
80.0 0 0 0 0 0 0
85.0 0 0 0 0 0 0
90.0 0 0 0 0 0 0
95.0 0 0 0 0 0 0
100.0 0 0 0 0 0 0
105.0 0 0 0 0 0 0
110.0 0 0 0 0 0 0
115.0 0 0 0 0 0 0
120.0 0 0 0 0 0 0
125.0 0 0 0 0 0 0
130.0 0 0 0 0 0 0
135.0 0 0 0 0 0 0
140.0 0 0 0 0 0 0
145.0 0 0 0 0 0 0
150.0 0 0 0 0 0 0
155.0 0 0 0 0 0 0
160.0 0 0 0 0 0 0
165.0 0 0 0 0 0 0
170.0 0 0 0 0 0 0
175.0 0 0 0 0 0 0
180.0 0 0 0 0 0 0
185.0 0 0 0 0 0 0
190.0 0 0 0 0 0 0
195.0 0 1 0 0 0 1
200.0 0 1 0 0 0 1
205.0 0 1 0 0 0 1
210.0 0 1 0 0 0 1
215.0 0 1 0 0 0 1
220.0 0 0 0 0 0 0
225.0 0 0 0 0 0 0
230.0 0 0 0 0 0 0
235.0 0 0 0 0 0 0
240.0 0 0 0 1 0 1
245.0 0 0 0 1 0 1
250.0 0 1 0 1 0 2
255.0 0 1 0 1 0 2
260.0 1 1 0 1 0 3
265.0 1 1 0 1 0 3
270.0 1 0 0 1 0 2
275.0 1 0 0 1 0 2
280.0 0 1 1 1 0 3
285.0 0 2 1 1 0 4
290.0 0 2 1 1 0 4
295.0 0 2 0 1 0 3
300.0 1 2 0 0 0 3
305.0 1 2 0 0 0 3
310.0 2 2 0 0 0 4
315.0 2 2 0 1 0 5
320.0 2 2 1 1 0 6
325.0 1 2 2 1 0 6
330.0 1 1 3 2 0 7
335.0 1 1 2 2 0 6
340.0 0 2 2 2 0 6
345.0 1 2 2 2 0 7
350.0 1 2 2 2 0 7
355.0 2 2 3 2 0 9
360.0 4 2 3 1 0 10
365.0 4 4 2 1 0 11
370.0 4 2 1 2 0 9
375.0 3 3 3 2 0 11
380.0 2 3 4 2 0 11
385.0 2 2 5 2 0 11
390.0 3 3 5 2 0 13
395.0 3 2 6 2 0 13
400.0 2 3 7 4 0 16
405.0 3 4 8 4 0 19
410.0 5 6 9 3 0 23
415.0 8 7 8 2 1 26
420.0 9 9 10 1 2 31
425.0 11 9 8 2 2 32
430.0 10 12 7 2 2 33
435.0 8 13 7 4 5 37
440.0 6 11 8 5 5 35
445.0 5 14 10 4 5 38
450.0 7 16 11 3 5 42
455.0 8 16 14 4 5 47
460.0 10 20 15 6 7 58
465.0 9 17 19 7 6 58
470.0 12 21 19 6 6 64
475.0 14 21 24 5 7 71
480.0 14 19 26 6 9 74
485.0 17 21 21 9 9 77
490.0 18 22 27 9 11 87
495.0 15 26 24 9 11 85
500.0 15 30 28 12 12 97
505.0 19 33 29 12 16 109
510.0 18 32 32 17 18 117
515.0 22 33 34 19 18 126
520.0 24 34 36 17 19 130
525.0 30 40 30 19 17 136
530.0 29 45 32 23 20 149
535.0 27 44 36 19 21 147
540.0 27 40 39 22 22 150
545.0 28 40 40 23 19 150
550.0 35 46 44 22 19 166
555.0 34 45 50 22 20 171
560.0 35 44 54 29 22 184
565.0 40 44 54 30 23 191
570.0 45 43 56 24 23 191
575.0 52 43 53 19 25 192
580.0 50 46 55 22 28 201
585.0 47 50 63 17 30 207
590.0 50 51 71 20 31 223
595.0 53 52 72 21 32 230
600.0 58 51 69 19 32 229
605.0 56 44 76 18 36 230
610.0 56 47 79 19 35 236
615.0 52 47 77 19 33 228
620.0 45 46 80 16 32 219
625.0 41 51 79 18 33 222
630.0 39 52 77 18 35 221
635.0 38 54 74 20 32 218
640.0 36 58 78 20 30 222
645.0 38 56 69 18 30 211
650.0 33 60 66 18 30 207
655.0 41 58 71 22 29 221
660.0 38 58 71 27 29 223
665.0 40 59 72 26 26 223
670.0 41 60 68 26 26 221
675.0 43 56 71 22 26 218
680.0 45 55 71 21 23 215
685.0 45 56 68 21 24 214
690.0 51 47 65 20 22 205
695.0 54 53 65 17 23 212
700.0 53 52 69 19 23 216
705.0 48 48 64 24 22 206
710.0 47 55 66 25 21 214
715.0 48 57 70 20 18 213
720.0 45 58 68 21 17 209
725.0 42 53 70 18 18 201
730.0 37 52 65 21 17 192
735.0 35 54 59 23 20 191
740.0 27 53 65 26 20 191
745.0 27 48 58 30 19 182
750.0 28 50 55 30 19 182
755.0 29 50 53 25 19 176
760.0 38 44 52 22 20 176
765.0 41 40 53 19 20 173
770.0 45 38 53 20 21 177
775.0 45 34 50 17 18 164
780.0 51 38 45 17 19 170
785.0 48 37 47 20 19 171
790.0 43 38 47 20 19 167
795.0 44 36 47 21 19 167
800.0 42 36 53 23 15 169
805.0 38 38 51 23 15 165
810.0 37 38 48 26 13 162
815.0 33 39 45 25 12 154
820.0 35 40 43 26 12 156
825.0 35 44 49 28 14 170
830.0 40 43 47 27 14 171
835.0 42 45 44 24 15 170
840.0 42 43 42 23 12 162
845.0 39 44 47 21 11 162
850.0 36 46 52 20 9 163
855.0 36 49 54 21 9 169
860.0 35 53 50 25 11 174
865.0 33 50 48 30 12 173
870.0 40 51 49 32 12 184
875.0 34 49 48 34 12 177
880.0 38 48 52 33 13 184
885.0 40 40 57 33 14 184
890.0 43 43 60 33 15 194
895.0 47 44 64 30 15 200
900.0 46 51 63 27 17 204
905.0 47 45 65 27 19 203
910.0 50 46 71 25 17 209
915.0 50 45 66 25 18 204
920.0 47 48 69 22 19 205
925.0 46 48 68 23 18 203
930.0 44 51 71 22 19 207
935.0 48 43 73 26 18 208
940.0 45 45 73 26 18 207
945.0 42 44 78 23 17 204
950.0 43 43 80 24 16 206
955.0 42 46 77 24 19 208
960.0 44 48 72 26 21 211
965.0 43 52 63 25 22 205
970.0 44 48 68 24 23 207
975.0 45 49 67 22 24 207
980.0 42 57 60 20 25 204
985.0 47 54 66 17 23 207
990.0 47 57 69 19 22 214
995.0 48 61 69 20 19 217
1000.0 45 65 64 19 20 213
1005.0 41 63 63 23 24 214
1010.0 45 64 58 21 23 211
1015.0 51 57 61 22 23 214
1020.0 42 51 65 26 23 207
1025.0 48 51 65 28 21 213
1030.0 41 51 61 26 24 203
1035.0 37 52 57 27 24 197
1040.0 40 52 63 27 23 205
1045.0 46 49 63 31 27 216
1050.0 40 57 68 32 28 225
1055.0 39 60 70 27 26 222
1060.0 38 72 71 24 27 232
1065.0 36 73 73 23 27 232
1070.0 39 71 71 19 24 224
1075.0 39 67 71 19 26 222
1080.0 36 65 78 21 23 223
1085.0 45 64 65 21 22 217
1090.0 47 59 56 22 23 207
1095.0 41 58 52 23 29 203
1100.0 51 63 52 20 31 217
1105.0 56 65 57 25 33 236
1110.0 66 63 60 24 33 246
1115.0 64 64 57 32 33 250
1120.0 59 59 51 38 34 241
1125.0 53 62 52 41 34 242
1130.0 48 59 61 44 37 249
1135.0 45 60 62 48 33 248
1140.0 45 56 61 47 32 241
1145.0 43 55 60 43 34 235
1150.0 41 51 58 45 33 228
1155.0 42 51 57 42 32 224
1160.0 41 51 59 40 31 222
1165.0 42 55 57 36 33 223
1170.0 41 51 54 31 34 211
1175.0 35 49 52 32 32 200
1180.0 34 49 48 28 33 192
1185.0 37 49 49 26 33 194
1190.0 36 48 52 28 33 197
1195.0 38 44 57 25 28 192
1200.0 41 44 55 23 26 189
1205.0 42 40 58 23 23 186
1210.0 41 45 56 21 20 183
1215.0 40 43 53 24 18 178
1220.0 37 40 53 24 16 170
1225.0 39 40 52 19 16 166
1230.0 38 40 46 17 16 157
1235.0 32 36 48 16 16 148
1240.0 30 38 42 20 18 148
1245.0 31 36 32 19 18 136
1250.0 31 35 32 18 16 132
1255.0 36 31 33 16 18 134
1260.0 29 27 28 16 15 115
1265.0 29 27 26 14 15 111
1270.0 24 22 23 13 12 94
1275.0 20 24 19 10 13 86
1280.0 18 27 16 11 12 84
1285.0 21 28 11 9 12 81
1290.0 20 21 9 9 9 68
1295.0 17 18 6 8 8 57
1300.0 13 20 5 8 8 54
1305.0 8 19 5 5 7 44
1310.0 8 18 3 5 5 39
1315.0 7 17 5 5 4 38
1320.0 6 13 7 3 5 34
1325.0 7 9 7 1 4 28
1330.0 5 7 6 2 4 24
1335.0 4 8 5 0 2 19
1340.0 2 6 6 0 1 15
1345.0 3 3 9 0 1 16
1350.0 3 3 8 0 1 15
1355.0 2 2 11 0 0 15
1360.0 2 2 9 0 0 13
1365.0 2 2 7 0 0 11
1370.0 2 1 7 0 0 10
1375.0 2 1 7 0 0 10
1380.0 1 1 5 0 0 7
1385.0 1 1 4 0 0 6
1390.0 1 2 0 0 0 3
1395.0 1 2 0 0 0 3
1400.0 0 2 0 0 0 2
1405.0 0 0 0 0 0 0
1410.0 0 0 0 0 0 0
1415.0 0 0 0 0 0 0
1420.0 0 0 1 0 0 1
1425.0 0 0 1 0 0 1
1430.0 0 0 0 0 0 0
1435.0 0 0 0 0 0 0
