5.0 0 0 0 0 0 0
10.0 0 0 0 0 0 0
15.0 0 0 0 0 0 0
20.0 0 0 0 0 0 0
25.0 0 0 0 0 0 0
30.0 0 0 0 0 0 0
35.0 0 0 0 0 0 0
40.0 0 0 0 0 0 0
45.0 0 0 0 0 0 0
50.0 0 0 0 0 0 0
55.0 0 0 0 0 0 0
60.0 0 0 0 0 0 0
65.0 0 0 0 0 0 0
70.0 0 0 0 0 0 0
75.0 0 0 0 0 0 0
80.0 0 0 0 0 0 0
85.0 0 0 0 0 0 0
90.0 0 0 0 0 0 0
95.0 0 0 0 0 0 0
100.0 0 0 0 0 0 0
105.0 0 0 0 0 0 0
110.0 0 0 0 0 0 0
115.0 0 0 0 0 0 0
120.0 0 0 0 0 0 0
125.0 0 0 0 0 0 0
130.0 0 0 0 0 0 0
135.0 0 0 0 0 0 0
140.0 0 0 0 0 0 0
145.0 0 0 0 0 0 0
150.0 0 0 0 0 0 0
155.0 0 0 0 0 0 0
160.0 0 0 0 0 0 0
165.0 0 0 0 0 0 0
170.0 0 0 0 0 0 0
175.0 0 0 0 0 0 0
180.0 0 0 0 0 0 0
185.0 0 0 0 0 0 0
190.0 0 0 0 0 0 0
195.0 0 0 0 0 0 0
200.0 0 0 0 0 0 0
205.0 0 0 0 0 0 0
210.0 0 0 0 0 0 0
215.0 0 0 0 0 0 0
220.0 0 0 0 0 0 0
225.0 0 0 0 0 0 0
230.0 0 0 0 0 0 0
235.0 0 0 0 0 0 0
240.0 0 0 0 0 0 0
245.0 0 0 0 0 0 0
250.0 0 0 0 0 0 0
255.0 0 0 0 0 0 0
260.0 0 0 0 0 0 0
265.0 0 0 0 0 0 0
270.0 0 0 0 0 0 0
275.0 0 0 0 0 0 0
280.0 0 0 0 0 0 0
285.0 0 0 1 0 0 1
290.0 0 0 1 0 0 1
295.0 1 0 1 0 0 2
300.0 1 0 1 0 0 2
305.0 0 1 1 0 0 2
310.0 2 1 1 0 0 4
315.0 2 1 1 0 0 4
320.0 2 1 1 0 0 4
325.0 2 1 1 0 0 4
330.0 0 0 3 0 0 3
335.0 0 0 3 0 0 3
340.0 0 1 2 0 0 3
345.0 0 1 2 1 0 4
350.0 0 1 2 1 0 4
355.0 0 4 2 1 0 7
360.0 0 4 2 0 0 6
365.0 1 5 4 0 0 10
370.0 2 6 4 0 0 12
375.0 2 7 5 0 0 14
380.0 1 8 6 0 1 16
385.0 2 8 6 0 1 17
390.0 2 9 4 0 1 16
395.0 3 11 3 0 1 18
400.0 5 10 2 0 1 18
405.0 6 10 2 1 2 21
410.0 6 9 3 1 3 22
415.0 5 9 4 1 3 22
420.0 7 11 3 1 3 25
425.0 5 10 4 1 4 24
430.0 5 9 5 3 4 26
435.0 6 9 6 3 5 29
440.0 9 12 6 4 6 37
445.0 10 15 9 4 6 44
450.0 11 12 10 6 6 45
455.0 11 12 10 9 8 50
460.0 14 13 14 9 9 59
465.0 15 14 18 13 10 70
470.0 15 18 22 14 12 81
475.0 18 19 23 13 13 86
480.0 22 19 24 12 12 89
485.0 20 23 24 13 11 91
490.0 20 24 26 14 11 95
495.0 22 25 29 17 11 104
500.0 25 29 27 18 12 111
505.0 27 29 36 22 15 129
510.0 27 32 42 21 17 139
515.0 27 34 45 21 17 144
520.0 29 38 49 18 17 151
525.0 33 37 47 17 18 152
530.0 34 39 45 21 20 159
535.0 38 45 50 22 23 178
540.0 40 47 53 19 22 181
545.0 40 51 56 18 25 190
550.0 40 50 62 20 25 197
555.0 39 52 66 22 25 204
560.0 42 53 67 30 22 214
565.0 42 55 70 31 23 221
570.0 39 52 71 30 25 217
575.0 40 50 79 29 26 224
580.0 37 40 76 31 24 208
585.0 38 40 82 30 28 218
590.0 43 45 86 28 27 229
595.0 46 54 86 25 23 234
600.0 46 59 85 25 23 238
605.0 48 58 84 26 26 242
610.0 47 55 82 33 28 245
615.0 49 53 80 34 29 245
620.0 57 55 70 36 30 248
625.0 54 63 66 43 27 253
630.0 51 65 63 46 24 249
635.0 54 67 63 46 27 257
640.0 57 65 56 46 24 248
645.0 54 63 59 49 25 250
650.0 54 65 59 47 24 249
655.0 52 64 64 45 25 250
660.0 48 61 69 50 25 253
665.0 48 59 70 45 29 251
670.0 55 58 67 40 30 250
675.0 53 63 63 39 31 249
680.0 52 63 62 44 32 253
685.0 50 59 60 39 28 236
690.0 46 59 64 40 23 232
695.0 51 59 65 36 22 233
700.0 48 60 65 34 23 230
705.0 44 61 66 28 23 222
710.0 47 60 67 28 23 225
715.0 45 62 64 29 23 223
720.0 43 57 70 32 25 227
725.0 51 56 66 36 25 234
730.0 49 60 63 30 26 228
735.0 51 63 63 29 25 231
740.0 46 64 61 29 27 227
745.0 46 54 58 29 27 214
750.0 43 50 56 30 28 207
755.0 41 49 58 27 25 200
760.0 39 44 59 27 22 191
765.0 43 43 58 25 19 188
770.0 42 47 53 23 19 184
775.0 42 47 51 22 19 181
780.0 43 50 49 22 19 183
785.0 46 52 55 25 21 199
790.0 44 53 56 25 18 196
795.0 46 57 52 28 19 202
800.0 38 52 57 33 18 198
805.0 40 54 53 32 21 200
810.0 36 56 53 35 25 205
815.0 34 53 54 35 23 199
820.0 33 57 56 32 20 198
825.0 33 51 53 34 18 189
830.0 36 51 60 34 17 198
835.0 37 48 58 36 19 198
840.0 41 43 58 33 19 194
845.0 44 46 55 30 19 194
850.0 50 50 57 28 19 204
855.0 52 52 60 27 21 212
860.0 54 54 63 26 22 219
865.0 53 55 68 21 21 218
870.0 56 58 68 23 21 226
875.0 51 58 68 27 21 225
880.0 49 56 69 29 20 223
885.0 52 55 71 28 22 228
890.0 47 61 73 30 23 234
895.0 44 58 75 28 24 229
900.0 44 64 69 30 25 232
905.0 49 65 67 28 26 235
910.0 53 68 70 26 26 243
915.0 57 70 64 27 24 242
920.0 54 71 63 26 23 237
925.0 51 70 68 26 20 235
930.0 50 70 65 25 19 229
935.0 47 68 69 25 19 228
940.0 50 65 73 28 22 238
945.0 51 60 77 33 24 245
950.0 49 62 78 30 23 242
955.0 53 62 73 31 22 241
960.0 55 62 75 31 23 246
965.0 53 57 76 31 24 241
970.0 58 55 70 34 26 243
975.0 66 56 72 34 26 254
980.0 69 52 79 40 24 264
985.0 66 52 85 39 22 264
990.0 67 52 82 43 24 268
995.0 67 51 86 35 22 261
1000.0 63 58 84 34 22 261
1005.0 66 57 80 33 21 257
1010.0 67 53 84 33 21 258
1015.0 64 58 86 34 23 265
1020.0 64 56 82 38 25 265
1025.0 63 51 84 38 23 259
1030.0 63 51 82 40 25 261
1035.0 65 59 73 33 24 254
1040.0 72 60 80 30 23 265
1045.0 63 61 78 36 23 261
1050.0 61 58 87 35 26 267
1055.0 57 52 84 37 26 256
1060.0 56 53 83 39 23 254
1065.0 60 57 85 39 21 262
1070.0 59 57 86 41 20 263
1075.0 59 63 78 37 26 263
1080.0 64 70 78 32 30 274
1085.0 69 73 79 27 32 280
1090.0 68 69 85 27 32 281
1095.0 63 72 82 32 33 282
1100.0 62 73 80 34 36 285
1105.0 61 71 74 42 34 282
1110.0 64 72 77 36 34 283
1115.0 71 71 76 34 31 283
1120.0 73 64 74 34 32 277
1125.0 75 64 76 36 30 281
1130.0 76 62 70 40 29 277
1135.0 72 56 64 31 28 251
1140.0 68 55 68 36 31 258
1145.0 66 57 72 35 32 262
1150.0 61 58 78 39 31 267
1155.0 56 62 73 42 32 265
1160.0 56 67 74 44 36 277
1165.0 58 71 76 41 36 282
1170.0 58 73 67 35 36 269
1175.0 59 68 70 34 37 268
1180.0 61 64 63 33 33 254
1185.0 64 64 59 35 34 256
1190.0 67 56 61 32 30 246
1195.0 62 54 63 28 28 235
1200.0 58 52 66 29 29 234
1205.0 59 56 66 31 28 240
1210.0 52 50 64 27 27 220
1215.0 51 50 65 24 29 219
1220.0 44 46 62 24 28 204
1225.0 43 49 56 22 23 193
1230.0 37 42 50 25 22 176
1235.0 38 41 44 26 20 169
1240.0 38 41 42 24 17 162
1245.0 36 37 40 23 17 153
1250.0 33 34 37 23 17 144
1255.0 30 35 33 22 14 134
1260.0 25 32 30 22 13 122
1265.0 22 33 25 18 13 111
1270.0 22 30 17 19 13 101
1275.0 20 26 17 20 10 93
1280.0 20 23 16 18 9 86
1285.0 17 18 15 21 9 80
1290.0 13 17 16 20 6 72
1295.0 12 17 13 12 5 59
1300.0 11 16 9 9 3 48
1305.0 11 15 13 8 3 50
1310.0 10 13 12 7 3 45
1315.0 10 13 12 7 4 46
1320.0 5 11 9 9 3 37
1325.0 7 10 9 8 3 37
1330.0 7 9 6 7 3 32
1335.0 8 10 5 6 2 31
1340.0 11 8 2 4 2 27
1345.0 9 6 4 4 2 25
1350.0 7 4 3 4 2 20
1355.0 6 4 3 4 1 18
1360.0 7 3 4 4 1 19
1365.0 6 2 2 4 1 15
1370.0 5 2 2 4 1 14
1375.0 3 2 2 3 1 11
1380.0 2 2 3 3 1 11
1385.0 1 2 1 1 1 6
1390.0 1 2 2 1 1 7
1395.0 1 1 3 0 1 6
1400.0 2 0 3 0 1 6
1405.0 2 0 2 0 1 5
1410.0 2 1 1 0 0 4
1415.0 1 1 2 0 0 4
1420.0 1 1 1 0 0 3
1425.0 1 0 1 0 0 2
1430.0 1 0 1 0 0 2
1435.0 0 0 0 0 0 0
