5.0 0 0 0 0 0 0
10.0 0 0 0 0 0 0
15.0 0 0 0 0 0 0
20.0 0 0 0 0 0 0
25.0 0 0 0 0 0 0
30.0 0 0 0 0 0 0
35.0 0 0 0 0 0 0
40.0 0 0 0 0 0 0
45.0 0 0 0 0 0 0
50.0 0 0 0 0 0 0
55.0 0 0 0 0 0 0
60.0 0 0 0 0 0 0
65.0 0 0 0 0 0 0
70.0 0 0 0 0 0 0
75.0 0 0 0 0 0 0
80.0 0 0 0 0 0 0
85.0 0 0 0 0 0 0
90.0 0 0 0 0 0 0
95.0 0 0 0 0 0 0
100.0 0 0 0 0 0 0
105.0 0 0 0 0 0 0
110.0 0 0 0 0 0 0
115.0 0 0 0 0 0 0
120.0 0 0 0 0 0 0
125.0 0 0 0 0 0 0
130.0 0 0 0 0 0 0
135.0 0 0 0 0 0 0
140.0 0 0 0 0 0 0
145.0 0 0 0 0 0 0
150.0 0 0 0 0 0 0
155.0 0 0 0 0 0 0
160.0 0 0 0 0 0 0
165.0 0 0 0 0 0 0
170.0 0 0 0 0 0 0
175.0 0 0 0 0 0 0
180.0 0 0 0 0 0 0
185.0 0 0 0 0 0 0
190.0 0 0 0 0 0 0
195.0 0 0 0 0 0 0
200.0 0 0 0 0 0 0
205.0 0 0 0 0 0 0
210.0 0 0 0 0 0 0
215.0 0 0 0 0 0 0
220.0 0 0 0 0 0 0
225.0 0 0 0 0 0 0
230.0 0 0 0 0 0 0
235.0 0 0 0 0 0 0
240.0 0 0 0 0 0 0
245.0 0 0 0 0 0 0
250.0 0 0 0 0 0 0
255.0 0 0 0 0 0 0
260.0 0 0 0 0 0 0
265.0 0 0 0 0 0 0
270.0 0 0 0 0 0 0
275.0 0 0 0 0 0 0
280.0 0 0 0 0 0 0
285.0 0 0 0 0 0 0
290.0 0 0 0 0 0 0
295.0 0 0 0 0 0 0
300.0 0 0 0 0 0 0
305.0 0 0 0 0 0 0
310.0 0 0 0 0 0 0
315.0 0 0 0 0 0 0
320.0 0 0 0 0 0 0
325.0 0 0 0 0 0 0
330.0 0 0 0 0 0 0
335.0 0 0 0 0 0 0
340.0 0 0 0 0 0 0
345.0 0 0 0 0 0 0
350.0 0 0 0 0 0 0
355.0 0 0 0 0 0 0
360.0 0 0 0 0 0 0
365.0 0 0 0 0 0 0
370.0 0 0 0 0 0 0
375.0 0 0 0 0 0 0
380.0 0 0 0 0 0 0
385.0 0 0 0 0 0 0
390.0 0 0 0 0 0 0
395.0 0 0 0 0 0 0
400.0 0 0 0 0 0 0
405.0 0 0 0 0 0 0
410.0 0 0 0 0 0 0
415.0 0 0 0 0 0 0
420.0 0 0 0 0 0 0
425.0 0 0 0 0 0 0
430.0 0 0 0 0 0 0
435.0 0 0 0 0 0 0
440.0 0 0 1 0 0 1
445.0 0 0 1 0 0 1
450.0 1 0 2 0 0 3
455.0 1 0 3 0 0 4
460.0 1 0 3 0 0 4
465.0 1 0 3 0 0 4
470.0 1 0 2 0 0 3
475.0 1 0 2 0 0 3
480.0 1 0 1 0 0 2
485.0 0 0 1 0 0 1
490.0 0 1 1 1 0 3
495.0 0 2 1 1 1 5
500.0 0 2 1 1 1 5
505.0 1 2 1 1 1 6
510.0 2 2 2 1 1 8
515.0 2 2 2 1 1 8
520.0 3 3 1 0 2 9
525.0 3 4 2 0 2 11
530.0 3 3 2 1 2 11
535.0 3 3 3 2 2 13
540.0 4 3 3 2 2 14
545.0 4 2 3 3 1 13
550.0 5 4 4 2 1 16
555.0 6 6 5 1 1 19
560.0 7 5 4 1 1 18
565.0 8 5 4 3 1 21
570.0 7 6 4 3 1 21
575.0 6 6 4 4 1 21
580.0 6 6 5 4 1 22
585.0 6 4 4 3 1 18
590.0 6 4 4 3 1 18
595.0 6 3 4 3 1 17
600.0 6 1 3 3 1 14
605.0 4 1 4 4 2 15
610.0 3 1 3 4 2 13
615.0 4 1 4 5 2 16
620.0 4 1 4 5 2 16
625.0 2 4 2 7 2 17
630.0 0 5 4 7 2 18
635.0 0 6 3 5 2 16
640.0 1 6 4 3 2 16
645.0 1 7 4 3 3 18
650.0 1 5 5 2 3 16
655.0 2 6 6 1 3 18
660.0 2 4 6 1 3 16
665.0 3 7 6 2 3 21
670.0 4 6 7 2 3 22
675.0 5 7 5 2 2 21
680.0 4 6 7 3 2 22
685.0 5 4 9 3 2 23
690.0 4 6 9 2 1 22
695.0 5 6 8 2 1 22
700.0 3 6 10 1 1 21
705.0 3 3 11 1 1 19
710.0 4 3 9 1 1 18
715.0 5 4 10 2 1 22
720.0 5 3 8 2 1 19
725.0 5 3 7 1 1 17
730.0 6 3 7 1 2 19
735.0 9 3 6 1 2 21
740.0 9 3 6 0 2 20
745.0 7 4 6 0 2 19
750.0 7 4 6 0 2 19
755.0 5 5 5 0 1 16
760.0 5 5 3 1 1 15
765.0 5 5 3 1 1 15
770.0 4 5 3 1 1 14
775.0 5 6 3 0 1 15
780.0 5 5 4 1 0 15
785.0 4 2 3 2 0 11
790.0 4 2 4 2 1 13
795.0 6 1 4 1 1 13
800.0 7 4 4 0 1 16
805.0 9 3 4 0 1 17
810.0 7 4 2 2 1 16
815.0 7 5 2 2 1 17
820.0 5 5 5 2 1 18
825.0 5 5 5 1 0 16
830.0 5 3 7 3 0 18
835.0 3 3 8 3 0 17
840.0 3 2 9 0 1 15
845.0 3 2 8 0 2 15
850.0 3 4 8 0 4 19
855.0 3 5 8 1 4 21
860.0 4 5 6 2 4 21
865.0 4 6 5 2 4 21
870.0 3 5 6 4 5 23
875.0 3 5 7 4 5 24
880.0 4 5 7 4 5 25
885.0 4 7 6 6 3 26
890.0 5 8 4 6 3 26
895.0 8 7 4 6 2 27
900.0 8 5 6 7 2 28
905.0 6 6 7 7 2 28
910.0 7 5 8 7 2 29
915.0 6 3 8 8 3 28
920.0 7 5 8 8 3 31
925.0 5 6 8 8 3 30
930.0 5 6 7 6 4 28
935.0 8 5 6 5 4 28
940.0 9 4 7 4 4 28
945.0 10 4 6 3 4 27
950.0 10 4 7 4 4 29
955.0 12 4 8 4 4 32
960.0 11 3 5 5 5 29
965.0 11 3 4 4 4 26
970.0 6 3 6 6 4 25
975.0 6 5 6 6 3 26
980.0 6 5 7 5 3 26
985.0 7 6 7 4 3 27
990.0 7 5 8 2 3 25
995.0 8 6 6 1 3 24
1000.0 8 6 8 3 2 27
1005.0 8 6 9 4 1 28
1010.0 8 8 6 5 1 28
1015.0 7 7 5 4 2 25
1020.0 6 7 5 5 1 24
1025.0 6 7 5 5 0 23
1030.0 4 9 5 5 0 23
1035.0 4 8 6 5 0 23
1040.0 4 8 7 4 0 23
1045.0 5 6 7 2 0 20
1050.0 4 6 6 3 1 20
1055.0 4 7 5 3 1 20
1060.0 5 8 5 3 1 22
1065.0 6 9 7 2 1 25
1070.0 5 10 7 2 1 25
1075.0 4 8 8 3 1 24
1080.0 4 8 10 3 1 26
1085.0 3 7 12 4 0 26
1090.0 4 6 12 3 0 25
1095.0 4 6 10 4 0 24
1100.0 4 6 10 4 0 24
1105.0 4 7 9 3 1 24
1110.0 4 8 9 3 1 25
1115.0 4 9 8 3 1 25
1120.0 4 8 10 3 1 26
1125.0 4 8 9 3 1 25
1130.0 5 8 9 2 1 25
1135.0 6 8 8 2 1 25
1140.0 5 8 8 1 1 23
1145.0 4 7 7 0 1 19
1150.0 4 7 7 0 1 19
1155.0 3 6 7 0 1 17
1160.0 2 6 9 0 2 19
1165.0 2 7 7 0 1 17
1170.0 2 8 5 1 1 17
1175.0 3 8 5 2 0 18
1180.0 3 9 6 2 0 20
1185.0 3 7 5 1 1 17
1190.0 2 6 6 1 2 17
1195.0 2 5 6 1 2 16
1200.0 1 4 6 1 1 13
1205.0 1 3 6 1 2 13
1210.0 1 3 5 1 2 12
1215.0 1 3 5 1 2 12
1220.0 0 2 5 1 2 10
1225.0 0 0 6 2 1 9
1230.0 0 0 5 2 1 8
1235.0 1 0 5 0 1 7
1240.0 2 0 4 0 2 8
1245.0 3 0 3 0 2 8
1250.0 2 1 3 0 2 8
1255.0 2 1 2 0 1 6
1260.0 2 1 2 0 1 6
1265.0 0 1 2 0 1 4
1270.0 0 1 2 0 1 4
1275.0 2 1 1 0 1 5
1280.0 2 1 1 0 0 4
1285.0 2 1 2 0 0 5
1290.0 2 1 2 0 0 5
1295.0 2 1 2 0 0 5
1300.0 1 1 1 0 0 3
1305.0 1 1 1 0 0 3
1310.0 1 1 0 0 0 2
1315.0 0 1 0 1 0 2
1320.0 0 1 0 2 0 3
1325.0 0 1 0 2 0 3
1330.0 0 1 0 2 0 3
1335.0 0 1 0 2 0 3
1340.0 0 1 1 2 0 4
1345.0 0 1 1 1 0 3
1350.0 1 1 1 1 0 4
1355.0 1 0 1 1 0 3
1360.0 1 0 1 0 0 2
1365.0 1 0 1 0 0 2
1370.0 1 0 0 0 1 2
1375.0 0 0 0 0 1 1
1380.0 0 0 0 0 0 0
1385.0 1 0 0 0 0 1
1390.0 1 0 0 0 0 1
1395.0 1 0 0 0 0 1
1400.0 1 0 0 0 0 1
1405.0 1 0 0 0 0 1
1410.0 1 0 0 0 0 1
1415.0 1 0 0 0 0 1
1420.0 0 0 1 0 0 1
1425.0 0 0 1 0 0 1
1430.0 0 0 1 0 0 1
1435.0 0 0 1 0 0 1
