5.0 0 0 0 0 0 0
10.0 0 0 0 0 0 0
15.0 0 0 0 0 0 0
20.0 0 0 0 0 0 0
25.0 0 0 0 0 0 0
30.0 0 0 0 0 0 0
35.0 0 0 0 0 0 0
40.0 0 0 0 0 0 0
45.0 0 0 0 0 0 0
50.0 0 0 0 0 0 0
55.0 0 0 0 0 0 0
60.0 0 0 0 0 0 0
65.0 0 0 0 0 0 0
70.0 0 0 0 0 0 0
75.0 0 0 0 0 0 0
80.0 0 0 0 0 0 0
85.0 0 0 0 0 0 0
90.0 0 0 0 0 0 0
95.0 0 0 0 0 0 0
100.0 0 0 0 0 0 0
105.0 0 0 0 0 0 0
110.0 0 0 0 0 0 0
115.0 0 0 0 0 0 0
120.0 0 0 0 0 0 0
125.0 0 0 0 0 0 0
130.0 0 0 0 0 0 0
135.0 0 0 0 0 0 0
140.0 0 0 0 0 0 0
145.0 0 0 0 0 0 0
150.0 0 0 0 0 0 0
155.0 0 0 0 0 0 0
160.0 0 0 0 0 0 0
165.0 0 0 0 0 0 0
170.0 0 0 0 0 0 0
175.0 0 0 0 0 0 0
180.0 0 0 0 0 0 0
185.0 0 0 0 0 0 0
190.0 0 0 0 0 0 0
195.0 0 0 0 0 0 0
200.0 0 1 0 0 0 1
205.0 0 1 0 0 0 1
210.0 0 1 0 0 0 1
215.0 0 1 0 0 0 1
220.0 0 2 0 0 0 2
225.0 0 2 0 0 0 2
230.0 0 2 0 0 0 2
235.0 0 0 0 0 0 0
240.0 0 0 0 0 0 0
245.0 0 0 0 0 0 0
250.0 0 0 0 0 0 0
255.0 0 1 0 0 0 1
260.0 0 1 0 0 0 1
265.0 0 1 0 0 0 1
270.0 0 0 0 0 0 0
275.0 0 0 0 0 0 0
280.0 0 0 0 0 0 0
285.0 0 0 0 0 0 0
290.0 0 0 0 1 0 1
295.0 0 0 0 1 0 1
300.0 0 0 0 1 0 1
305.0 0 0 0 1 0 1
310.0 1 0 0 1 1 3
315.0 1 0 0 1 1 3
320.0 2 0 0 1 1 4
325.0 3 1 0 1 1 6
330.0 4 1 1 2 1 9
335.0 5 2 1 2 1 11
340.0 5 2 1 2 0 10
345.0 4 3 1 2 0 10
350.0 4 4 1 1 0 10
355.0 4 3 2 1 0 10
360.0 4 2 3 1 1 11
365.0 4 3 3 2 1 13
370.0 4 4 4 2 1 15
375.0 3 5 6 1 1 16
380.0 3 4 6 0 1 14
385.0 5 3 6 0 1 15
390.0 5 6 6 0 1 18
395.0 6 8 7 0 2 23
400.0 7 8 10 1 2 28
405.0 9 10 10 2 3 34
410.0 10 11 11 4 4 40
415.0 12 11 10 5 4 42
420.0 15 14 11 5 4 49
425.0 14 15 13 5 4 51
430.0 14 15 14 7 5 55
435.0 15 18 16 8 5 62
440.0 14 20 21 9 4 68
445.0 17 21 27 9 4 78
450.0 21 22 30 11 4 88
455.0 25 24 31 9 5 94
460.0 28 21 31 11 6 97
465.0 33 25 32 16 8 114
470.0 33 31 39 20 11 134
475.0 33 35 41 21 12 142
480.0 35 39 45 22 15 156
485.0 40 39 48 23 16 166
490.0 39 37 51 27 17 171
495.0 45 42 60 24 15 186
500.0 41 40 63 30 14 188
505.0 50 40 68 31 13 202
510.0 53 39 68 32 18 210
515.0 57 47 73 36 17 230
520.0 57 54 77 39 17 244
525.0 57 63 75 38 21 254
530.0 59 62 81 37 21 260
535.0 59 62 82 38 26 267
540.0 62 68 84 39 26 279
545.0 66 70 97 38 26 297
550.0 68 82 102 44 30 326
555.0 74 83 100 47 30 334
560.0 78 90 104 48 30 350
565.0 82 95 113 47 31 368
570.0 92 98 116 45 32 383
575.0 97 106 113 50 30 396
580.0 93 100 120 58 32 403
585.0 92 105 116 56 34 403
590.0 99 110 112 59 34 414
595.0 91 118 104 57 39 409
600.0 99 120 107 59 43 428
605.0 101 127 114 54 47 443
610.0 104 123 110 56 47 440
615.0 104 119 114 57 50 444
620.0 97 120 124 56 49 446
625.0 94 116 129 52 53 444
630.0 98 116 127 54 52 447
635.0 87 111 134 53 52 437
640.0 93 112 128 55 51 439
645.0 103 112 119 55 49 438
650.0 102 107 119 54 49 431
655.0 101 106 116 58 49 430
660.0 91 110 114 56 48 419
665.0 85 111 121 59 46 422
670.0 88 114 123 62 45 432
675.0 87 111 129 61 45 433
680.0 89 115 122 57 47 430
685.0 89 113 121 57 47 427
690.0 91 105 122 56 47 421
695.0 90 96 125 60 44 415
700.0 94 102 120 60 39 415
705.0 92 103 116 57 39 407
710.0 98 93 122 46 38 397
715.0 92 93 105 45 39 374
720.0 88 93 103 44 32 360
725.0 82 89 107 44 29 351
730.0 75 81 111 45 31 343
735.0 78 79 120 41 32 350
740.0 81 75 121 40 31 348
745.0 71 78 113 41 26 329
750.0 70 81 105 37 25 318
755.0 69 87 97 31 27 311
760.0 70 90 82 38 26 306
765.0 74 90 79 42 30 315
770.0 79 85 82 42 32 320
775.0 79 91 86 40 33 329
780.0 79 90 85 38 34 326
785.0 77 86 89 38 36 326
790.0 77 84 92 41 35 329
795.0 71 78 89 47 35 320
800.0 68 80 87 47 33 315
805.0 67 79 87 46 36 315
810.0 64 79 87 47 37 314
815.0 65 89 84 43 37 318
820.0 64 90 87 38 35 314
825.0 64 86 97 42 33 322
830.0 62 83 103 42 34 324
835.0 57 81 108 39 32 317
840.0 67 74 113 35 34 323
845.0 73 72 108 37 34 324
850.0 75 73 112 43 34 337
855.0 80 78 110 42 32 342
860.0 76 77 112 42 29 336
865.0 78 77 122 32 33 342
870.0 80 80 124 30 35 349
875.0 81 84 120 38 36 359
880.0 80 97 113 48 35 373
885.0 86 103 116 46 37 388
890.0 88 108 112 50 38 396
895.0 88 101 120 51 37 397
900.0 89 101 121 54 39 404
905.0 82 101 124 52 40 399
910.0 85 96 130 52 39 402
915.0 74 97 126 48 42 387
920.0 77 98 129 52 40 396
925.0 84 105 123 55 38 405
930.0 84 108 118 55 40 405
935.0 86 106 119 47 40 398
940.0 87 108 117 47 43 402
945.0 83 106 120 52 45 406
950.0 77 105 121 55 46 404
955.0 84 107 124 52 47 414
960.0 91 107 136 54 46 434
965.0 87 105 131 60 45 428
970.0 88 108 117 65 46 424
975.0 92 107 121 63 47 430
980.0 83 104 125 62 46 420
985.0 97 97 127 60 46 427
990.0 100 102 122 62 45 431
995.0 93 105 128 63 41 430
1000.0 89 106 137 62 40 434
1005.0 89 103 137 61 41 431
1010.0 99 100 139 63 39 440
1015.0 96 92 127 61 40 416
1020.0 100 89 127 63 41 420
1025.0 102 85 130 69 41 427
1030.0 108 89 138 67 41 443
1035.0 110 93 145 61 39 448
1040.0 111 102 136 55 40 444
1045.0 119 109 125 54 40 447
1050.0 110 115 132 59 43 459
1055.0 122 119 128 55 46 470
1060.0 127 118 130 55 50 480
1065.0 119 110 132 54 45 460
1070.0 121 112 134 60 46 473
1075.0 115 111 145 58 44 473
1080.0 109 128 146 68 47 498
1085.0 109 132 143 67 48 499
1090.0 107 121 145 65 52 490
1095.0 98 129 142 64 52 485
1100.0 101 134 152 64 53 504
1105.0 99 143 154 62 53 511
1110.0 99 145 152 57 54 507
1115.0 104 143 151 58 53 509
1120.0 100 136 152 63 56 507
1125.0 96 139 152 60 57 504
1130.0 102 135 145 70 57 509
1135.0 109 127 146 65 57 504
1140.0 101 119 148 70 55 493
1145.0 100 111 157 65 58 491
1150.0 100 107 159 69 59 494
1155.0 98 111 144 73 57 483
1160.0 95 105 139 72 54 465
1165.0 94 104 132 70 54 454
1170.0 95 100 130 72 52 449
1175.0 95 96 133 69 48 441
1180.0 102 99 121 65 46 433
1185.0 94 106 127 66 42 435
1190.0 88 98 128 66 46 426
1195.0 90 95 125 64 43 417
1200.0 82 94 115 62 41 394
1205.0 78 91 114 58 41 382
1210.0 75 92 113 54 33 367
1215.0 72 88 107 52 38 357
1220.0 68 92 101 41 34 336
1225.0 66 86 94 44 33 323
1230.0 60 89 91 41 34 315
1235.0 59 86 86 42 29 302
1240.0 54 74 87 43 26 284
1245.0 50 71 81 45 28 275
1250.0 52 62 77 45 25 261
1255.0 42 59 71 45 22 239
1260.0 35 54 60 40 20 209
1265.0 34 47 62 35 18 196
1270.0 32 37 63 33 20 185
1275.0 29 36 60 28 19 172
1280.0 30 33 61 20 18 162
1285.0 31 31 56 19 15 152
1290.0 28 31 53 14 15 141
1295.0 26 30 42 16 13 127
1300.0 16 23 39 18 14 110
1305.0 14 20 30 15 11 90
1310.0 15 18 28 8 10 79
1315.0 15 20 22 5 11 73
1320.0 13 15 19 6 11 64
1325.0 12 16 19 6 9 62
1330.0 10 17 18 6 8 59
1335.0 7 14 15 4 7 47
1340.0 7 12 11 4 6 40
1345.0 6 10 10 4 4 34
1350.0 4 9 8 3 4 28
1355.0 2 11 8 4 3 28
1360.0 2 11 6 4 3 26
1365.0 5 8 5 4 3 25
1370.0 4 9 5 3 2 23
1375.0 3 4 3 2 2 14
1380.0 6 3 2 1 2 14
1385.0 5 1 1 1 1 9
1390.0 3 1 2 1 2 9
1395.0 2 1 1 1 2 7
1400.0 3 0 2 1 1 7
1405.0 3 0 2 1 1 7
1410.0 2 0 2 1 1 6
1415.0 2 0 2 1 1 6
1420.0 2 1 1 1 1 6
1425.0 1 1 1 1 1 5
1430.0 1 1 1 0 1 4
1435.0 1 1 1 0 1 4
