5.0 0 0 0 0 0 0
10.0 0 0 0 0 0 0
15.0 0 0 0 0 0 0
20.0 0 0 0 0 0 0
25.0 0 0 0 0 0 0
30.0 0 0 0 0 0 0
35.0 0 0 0 0 0 0
40.0 0 0 0 0 0 0
45.0 0 0 0 0 0 0
50.0 0 0 0 0 0 0
55.0 0 0 0 0 0 0
60.0 0 0 0 0 0 0
65.0 0 0 0 0 0 0
70.0 0 0 0 0 0 0
75.0 0 0 0 0 0 0
80.0 0 0 0 0 0 0
85.0 0 0 0 0 0 0
90.0 0 0 0 0 0 0
95.0 0 0 0 0 0 0
100.0 0 0 0 0 0 0
105.0 0 0 0 0 0 0
110.0 0 0 0 0 0 0
115.0 0 0 0 0 0 0
120.0 0 0 0 0 0 0
125.0 0 0 0 0 0 0
130.0 0 0 0 0 0 0
135.0 0 0 0 0 0 0
140.0 0 0 0 0 0 0
145.0 0 0 0 0 0 0
150.0 0 0 0 0 0 0
155.0 0 0 0 0 0 0
160.0 0 0 0 0 0 0
165.0 0 0 0 0 0 0
170.0 0 0 0 0 0 0
175.0 0 0 0 0 0 0
180.0 0 0 0 0 0 0
185.0 0 0 0 0 0 0
190.0 0 0 0 0 0 0
195.0 0 0 0 0 0 0
200.0 0 0 0 0 0 0
205.0 0 0 0 0 0 0
210.0 0 0 0 0 0 0
215.0 0 0 0 0 0 0
220.0 0 0 0 0 0 0
225.0 0 0 0 0 0 0
230.0 0 0 0 0 0 0
235.0 0 0 0 0 0 0
240.0 0 0 0 0 0 0
245.0 0 0 0 0 0 0
250.0 0 0 0 0 0 0
255.0 0 0 0 0 0 0
260.0 0 0 0 0 0 0
265.0 0 0 0 0 0 0
270.0 0 0 0 0 0 0
275.0 0 0 0 0 0 0
280.0 0 0 0 0 0 0
285.0 0 0 0 0 0 0
290.0 0 0 0 0 0 0
295.0 0 0 0 0 0 0
300.0 0 0 0 0 0 0
305.0 0 0 0 0 0 0
310.0 0 0 0 0 0 0
315.0 0 0 0 0 0 0
320.0 0 0 0 0 0 0
325.0 0 0 0 0 0 0
330.0 0 0 0 0 0 0
335.0 0 0 0 0 0 0
340.0 0 0 0 0 0 0
345.0 0 0 0 0 0 0
350.0 0 0 0 0 0 0
355.0 0 0 0 0 0 0
360.0 0 0 0 0 0 0
365.0 0 0 0 0 0 0
370.0 0 0 0 0 0 0
375.0 0 2 0 0 0 2
380.0 0 2 0 0 0 2
385.0 0 2 0 0 0 2
390.0 0 2 1 0 0 3
395.0 0 2 1 0 0 3
400.0 0 2 1 0 0 3
405.0 0 2 1 0 0 3
410.0 1 2 0 0 0 3
415.0 1 1 0 0 0 2
420.0 1 1 0 0 0 2
425.0 0 1 1 0 0 2
430.0 0 1 1 0 0 2
435.0 0 0 1 1 0 2
440.0 0 0 2 1 0 3
445.0 0 0 2 1 0 3
450.0 0 0 3 0 0 3
455.0 0 0 3 0 0 3
460.0 0 1 5 0 0 6
465.0 1 1 6 0 0 8
470.0 3 1 5 0 0 9
475.0 3 1 4 1 0 9
480.0 3 0 4 2 1 10
485.0 3 1 2 2 1 9
490.0 4 1 2 2 1 10
495.0 4 3 2 2 1 12
500.0 4 3 4 3 0 14
505.0 5 4 5 2 0 16
510.0 5 6 5 2 1 19
515.0 5 6 5 2 2 20
520.0 5 4 6 2 2 19
525.0 4 3 6 2 2 17
530.0 5 3 7 1 2 18
535.0 7 2 8 2 1 20
540.0 7 4 7 3 2 23
545.0 8 5 8 4 2 27
550.0 9 6 10 4 2 31
555.0 8 7 10 3 2 30
560.0 7 6 10 3 3 29
565.0 7 5 8 4 3 27
570.0 6 5 8 5 3 27
575.0 8 5 9 4 3 29
580.0 11 6 9 4 3 33
585.0 14 6 6 4 3 33
590.0 15 8 7 3 3 36
595.0 16 8 6 4 3 37
600.0 16 9 6 4 3 38
605.0 16 8 4 7 4 39
610.0 15 9 5 8 5 42
615.0 17 5 5 8 5 40
620.0 15 7 7 6 5 40
625.0 15 8 6 6 5 40
630.0 13 8 8 6 6 41
635.0 12 7 10 7 4 40
640.0 11 9 10 6 4 40
645.0 8 12 11 7 4 42
650.0 6 12 13 8 4 43
655.0 7 10 13 9 5 44
660.0 7 12 13 9 5 46
665.0 6 13 13 7 5 44
670.0 7 12 12 7 5 43
675.0 9 13 11 6 6 45
680.0 9 14 12 6 6 47
685.0 8 13 12 6 6 45
690.0 8 12 14 6 5 45
695.0 7 10 14 5 4 40
700.0 6 9 11 6 5 37
705.0 6 10 9 6 4 35
710.0 5 12 7 4 4 32
715.0 6 13 7 4 4 34
720.0 8 13 7 4 4 36
725.0 9 14 6 4 4 37
730.0 9 13 8 3 5 38
735.0 11 12 11 3 4 41
740.0 12 10 9 3 5 39
745.0 12 11 7 3 5 38
750.0 11 12 6 2 5 36
755.0 13 11 7 3 5 39
760.0 14 8 8 3 4 37
765.0 10 7 9 3 4 33
770.0 11 9 8 2 4 34
775.0 11 10 7 1 3 32
780.0 10 12 6 1 3 32
785.0 8 13 5 3 4 33
790.0 6 12 6 3 4 31
795.0 6 9 5 3 4 27
800.0 7 9 5 2 5 28
805.0 5 7 6 1 5 24
810.0 7 8 6 2 5 28
815.0 7 7 7 2 5 28
820.0 7 7 9 2 5 30
825.0 10 8 10 1 5 34
830.0 8 9 12 1 5 35
835.0 7 9 13 2 4 35
840.0 6 9 12 3 4 34
845.0 6 8 13 4 4 35
850.0 6 7 12 5 4 34
855.0 5 6 14 4 5 34
860.0 4 7 13 4 6 34
865.0 4 8 12 3 6 33
870.0 4 8 13 3 5 33
875.0 4 9 12 3 4 32
880.0 5 9 14 4 3 35
885.0 4 9 13 4 3 33
890.0 6 7 12 5 3 33
895.0 6 8 13 4 3 34
900.0 7 9 11 4 3 34
905.0 9 8 11 3 3 34
910.0 8 8 13 3 3 35
915.0 8 7 9 3 3 30
920.0 8 7 12 5 4 36
925.0 9 6 11 4 5 35
930.0 7 4 14 3 5 33
935.0 5 4 16 2 6 33
940.0 5 5 15 4 5 34
945.0 7 9 14 4 5 39
950.0 7 8 17 4 5 41
955.0 7 8 18 4 5 42
960.0 7 5 18 4 5 39
965.0 7 6 17 5 3 38
970.0 7 7 19 4 4 41
975.0 7 6 19 3 4 39
980.0 6 4 21 3 4 38
985.0 6 3 20 5 4 38
990.0 6 3 16 5 3 33
995.0 7 3 15 6 3 34
1000.0 8 4 16 6 3 37
1005.0 13 5 16 5 2 41
1010.0 14 6 14 5 2 41
1015.0 13 5 14 5 2 39
1020.0 10 8 14 5 2 39
1025.0 7 7 14 5 2 35
1030.0 5 6 13 6 2 32
1035.0 8 6 13 6 1 34
1040.0 9 8 13 5 1 36
1045.0 7 10 14 6 1 38
1050.0 9 10 16 7 2 44
1055.0 10 10 16 9 3 48
1060.0 9 9 18 8 4 48
1065.0 6 9 18 8 4 45
1070.0 8 8 18 6 4 44
1075.0 8 7 14 5 4 38
1080.0 7 8 14 5 3 37
1085.0 7 9 12 4 4 36
1090.0 7 10 11 5 3 36
1095.0 10 9 9 5 3 36
1100.0 11 9 11 6 2 39
1105.0 10 11 9 4 2 36
1110.0 11 11 9 6 2 39
1115.0 9 15 10 7 2 43
1120.0 6 15 10 9 3 43
1125.0 6 14 10 8 4 42
1130.0 10 9 9 9 4 41
1135.0 11 8 10 9 3 41
1140.0 12 9 11 7 3 42
1145.0 12 9 10 5 3 39
1150.0 15 9 10 4 4 42
1155.0 12 9 10 5 4 40
1160.0 11 9 10 5 3 38
1165.0 11 9 10 4 2 36
1170.0 13 9 9 4 3 38
1175.0 13 9 9 4 2 37
1180.0 11 8 11 5 3 38
1185.0 13 8 8 5 4 38
1190.0 11 9 8 4 4 36
1195.0 9 10 8 3 5 35
1200.0 7 9 11 4 4 35
1205.0 5 10 10 4 4 33
1210.0 4 10 11 4 4 33
1215.0 3 8 11 4 4 30
1220.0 2 11 9 3 3 28
1225.0 2 7 9 3 4 25
1230.0 0 6 10 2 5 23
1235.0 0 5 8 2 6 21
1240.0 1 5 9 3 5 23
1245.0 1 4 9 3 5 22
1250.0 1 4 6 3 5 19
1255.0 0 3 7 3 4 17
1260.0 1 4 6 3 3 17
1265.0 1 4 7 3 3 18
1270.0 2 2 5 3 3 15
1275.0 2 3 5 4 2 16
1280.0 3 3 5 3 2 16
1285.0 5 3 4 1 1 14
1290.0 4 4 3 1 1 13
1295.0 4 4 4 1 0 13
1300.0 2 4 4 2 0 12
1305.0 1 2 4 2 0 9
1310.0 0 3 3 2 0 8
1315.0 0 3 3 2 0 8
1320.0 0 3 2 2 1 8
1325.0 2 2 0 0 1 5
1330.0 2 2 0 0 0 4
1335.0 2 3 0 0 0 5
1340.0 2 1 0 0 0 3
1345.0 2 0 0 0 0 2
1350.0 2 0 0 0 0 2
1355.0 2 0 0 0 0 2
1360.0 1 0 0 0 0 1
1365.0 1 0 0 0 0 1
1370.0 1 0 0 0 0 1
1375.0 1 0 0 0 0 1
1380.0 1 0 0 0 0 1
1385.0 1 0 0 0 0 1
1390.0 0 0 0 0 0 0
1395.0 0 0 0 0 0 0
1400.0 0 0 0 0 0 0
1405.0 0 0 0 0 0 0
1410.0 0 0 0 0 0 0
1415.0 0 0 0 0 0 0
1420.0 0 0 0 0 0 0
1425.0 0 0 0 0 0 0
1430.0 0 0 0 0 0 0
1435.0 0 0 0 0 0 0
