5.0 0 0 0 0 0 0
10.0 0 0 0 0 0 0
15.0 0 0 0 0 0 0
20.0 0 0 0 0 0 0
25.0 0 0 0 0 0 0
30.0 0 0 0 0 0 0
35.0 0 0 0 0 0 0
40.0 0 0 0 0 0 0
45.0 0 0 0 0 0 0
50.0 0 0 0 0 0 0
55.0 0 0 0 0 0 0
60.0 0 0 0 0 0 0
65.0 0 0 0 0 0 0
70.0 0 0 0 0 0 0
75.0 0 0 0 0 0 0
80.0 0 0 0 0 0 0
85.0 0 0 0 0 0 0
90.0 0 0 0 0 0 0
95.0 0 0 0 0 0 0
100.0 0 0 0 0 0 0
105.0 0 0 0 0 0 0
110.0 0 0 0 0 0 0
115.0 0 0 0 0 0 0
120.0 0 0 0 0 0 0
125.0 0 0 0 0 0 0
130.0 0 0 0 0 0 0
135.0 0 0 0 0 0 0
140.0 0 0 0 0 0 0
145.0 0 0 0 0 0 0
150.0 0 0 0 0 0 0
155.0 0 0 0 0 0 0
160.0 0 0 0 0 0 0
165.0 0 0 0 0 0 0
170.0 0 0 0 0 0 0
175.0 0 0 0 0 0 0
180.0 0 0 0 0 0 0
185.0 0 0 0 0 0 0
190.0 0 0 0 0 0 0
195.0 0 0 0 0 0 0
200.0 0 0 0 0 0 0
205.0 0 0 0 0 0 0
210.0 0 0 0 0 0 0
215.0 0 0 0 0 0 0
220.0 0 0 0 0 0 0
225.0 0 0 0 0 0 0
230.0 0 0 0 0 0 0
235.0 0 0 0 0 0 0
240.0 0 0 0 0 0 0
245.0 0 0 0 0 0 0
250.0 0 0 0 0 0 0
255.0 0 1 0 0 0 1
260.0 0 1 0 0 0 1
265.0 0 1 0 0 0 1
270.0 0 1 0 0 0 1
275.0 0 1 0 0 0 1
280.0 0 0 0 0 0 0
285.0 0 0 0 0 0 0
290.0 0 0 0 0 0 0
295.0 0 0 0 0 0 0
300.0 0 0 0 0 0 0
305.0 0 0 0 0 0 0
310.0 0 0 0 0 0 0
315.0 0 0 0 0 0 0
320.0 1 0 0 0 0 1
325.0 1 0 0 0 0 1
330.0 1 0 0 0 0 1
335.0 1 0 0 0 0 1
340.0 1 1 0 0 0 2
345.0 1 1 0 0 0 2
350.0 1 1 0 0 0 2
355.0 1 1 0 0 0 2
360.0 1 1 0 0 0 2
365.0 1 1 1 0 0 3
370.0 1 1 1 0 0 3
375.0 1 1 1 0 0 3
380.0 1 1 1 0 0 3
385.0 1 0 0 0 0 1
390.0 1 0 0 0 0 1
395.0 2 0 1 0 0 3
400.0 2 0 1 0 0 3
405.0 2 0 1 0 0 3
410.0 2 0 1 0 0 3
415.0 2 0 0 0 0 2
420.0 1 0 0 0 0 1
425.0 1 2 0 0 0 3
430.0 1 2 0 0 0 3
435.0 1 2 0 0 0 3
440.0 2 2 1 1 0 6
445.0 2 3 2 1 0 8
450.0 2 3 2 1 0 8
455.0 3 3 3 1 0 10
460.0 3 2 2 0 0 7
465.0 2 2 2 1 0 7
470.0 2 3 1 1 0 7
475.0 2 4 1 1 0 8
480.0 2 6 1 1 0 10
485.0 2 6 1 2 0 11
490.0 1 6 1 2 0 10
495.0 1 6 2 2 0 11
500.0 1 6 2 2 0 11
505.0 1 4 2 5 0 12
510.0 2 4 1 4 0 11
515.0 2 4 2 4 0 12
520.0 2 3 2 4 0 11
525.0 3 3 2 3 1 12
530.0 3 3 3 2 1 12
535.0 4 4 2 2 1 13
540.0 4 3 3 2 1 13
545.0 4 4 4 2 1 15
550.0 3 5 3 4 1 16
555.0 4 5 2 4 1 16
560.0 4 6 2 3 1 16
565.0 4 6 3 3 1 17
570.0 5 6 4 1 1 17
575.0 5 7 4 0 1 17
580.0 4 7 4 1 1 17
585.0 5 8 4 1 1 19
590.0 5 8 5 1 1 20
595.0 4 8 6 0 2 20
600.0 4 6 6 0 2 18
605.0 3 5 6 0 2 16
610.0 3 4 6 1 2 16
615.0 2 3 6 2 2 15
620.0 2 4 2 2 2 12
625.0 2 4 2 3 2 13
630.0 2 5 2 2 2 13
635.0 2 7 1 1 2 13
640.0 3 8 3 2 2 18
645.0 3 9 3 2 1 18
650.0 3 10 3 2 1 19
655.0 2 9 5 2 0 18
660.0 2 9 4 3 0 18
665.0 3 7 5 3 1 19
670.0 3 6 4 3 1 17
675.0 3 6 4 3 1 17
680.0 4 5 4 2 1 16
685.0 5 5 5 2 2 19
690.0 6 3 6 2 2 19
695.0 8 4 5 1 2 20
700.0 8 4 4 1 2 19
705.0 4 2 4 1 3 14
710.0 5 2 4 1 2 14
715.0 5 2 4 1 2 14
720.0 5 3 4 0 2 14
725.0 4 3 4 0 2 13
730.0 4 3 5 1 1 14
735.0 4 3 6 0 1 14
740.0 7 2 4 0 1 14
745.0 7 3 3 0 1 14
750.0 5 4 4 1 1 15
755.0 5 4 4 1 1 15
760.0 6 4 2 1 1 14
765.0 6 3 2 2 1 14
770.0 6 3 3 2 1 15
775.0 5 4 3 1 1 14
780.0 6 4 3 0 0 13
785.0 5 2 2 1 1 11
790.0 5 3 4 1 2 15
795.0 4 3 3 1 2 13
800.0 1 3 3 2 2 11
805.0 0 2 3 2 2 9
810.0 0 2 4 2 2 10
815.0 1 2 4 2 1 10
820.0 1 2 4 3 2 12
825.0 1 2 4 4 3 14
830.0 1 1 5 4 3 14
835.0 2 1 5 3 3 14
840.0 3 1 7 3 3 17
845.0 3 3 9 4 3 22
850.0 4 2 9 4 3 22
855.0 7 5 8 1 3 24
860.0 8 6 9 0 3 26
865.0 8 7 9 0 3 27
870.0 7 7 9 0 3 26
875.0 7 7 7 0 3 24
880.0 6 7 7 1 3 24
885.0 5 5 7 2 3 22
890.0 5 5 8 2 3 23
895.0 4 6 7 3 3 23
900.0 4 7 7 3 3 24
905.0 6 7 6 2 3 24
910.0 5 6 5 1 3 20
915.0 6 6 3 1 3 19
920.0 5 5 4 1 3 18
925.0 6 5 3 1 3 18
930.0 6 3 3 3 3 18
935.0 6 3 5 2 2 18
940.0 7 3 5 2 2 19
945.0 7 3 6 3 3 22
950.0 6 3 7 3 2 21
955.0 6 2 8 2 2 20
960.0 6 2 7 2 2 19
965.0 6 1 7 2 1 17
970.0 4 1 7 2 1 15
975.0 3 1 7 2 1 14
980.0 3 1 5 2 1 12
985.0 4 1 3 2 2 12
990.0 5 4 2 3 2 16
995.0 4 4 1 3 2 14
1000.0 3 3 2 3 2 13
1005.0 3 3 3 3 2 14
1010.0 5 3 4 2 2 16
1015.0 5 4 4 2 3 18
1020.0 4 5 4 2 2 17
1025.0 4 5 4 1 1 15
1030.0 4 5 4 0 1 14
1035.0 4 5 5 0 1 15
1040.0 4 3 6 1 0 14
1045.0 2 3 6 3 0 14
1050.0 2 3 6 3 1 15
1055.0 2 2 7 3 1 15
1060.0 4 2 7 2 1 16
1065.0 4 3 8 2 1 18
1070.0 5 3 9 2 1 20
1075.0 5 3 7 2 1 18
1080.0 6 3 7 1 1 18
1085.0 6 3 7 0 1 17
1090.0 5 2 8 0 1 16
1095.0 3 2 10 1 2 18
1100.0 3 2 9 1 1 16
1105.0 3 2 9 1 2 17
1110.0 4 2 5 1 3 15
1115.0 4 2 5 1 3 15
1120.0 3 3 5 1 3 15
1125.0 2 3 5 2 3 15
1130.0 3 5 3 3 3 17
1135.0 3 5 2 3 3 16
1140.0 2 3 2 3 3 13
1145.0 3 4 2 3 3 15
1150.0 3 5 2 2 2 14
1155.0 1 5 4 2 2 14
1160.0 0 5 5 2 2 14
1165.0 0 5 4 2 2 13
1170.0 1 5 5 1 1 13
1175.0 2 7 5 1 1 16
1180.0 2 7 5 1 1 16
1185.0 1 7 5 1 1 15
1190.0 3 6 4 1 1 15
1195.0 5 5 3 1 1 15
1200.0 4 4 2 1 1 12
1205.0 6 5 2 1 1 15
1210.0 5 5 3 1 1 15
1215.0 6 4 3 0 1 14
1220.0 6 2 2 0 1 11
1225.0 4 2 2 0 1 9
1230.0 3 2 2 1 0 8
1235.0 3 3 2 0 0 8
1240.0 3 2 2 0 0 7
1245.0 2 1 2 0 0 5
1250.0 2 1 1 0 0 4
1255.0 0 1 2 0 0 3
1260.0 0 1 2 0 0 3
1265.0 0 1 2 0 0 3
1270.0 0 2 2 0 0 4
1275.0 0 1 4 0 0 5
1280.0 0 1 3 0 0 4
1285.0 0 1 3 0 0 4
1290.0 0 1 2 0 0 3
1295.0 0 1 2 0 0 3
1300.0 0 0 2 1 0 3
1305.0 0 0 2 1 0 3
1310.0 0 0 2 0 0 2
1315.0 0 0 2 0 0 2
1320.0 0 0 2 0 0 2
1325.0 0 0 2 0 0 2
1330.0 0 0 2 0 0 2
1335.0 0 0 2 0 0 2
1340.0 0 0 1 0 0 1
1345.0 0 0 1 0 0 1
1350.0 0 0 1 0 0 1
1355.0 0 0 1 0 0 1
1360.0 0 0 1 0 0 1
1365.0 0 0 1 0 0 1
1370.0 0 0 1 0 0 1
1375.0 0 0 1 0 0 1
1380.0 0 0 1 0 0 1
1385.0 0 1 0 0 0 1
1390.0 0 1 0 0 0 1
1395.0 0 1 0 0 0 1
1400.0 0 1 0 0 0 1
1405.0 0 0 0 0 0 0
1410.0 0 0 0 0 0 0
1415.0 0 0 0 0 0 0
1420.0 0 0 0 0 0 0
1425.0 0 0 0 0 0 0
1430.0 0 0 0 0 0 0
1435.0 0 0 0 0 0 0
