5.0 0 0 0 0 0 0
10.0 0 0 0 0 0 0
15.0 0 0 0 0 0 0
20.0 0 0 0 0 0 0
25.0 0 0 0 0 0 0
30.0 0 0 0 0 0 0
35.0 0 0 0 0 0 0
40.0 0 0 0 0 0 0
45.0 0 0 0 0 0 0
50.0 0 0 0 0 0 0
55.0 0 0 0 0 0 0
60.0 0 0 0 0 0 0
65.0 0 0 0 0 0 0
70.0 0 0 0 0 0 0
75.0 0 0 0 0 0 0
80.0 0 0 0 0 0 0
85.0 0 0 0 0 0 0
90.0 0 0 0 0 0 0
95.0 0 0 0 0 0 0
100.0 0 0 0 0 0 0
105.0 0 0 0 0 0 0
110.0 0 0 0 0 0 0
115.0 0 0 0 0 0 0
120.0 0 0 0 0 0 0
125.0 0 0 0 0 0 0
130.0 0 0 0 0 0 0
135.0 0 0 0 0 0 0
140.0 0 0 0 0 0 0
145.0 0 0 0 0 0 0
150.0 0 0 0 0 0 0
155.0 0 0 0 0 0 0
160.0 0 0 0 0 0 0
165.0 0 0 0 0 0 0
170.0 0 0 0 0 0 0
175.0 0 0 0 0 0 0
180.0 0 0 0 0 0 0
185.0 0 0 0 0 0 0
190.0 0 0 0 0 0 0
195.0 0 0 0 0 0 0
200.0 0 0 0 0 0 0
205.0 0 0 0 0 0 0
210.0 0 0 0 0 0 0
215.0 0 0 0 0 0 0
220.0 0 0 0 0 0 0
225.0 0 0 0 0 0 0
230.0 0 0 0 0 0 0
235.0 0 0 0 0 0 0
240.0 0 0 0 0 0 0
245.0 0 0 0 0 0 0
250.0 0 0 0 0 0 0
255.0 0 0 0 0 0 0
260.0 0 0 0 0 0 0
265.0 0 0 0 0 0 0
270.0 0 0 0 0 0 0
275.0 0 0 0 0 0 0
280.0 0 0 0 0 0 0
285.0 0 0 0 0 0 0
290.0 0 0 0 0 0 0
295.0 0 0 0 0 0 0
300.0 0 0 0 0 0 0
305.0 0 0 0 0 0 0
310.0 0 0 0 0 0 0
315.0 0 0 0 0 0 0
320.0 0 1 0 0 0 1
325.0 0 1 0 0 0 1
330.0 0 1 0 0 0 1
335.0 0 0 1 0 0 1
340.0 1 0 1 0 0 2
345.0 2 0 1 0 0 3
350.0 2 0 1 0 0 3
355.0 2 0 1 0 0 3
360.0 1 0 2 1 0 4
365.0 1 0 2 1 1 5
370.0 1 0 2 1 1 5
375.0 1 0 2 1 1 5
380.0 1 0 1 1 1 4
385.0 2 3 1 1 1 8
390.0 3 3 1 1 1 9
395.0 4 4 2 4 1 15
400.0 6 6 2 4 1 19
405.0 6 5 2 4 2 19
410.0 6 3 4 5 2 20
415.0 7 3 5 6 2 23
420.0 6 4 7 7 2 26
425.0 7 7 5 7 2 28
430.0 6 8 4 9 1 28
435.0 5 11 5 9 2 32
440.0 6 12 4 10 2 34
445.0 8 8 5 13 2 36
450.0 11 8 5 11 3 38
455.0 9 12 5 12 4 42
460.0 13 13 5 10 5 46
465.0 12 14 10 12 5 53
470.0 14 12 10 11 3 50
475.0 15 14 11 11 3 54
480.0 14 14 12 13 3 56
485.0 13 15 15 13 3 59
490.0 9 17 18 14 3 61
495.0 12 20 16 11 3 62
500.0 14 23 17 14 3 71
505.0 14 22 17 15 3 71
510.0 18 21 20 14 4 77
515.0 16 21 23 14 5 79
520.0 18 22 25 13 6 84
525.0 20 23 23 10 6 82
530.0 21 24 23 10 4 82
535.0 20 26 25 8 6 85
540.0 22 27 24 9 7 89
545.0 20 25 27 10 7 89
550.0 21 29 29 9 7 95
555.0 24 35 29 8 8 104
560.0 26 40 30 5 8 109
565.0 29 37 38 7 9 120
570.0 31 35 42 12 8 128
575.0 32 31 45 12 7 127
580.0 31 30 44 12 6 123
585.0 27 27 48 11 9 122
590.0 28 29 49 12 11 129
595.0 31 31 45 14 12 133
600.0 32 34 42 15 14 137
605.0 31 35 38 17 17 138
610.0 34 33 39 15 18 139
615.0 34 31 36 14 17 132
620.0 26 31 38 16 16 127
625.0 27 34 37 14 17 129
630.0 27 37 36 13 19 132
635.0 27 37 36 11 19 130
640.0 26 33 38 12 16 125
645.0 24 32 36 15 16 123
650.0 22 37 36 18 17 130
655.0 20 34 37 21 16 128
660.0 20 38 38 20 14 130
665.0 21 40 39 20 16 136
670.0 28 42 40 16 16 142
675.0 28 38 39 14 16 135
680.0 25 36 40 16 16 133
685.0 28 35 36 16 16 131
690.0 25 34 34 15 16 124
695.0 23 33 36 19 15 126
700.0 22 30 38 22 13 125
705.0 25 29 37 25 12 128
710.0 22 27 37 23 16 125
715.0 19 28 37 19 12 115
720.0 17 30 37 15 10 109
725.0 21 29 32 13 11 106
730.0 17 29 31 11 11 99
735.0 22 30 28 11 11 102
740.0 19 30 31 12 12 104
745.0 20 30 27 10 11 98
750.0 22 23 30 11 12 98
755.0 22 23 26 11 13 95
760.0 19 29 28 11 13 100
765.0 19 27 24 12 14 96
770.0 17 22 29 10 12 90
775.0 20 21 38 9 12 100
780.0 19 17 41 7 13 97
785.0 22 16 43 8 12 101
790.0 25 16 43 7 12 103
795.0 24 17 45 7 11 104
800.0 24 19 39 7 13 102
805.0 20 20 40 10 13 103
810.0 19 24 33 9 13 98
815.0 21 24 32 8 12 97
820.0 21 26 34 8 11 100
825.0 22 29 33 6 10 100
830.0 23 28 31 11 11 104
835.0 27 30 31 12 8 108
840.0 28 26 30 12 9 105
845.0 28 29 31 14 9 111
850.0 29 34 34 11 10 118
855.0 30 34 37 13 7 121
860.0 31 36 34 13 7 121
865.0 25 37 38 17 6 123
870.0 25 38 36 18 4 121
875.0 31 35 37 16 5 124
880.0 35 36 39 13 5 128
885.0 38 32 38 15 5 128
890.0 34 33 42 15 7 131
895.0 33 32 40 15 8 128
900.0 33 35 37 14 9 128
905.0 31 31 39 14 12 127
910.0 30 34 40 15 10 129
915.0 30 40 38 16 10 134
920.0 31 45 40 13 11 140
925.0 29 45 41 16 11 142
930.0 36 48 44 13 11 152
935.0 35 44 45 17 12 153
940.0 35 38 49 20 14 156
945.0 36 34 49 20 15 154
950.0 34 34 49 21 15 153
955.0 32 28 50 18 15 143
960.0 31 32 49 21 13 146
965.0 30 34 50 19 13 146
970.0 29 29 53 19 12 142
975.0 30 31 51 18 12 142
980.0 28 35 56 17 13 149
985.0 27 35 58 16 12 148
990.0 28 39 57 17 13 154
995.0 31 40 55 19 15 160
1000.0 32 41 52 18 14 157
1005.0 31 36 50 17 17 151
1010.0 32 36 44 15 18 145
1015.0 36 38 37 14 17 142
1020.0 37 37 32 16 17 139
1025.0 36 40 37 15 15 143
1030.0 36 41 37 14 15 143
1035.0 31 42 39 19 17 148
1040.0 35 43 41 23 16 158
1045.0 38 41 39 22 17 157
1050.0 35 39 49 19 17 159
1055.0 37 39 50 19 16 161
1060.0 39 36 46 20 16 157
1065.0 40 33 47 21 16 157
1070.0 39 33 48 26 16 162
1075.0 36 33 49 27 16 161
1080.0 35 33 47 28 14 157
1085.0 34 32 45 30 12 153
1090.0 35 31 46 31 13 156
1095.0 34 30 49 33 12 158
1100.0 35 33 49 32 13 162
1105.0 36 34 52 33 11 166
1110.0 38 35 44 28 8 153
1115.0 43 39 46 26 10 164
1120.0 44 44 48 26 11 173
1125.0 44 45 46 25 10 170
1130.0 42 45 46 23 9 165
1135.0 43 48 47 24 9 171
1140.0 41 49 48 20 10 168
1145.0 43 40 50 20 9 162
1150.0 35 32 48 18 10 143
1155.0 28 37 46 21 9 141
1160.0 30 38 47 27 8 150
1165.0 26 37 50 24 11 148
1170.0 27 32 45 23 11 138
1175.0 33 35 49 20 10 147
1180.0 37 38 44 14 10 143
1185.0 32 36 40 16 11 135
1190.0 30 39 39 18 13 139
1195.0 32 43 39 16 13 143
1200.0 29 37 38 17 13 134
1205.0 33 29 37 15 12 126
1210.0 33 29 34 16 9 121
1215.0 31 28 34 16 8 117
1220.0 33 30 31 15 8 117
1225.0 30 29 28 12 7 106
1230.0 30 30 27 13 7 107
1235.0 28 28 28 10 7 101
1240.0 30 26 24 9 7 96
1245.0 28 26 23 7 4 88
1250.0 22 22 27 9 5 85
1255.0 24 19 26 10 4 83
1260.0 26 18 24 10 3 81
1265.0 22 16 25 7 3 73
1270.0 17 15 23 7 2 64
1275.0 13 10 21 8 3 55
1280.0 13 12 20 7 4 56
1285.0 13 11 18 7 4 53
1290.0 10 9 15 5 4 43
1295.0 7 9 12 6 4 38
1300.0 5 9 8 6 3 31
1305.0 4 10 10 5 4 33
1310.0 5 8 12 4 4 33
1315.0 4 9 13 4 4 34
1320.0 4 8 9 3 3 27
1325.0 3 8 5 3 3 22
1330.0 2 7 4 3 3 19
1335.0 2 8 4 1 2 17
1340.0 1 6 5 1 2 15
1345.0 2 5 5 1 4 17
1350.0 2 4 4 1 3 14
1355.0 2 2 5 1 3 13
1360.0 2 2 4 1 3 12
1365.0 1 1 3 1 2 8
1370.0 1 2 2 1 2 8
1375.0 1 1 2 1 2 7
1380.0 1 1 2 1 2 7
1385.0 0 1 2 1 1 5
1390.0 0 1 2 1 0 4
1395.0 0 0 1 0 0 1
1400.0 0 0 1 0 0 1
1405.0 0 0 1 0 0 1
1410.0 1 0 1 0 0 2
1415.0 2 0 2 0 0 4
1420.0 2 0 1 0 0 3
1425.0 1 1 0 0 0 2
1430.0 1 1 0 0 0 2
1435.0 1 1 0 0 0 2
