5.0 0 0 0 0 0 0
10.0 0 0 0 0 0 0
15.0 0 0 0 0 0 0
20.0 0 0 0 0 0 0
25.0 0 0 0 0 0 0
30.0 0 0 0 0 0 0
35.0 0 0 0 0 0 0
40.0 0 0 0 0 0 0
45.0 0 0 0 0 0 0
50.0 0 0 0 0 0 0
55.0 0 0 0 0 0 0
60.0 0 0 0 0 0 0
65.0 0 0 0 0 0 0
70.0 0 0 0 0 0 0
75.0 0 0 0 0 0 0
80.0 0 0 0 0 0 0
85.0 0 0 0 0 0 0
90.0 0 0 0 0 0 0
95.0 0 0 0 0 0 0
100.0 0 0 0 0 0 0
105.0 0 0 0 0 0 0
110.0 0 0 0 0 0 0
115.0 0 0 0 0 0 0
120.0 0 0 0 0 0 0
125.0 0 0 0 0 0 0
130.0 0 0 0 0 0 0
135.0 0 0 0 0 0 0
140.0 0 0 0 0 0 0
145.0 0 0 0 0 0 0
150.0 0 0 0 0 0 0
155.0 0 0 0 0 0 0
160.0 0 0 0 0 0 0
165.0 0 0 0 0 0 0
170.0 0 0 0 0 0 0
175.0 0 0 0 0 0 0
180.0 0 0 0 0 0 0
185.0 0 0 0 0 0 0
190.0 0 0 0 0 0 0
195.0 0 0 0 0 0 0
200.0 0 0 0 0 0 0
205.0 0 0 0 0 0 0
210.0 0 0 0 0 0 0
215.0 0 0 0 0 0 0
220.0 0 0 0 0 0 0
225.0 0 0 0 0 0 0
230.0 0 0 0 0 0 0
235.0 0 0 0 0 0 0
240.0 0 0 0 0 0 0
245.0 0 0 0 0 0 0
250.0 0 0 0 0 0 0
255.0 0 0 0 0 0 0
260.0 0 0 0 0 0 0
265.0 0 0 0 0 0 0
270.0 1 0 0 0 0 1
275.0 1 0 0 0 0 1
280.0 1 0 0 0 0 1
285.0 1 1 0 0 0 2
290.0 1 2 0 0 0 3
295.0 0 2 0 1 0 3
300.0 0 3 0 1 0 4
305.0 0 2 1 1 1 5
310.0 0 2 1 1 1 5
315.0 0 3 1 1 1 6
320.0 0 3 1 1 1 6
325.0 0 1 0 0 1 2
330.0 1 1 0 0 1 3
335.0 1 0 1 0 1 3
340.0 1 0 1 0 1 3
345.0 1 2 1 0 1 5
350.0 1 2 2 0 1 6
355.0 2 2 2 0 1 7
360.0 2 3 2 0 1 8
365.0 2 4 2 0 1 9
370.0 2 4 2 0 2 10
375.0 4 3 3 1 1 12
380.0 5 3 4 2 1 15
385.0 5 2 4 2 2 15
390.0 4 2 5 2 2 15
395.0 7 2 5 2 2 18
400.0 8 5 6 2 2 23
405.0 9 6 7 3 3 28
410.0 9 6 8 2 4 29
415.0 7 8 9 4 4 32
420.0 6 7 10 5 5 33
425.0 8 7 14 5 5 39
430.0 7 8 14 8 5 42
435.0 6 8 15 12 6 47
440.0 10 9 15 12 6 52
445.0 15 9 16 10 6 56
450.0 20 9 15 8 7 59
455.0 25 10 17 8 7 67
460.0 23 12 20 10 9 74
465.0 26 16 18 10 9 79
470.0 24 18 21 9 10 82
475.0 25 17 21 12 12 87
480.0 25 15 23 17 12 92
485.0 30 19 29 16 15 109
490.0 33 22 32 19 16 122
495.0 33 26 33 22 14 128
500.0 34 24 37 18 11 124
505.0 36 24 43 19 12 134
510.0 35 23 46 20 15 139
515.0 36 28 51 23 15 153
520.0 37 32 54 25 17 165
525.0 39 41 52 22 19 173
530.0 45 51 57 19 19 191
535.0 47 56 53 16 19 191
540.0 41 56 53 17 20 187
545.0 38 63 53 19 20 193
550.0 37 71 50 22 19 199
555.0 35 73 53 21 21 203
560.0 36 77 60 23 21 217
565.0 37 73 64 24 20 218
570.0 39 73 66 29 20 227
575.0 44 74 70 30 22 240
580.0 45 74 66 31 23 239
585.0 43 69 66 31 25 234
590.0 49 66 69 35 26 245
595.0 50 67 78 37 27 259
600.0 48 64 78 34 28 252
605.0 58 64 81 33 28 264
610.0 58 64 84 31 29 266
615.0 61 62 87 31 35 276
620.0 61 64 86 34 34 279
625.0 56 62 85 37 41 281
630.0 52 62 85 38 46 283
635.0 49 60 89 39 44 281
640.0 53 58 90 39 43 283
645.0 54 57 89 40 42 282
650.0 54 54 87 39 40 274
655.0 52 49 86 40 39 266
660.0 47 51 85 37 37 257
665.0 48 50 84 40 36 258
670.0 48 54 80 42 35 259
675.0 48 59 74 38 29 248
680.0 48 60 77 33 31 249
685.0 49 56 77 35 31 248
690.0 44 52 72 38 33 239
695.0 43 60 72 36 34 245
700.0 41 60 69 36 31 237
705.0 38 64 68 42 31 243
710.0 37 61 65 43 32 238
715.0 42 65 62 38 31 238
720.0 47 66 59 34 31 237
725.0 48 68 50 34 29 229
730.0 53 62 47 35 27 224
735.0 55 61 49 37 24 226
740.0 49 58 47 39 23 216
745.0 53 57 50 35 23 218
750.0 55 54 48 28 23 208
755.0 56 52 45 23 23 199
760.0 54 48 45 20 21 188
765.0 54 47 45 23 21 190
770.0 54 52 49 21 24 200
775.0 53 49 46 21 25 194
780.0 53 54 47 20 24 198
785.0 57 53 45 18 25 198
790.0 51 48 48 19 26 192
795.0 48 45 51 18 25 187
800.0 51 38 51 23 24 187
805.0 47 37 57 23 24 188
810.0 44 42 60 21 24 191
815.0 49 42 61 16 22 190
820.0 49 46 62 14 22 193
825.0 46 50 61 15 22 194
830.0 46 55 62 20 22 205
835.0 47 52 60 19 21 199
840.0 49 52 61 21 21 204
845.0 47 49 64 23 22 205
850.0 43 41 65 27 21 197
855.0 43 42 60 31 22 198
860.0 39 45 58 32 18 192
865.0 39 44 58 32 19 192
870.0 45 47 65 31 20 208
875.0 44 43 69 32 20 208
880.0 45 42 68 37 19 211
885.0 43 43 67 37 22 212
890.0 50 47 60 36 20 213
895.0 55 48 55 38 20 216
900.0 56 47 58 34 24 219
905.0 57 53 64 33 25 232
910.0 57 52 63 40 27 239
915.0 57 53 64 39 30 243
920.0 54 56 61 36 27 234
925.0 52 62 59 38 30 241
930.0 52 64 66 38 30 250
935.0 51 64 71 35 28 249
940.0 50 59 66 35 25 235
945.0 51 57 68 40 26 242
950.0 55 55 71 39 22 242
955.0 56 56 74 40 25 251
960.0 60 53 72 34 25 244
965.0 58 48 68 39 25 238
970.0 56 46 71 40 25 238
975.0 53 42 76 38 24 233
980.0 52 39 72 38 27 228
985.0 55 44 67 37 29 232
990.0 56 47 66 36 27 232
995.0 60 54 68 31 27 240
1000.0 62 56 69 32 27 246
1005.0 58 57 69 29 31 244
1010.0 56 55 70 34 30 245
1015.0 61 48 74 35 32 250
1020.0 56 51 77 36 32 252
1025.0 55 56 74 35 33 253
1030.0 55 60 68 34 30 247
1035.0 61 58 65 30 30 244
1040.0 58 56 65 31 29 239
1045.0 56 57 56 29 29 227
1050.0 55 60 72 28 25 240
1055.0 55 57 75 23 24 234
1060.0 55 61 75 27 24 242
1065.0 60 55 78 25 23 241
1070.0 59 51 80 27 24 241
1075.0 57 48 81 24 26 236
1080.0 59 45 80 26 28 238
1085.0 64 46 81 26 27 244
1090.0 63 47 82 25 23 240
1095.0 61 54 72 25 22 234
1100.0 55 50 77 25 21 228
1105.0 61 52 77 26 22 238
1110.0 58 59 95 26 25 263
1115.0 62 59 93 29 24 267
1120.0 65 61 93 26 27 272
1125.0 64 65 93 30 29 281
1130.0 61 66 89 28 29 273
1135.0 62 67 93 29 28 279
1140.0 63 66 84 29 27 269
1145.0 63 66 85 38 26 278
1150.0 57 69 82 37 26 271
1155.0 58 67 80 38 28 271
1160.0 57 72 80 39 28 276
1165.0 58 68 87 38 29 280
1170.0 61 66 85 42 29 283
1175.0 60 64 82 42 29 277
1180.0 58 67 73 41 30 269
1185.0 57 68 73 38 31 267
1190.0 47 67 65 39 27 245
1195.0 53 62 60 42 25 242
1200.0 53 59 57 38 24 231
1205.0 48 63 56 40 23 230
1210.0 48 57 54 31 23 213
1215.0 46 48 54 28 24 200
1220.0 41 47 54 25 21 188
1225.0 36 47 48 28 23 182
1230.0 31 48 44 27 22 172
1235.0 31 44 49 22 22 168
1240.0 31 41 52 23 22 169
1245.0 30 33 45 21 19 148
1250.0 32 27 39 20 18 136
1255.0 37 26 34 18 15 130
1260.0 29 24 31 16 12 112
1265.0 24 24 33 13 10 104
1270.0 25 19 34 11 9 98
1275.0 20 14 32 9 10 85
1280.0 20 14 29 8 9 80
1285.0 19 11 27 6 9 72
1290.0 15 13 21 6 8 63
1295.0 12 13 18 6 8 57
1300.0 8 10 17 9 5 49
1305.0 10 13 14 8 4 49
1310.0 8 11 16 4 2 41
1315.0 6 10 19 3 2 40
1320.0 8 10 14 5 2 39
1325.0 8 8 11 4 2 33
1330.0 10 4 10 4 2 30
1335.0 9 5 10 4 2 30
1340.0 9 4 9 2 0 24
1345.0 7 4 7 1 0 19
1350.0 7 4 6 1 0 18
1355.0 5 4 6 1 0 16
1360.0 3 2 8 0 0 13
1365.0 2 3 8 0 1 14
1370.0 2 3 7 0 1 13
1375.0 2 4 7 1 1 15
1380.0 2 3 4 0 0 9
1385.0 2 3 4 0 1 10
1390.0 2 3 4 1 1 11
1395.0 2 3 4 1 1 11
1400.0 2 2 4 1 1 10
1405.0 1 2 4 1 1 9
1410.0 1 2 3 1 1 8
1415.0 2 2 2 1 1 8
1420.0 2 1 1 1 0 5
1425.0 1 0 1 0 0 2
1430.0 1 0 1 0 0 2
1435.0 1 0 1 0 0 2
