5.0 0 0 0 0 0 0
10.0 0 0 0 0 0 0
15.0 0 0 0 0 0 0
20.0 0 0 0 0 0 0
25.0 0 0 0 0 0 0
30.0 0 0 0 0 0 0
35.0 0 0 0 0 0 0
40.0 0 0 0 0 0 0
45.0 0 0 0 0 0 0
50.0 0 0 0 0 0 0
55.0 0 0 0 0 0 0
60.0 0 0 0 0 0 0
65.0 0 0 0 0 0 0
70.0 0 0 0 0 0 0
75.0 0 0 0 0 0 0
80.0 0 0 0 0 0 0
85.0 0 0 0 0 0 0
90.0 0 0 0 0 0 0
95.0 0 0 0 0 0 0
100.0 0 0 0 0 0 0
105.0 0 0 0 0 0 0
110.0 0 0 0 0 0 0
115.0 0 0 0 0 0 0
120.0 0 0 0 0 0 0
125.0 0 0 0 0 0 0
130.0 0 0 0 0 0 0
135.0 0 0 0 0 0 0
140.0 0 0 0 0 0 0
145.0 0 0 0 0 0 0
150.0 0 0 0 0 0 0
155.0 0 0 0 0 0 0
160.0 0 0 0 0 0 0
165.0 0 0 0 0 0 0
170.0 0 0 0 0 0 0
175.0 0 0 0 0 0 0
180.0 0 0 0 0 0 0
185.0 0 0 0 0 0 0
190.0 0 0 0 0 0 0
195.0 0 0 0 0 0 0
200.0 0 0 0 0 0 0
205.0 0 0 0 0 0 0
210.0 0 0 0 0 0 0
215.0 0 0 0 0 0 0
220.0 0 0 0 0 0 0
225.0 0 0 0 0 0 0
230.0 0 0 0 0 0 0
235.0 0 0 0 0 0 0
240.0 0 0 0 0 0 0
245.0 0 0 0 0 0 0
250.0 0 0 1 0 0 1
255.0 0 0 1 0 0 1
260.0 0 0 1 0 0 1
265.0 0 0 1 0 0 1
270.0 0 0 1 0 1 2
275.0 0 0 2 0 1 3
280.0 0 0 2 0 1 3
285.0 0 0 2 0 1 3
290.0 0 0 2 0 1 3
295.0 0 0 2 0 1 3
300.0 0 0 2 0 1 3
305.0 1 0 2 0 1 4
310.0 1 0 2 0 1 4
315.0 1 0 2 0 1 4
320.0 1 0 3 0 1 5
325.0 1 0 3 1 1 6
330.0 2 0 3 1 1 7
335.0 2 1 4 1 1 9
340.0 2 1 4 1 2 10
345.0 2 1 5 0 2 10
350.0 3 1 6 0 2 12
355.0 3 3 6 1 2 15
360.0 2 3 6 1 2 14
365.0 3 5 9 4 2 23
370.0 4 6 9 4 2 25
375.0 4 8 9 4 3 28
380.0 4 9 7 4 4 28
385.0 4 7 9 6 4 30
390.0 5 7 10 4 4 30
395.0 6 7 10 6 4 33
400.0 6 7 11 6 4 34
405.0 6 8 10 6 4 34
410.0 6 8 10 6 5 35
415.0 7 8 16 4 6 41
420.0 10 8 14 6 6 44
425.0 11 6 16 8 7 48
430.0 14 6 17 9 6 52
435.0 19 6 20 8 8 61
440.0 22 7 20 8 8 65
445.0 22 9 22 9 10 72
450.0 21 13 23 9 10 76
455.0 23 15 26 9 11 84
460.0 21 17 32 13 11 94
465.0 25 20 35 14 12 106
470.0 32 19 41 18 11 121
475.0 39 23 36 18 13 129
480.0 41 26 39 18 14 138
485.0 47 28 40 19 15 149
490.0 44 32 43 19 16 154
495.0 45 30 42 18 16 151
500.0 46 30 45 18 17 156
505.0 43 30 46 20 21 160
510.0 41 38 49 22 21 171
515.0 39 47 49 25 21 181
520.0 42 53 50 27 24 196
525.0 45 53 51 25 24 198
530.0 47 60 56 30 27 220
535.0 52 63 60 29 25 229
540.0 48 61 69 30 23 231
545.0 50 65 72 28 27 242
550.0 53 70 73 29 26 251
555.0 57 75 73 31 26 262
560.0 53 72 78 36 29 268
565.0 56 78 83 35 28 280
570.0 64 82 87 37 30 300
575.0 65 80 90 40 32 307
580.0 74 80 99 40 30 323
585.0 74 85 100 41 30 330
590.0 75 88 104 38 33 338
595.0 82 88 104 41 34 349
600.0 86 87 108 39 35 355
605.0 84 85 102 37 35 343
610.0 73 84 108 41 36 342
615.0 72 86 101 43 38 340
620.0 79 88 97 50 42 356
625.0 87 89 98 50 41 365
630.0 88 92 100 54 42 376
635.0 83 100 94 56 45 378
640.0 81 100 93 56 45 375
645.0 76 101 101 59 47 384
650.0 74 97 103 55 47 376
655.0 70 98 109 58 45 380
660.0 73 96 111 57 42 379
665.0 72 93 107 55 43 370
670.0 74 92 116 53 42 377
675.0 80 91 119 46 42 378
680.0 79 96 116 47 41 379
685.0 80 93 113 42 44 372
690.0 86 85 106 48 44 369
695.0 83 94 100 45 42 364
700.0 75 89 95 46 43 348
705.0 73 84 94 40 43 334
710.0 74 82 86 40 42 324
715.0 69 79 80 38 39 305
720.0 70 74 82 41 40 307
725.0 68 74 80 41 38 301
730.0 62 74 83 44 37 300
735.0 57 69 94 42 34 296
740.0 63 61 95 39 32 290
745.0 67 57 92 37 33 286
750.0 66 59 94 39 34 292
755.0 64 56 97 37 32 286
760.0 66 52 92 40 33 283
765.0 58 53 88 37 33 269
770.0 55 49 86 39 31 260
775.0 56 52 90 37 32 267
780.0 59 52 86 38 34 269
785.0 56 58 91 34 33 272
790.0 54 58 83 31 32 258
795.0 57 57 77 31 35 257
800.0 57 51 75 34 35 252
805.0 49 59 70 39 37 254
810.0 50 61 68 38 36 253
815.0 46 67 69 38 37 257
820.0 47 67 74 38 38 264
825.0 65 67 70 33 37 272
830.0 68 65 75 30 37 275
835.0 62 62 75 37 42 278
840.0 60 59 80 40 45 284
845.0 64 68 92 37 45 306
850.0 59 72 84 36 45 296
855.0 56 74 88 37 46 301
860.0 66 71 78 33 48 296
865.0 64 72 71 35 46 288
870.0 58 73 74 41 49 295
875.0 59 76 80 41 48 304
880.0 59 76 89 47 44 315
885.0 56 78 99 48 40 321
890.0 60 81 102 47 38 328
895.0 64 82 100 47 35 328
900.0 66 82 103 43 32 326
905.0 66 80 102 41 31 320
910.0 68 87 110 45 32 342
915.0 76 90 108 42 37 353
920.0 78 87 103 40 41 349
925.0 74 86 100 38 41 339
930.0 76 89 95 41 39 340
935.0 76 81 90 45 41 333
940.0 77 81 86 47 45 336
945.0 81 84 86 48 44 343
950.0 89 85 88 45 46 353
955.0 89 82 89 48 42 350
960.0 89 81 95 48 44 357
965.0 87 84 97 51 45 364
970.0 90 85 93 55 45 368
975.0 90 89 101 54 44 378
980.0 89 90 95 48 45 367
985.0 73 95 96 50 40 354
990.0 64 93 99 49 38 343
995.0 70 88 98 48 37 341
1000.0 69 91 102 43 39 344
1005.0 68 96 99 41 46 350
1010.0 67 99 99 42 49 356
1015.0 75 94 102 43 50 364
1020.0 79 96 98 42 49 364
1025.0 72 84 98 42 49 345
1030.0 71 80 96 40 49 336
1035.0 82 73 103 41 48 347
1040.0 86 74 98 40 46 344
1045.0 90 77 100 39 45 351
1050.0 98 82 107 38 45 370
1055.0 97 81 106 40 48 372
1060.0 104 85 104 39 48 380
1065.0 106 92 99 41 44 382
1070.0 115 88 101 43 44 391
1075.0 119 90 101 41 49 400
1080.0 120 84 108 38 50 400
1085.0 114 79 118 41 45 397
1090.0 104 98 124 43 44 413
1095.0 101 98 118 51 42 410
1100.0 104 103 119 50 37 413
1105.0 98 103 123 53 32 409
1110.0 104 113 123 48 33 421
1115.0 102 113 115 51 32 413
1120.0 105 111 119 46 33 414
1125.0 103 108 121 47 32 411
1130.0 90 102 118 54 29 393
1135.0 91 109 112 55 29 396
1140.0 85 108 116 43 34 386
1145.0 92 105 113 44 37 391
1150.0 92 104 117 45 41 399
1155.0 89 99 117 41 40 386
1160.0 89 93 118 36 41 377
1165.0 84 91 114 38 37 364
1170.0 86 89 109 44 39 367
1175.0 88 89 114 43 41 375
1180.0 85 83 116 44 39 367
1185.0 82 76 114 45 40 357
1190.0 75 74 124 48 38 359
1195.0 66 78 114 48 37 343
1200.0 67 82 118 41 36 344
1205.0 70 83 109 40 37 339
1210.0 60 75 104 44 39 322
1215.0 57 75 103 34 40 309
1220.0 51 72 99 36 38 296
1225.0 41 67 97 31 36 272
1230.0 38 60 95 32 35 260
1235.0 47 62 89 26 32 256
1240.0 42 68 79 25 27 241
1245.0 41 65 76 25 23 230
1250.0 37 63 78 25 23 226
1255.0 37 55 71 24 21 208
1260.0 32 57 65 25 16 195
1265.0 29 50 62 26 17 184
1270.0 29 46 55 22 16 168
1275.0 27 46 46 22 15 156
1280.0 21 39 44 19 14 137
1285.0 21 42 36 17 13 129
1290.0 16 37 36 15 13 117
1295.0 14 39 35 13 12 113
1300.0 16 33 36 11 10 106
1305.0 18 27 35 10 8 98
1310.0 18 23 33 8 7 89
1315.0 15 21 28 7 6 77
1320.0 11 16 26 6 5 64
1325.0 11 16 20 6 5 58
1330.0 6 11 20 5 3 45
1335.0 6 10 17 8 4 45
1340.0 5 11 16 7 4 43
1345.0 5 9 15 7 5 41
1350.0 7 6 15 5 5 38
1355.0 6 5 12 5 5 33
1360.0 6 5 12 4 3 30
1365.0 4 4 10 5 3 26
1370.0 3 7 7 3 3 23
1375.0 4 6 6 2 2 20
1380.0 3 6 4 2 2 17
1385.0 2 4 3 1 2 12
1390.0 2 4 1 0 2 9
1395.0 2 2 0 0 2 6
1400.0 2 1 0 0 2 5
1405.0 1 0 1 0 2 4
1410.0 0 0 1 0 1 2
1415.0 0 0 1 0 0 1
1420.0 0 0 1 0 0 1
1425.0 1 0 1 0 0 2
1430.0 1 0 1 0 0 2
1435.0 1 0 0 0 0 1
