5.0 0 0 0 0 0 0
10.0 0 0 0 0 0 0
15.0 0 0 0 0 0 0
20.0 0 0 0 0 0 0
25.0 0 0 0 0 0 0
30.0 0 0 0 0 0 0
35.0 0 0 0 0 0 0
40.0 0 0 0 0 0 0
45.0 0 0 0 0 0 0
50.0 0 0 0 0 0 0
55.0 0 0 0 0 0 0
60.0 0 0 0 0 0 0
65.0 0 0 0 0 0 0
70.0 0 0 0 0 0 0
75.0 0 0 0 0 0 0
80.0 0 0 0 0 0 0
85.0 0 0 0 0 0 0
90.0 0 0 0 0 0 0
95.0 0 0 0 0 0 0
100.0 0 0 0 0 0 0
105.0 0 0 0 0 0 0
110.0 0 0 0 0 0 0
115.0 0 0 0 0 0 0
120.0 0 0 0 0 0 0
125.0 0 0 0 0 0 0
130.0 0 0 0 0 0 0
135.0 0 0 0 0 0 0
140.0 0 0 0 0 0 0
145.0 0 0 0 0 0 0
150.0 0 0 0 0 0 0
155.0 0 0 0 0 0 0
160.0 0 0 0 0 0 0
165.0 0 0 0 0 0 0
170.0 0 0 0 0 0 0
175.0 0 0 0 0 0 0
180.0 0 0 0 0 0 0
185.0 0 0 0 0 0 0
190.0 0 0 0 0 0 0
195.0 0 0 0 0 0 0
200.0 0 0 0 0 0 0
205.0 0 0 0 0 0 0
210.0 0 0 0 0 0 0
215.0 0 0 0 0 0 0
220.0 0 0 0 0 0 0
225.0 0 0 0 0 0 0
230.0 0 0 0 0 0 0
235.0 0 0 0 0 0 0
240.0 0 0 0 0 0 0
245.0 0 0 0 0 0 0
250.0 0 0 0 0 0 0
255.0 0 0 0 0 0 0
260.0 0 0 0 0 0 0
265.0 0 0 0 0 0 0
270.0 0 0 0 0 0 0
275.0 0 0 0 0 0 0
280.0 0 0 0 0 0 0
285.0 0 0 0 0 0 0
290.0 1 0 0 0 0 1
295.0 1 0 0 0 0 1
300.0 1 0 0 0 0 1
305.0 1 0 0 0 0 1
310.0 0 0 0 0 0 0
315.0 0 1 0 0 0 1
320.0 0 1 0 0 0 1
325.0 0 1 0 0 0 1
330.0 0 1 0 0 0 1
335.0 0 1 0 0 0 1
340.0 0 2 0 1 0 3
345.0 0 2 1 1 0 4
350.0 0 1 1 1 0 3
355.0 0 1 1 1 0 3
360.0 1 1 3 0 0 5
365.0 1 3 2 0 0 6
370.0 2 3 2 0 0 7
375.0 2 3 3 0 0 8
380.0 2 3 3 1 0 9
385.0 2 2 4 1 0 9
390.0 2 2 4 1 2 11
395.0 3 1 4 1 2 11
400.0 3 1 4 1 2 11
405.0 3 3 5 1 2 14
410.0 3 4 4 1 1 13
415.0 2 5 6 3 1 17
420.0 3 5 7 3 1 19
425.0 3 5 10 2 0 20
430.0 3 8 10 2 1 24
435.0 5 11 11 2 2 31
440.0 6 12 10 2 2 32
445.0 9 11 10 1 4 35
450.0 11 10 13 1 4 39
455.0 12 11 13 3 4 43
460.0 14 10 13 4 4 45
465.0 13 19 14 5 4 55
470.0 12 19 17 5 6 59
475.0 15 20 17 5 6 63
480.0 16 20 13 6 6 61
485.0 20 20 15 6 6 67
490.0 21 19 17 8 6 71
495.0 20 20 15 8 7 70
500.0 19 20 17 10 9 75
505.0 18 23 20 10 10 81
510.0 19 23 23 13 9 87
515.0 24 26 22 13 9 94
520.0 22 24 23 16 9 94
525.0 27 23 26 17 8 101
530.0 22 28 24 18 8 100
535.0 23 28 29 17 8 105
540.0 22 28 35 16 9 110
545.0 24 31 35 15 12 117
550.0 24 32 36 18 13 123
555.0 22 33 34 19 17 125
560.0 19 30 36 21 16 122
565.0 21 28 40 23 19 131
570.0 25 29 37 21 19 131
575.0 27 33 38 19 22 139
580.0 29 34 42 15 22 142
585.0 29 39 48 17 20 153
590.0 33 40 53 17 15 158
595.0 30 39 49 19 15 152
600.0 28 39 46 20 16 149
605.0 29 37 46 20 16 148
610.0 28 36 51 21 14 150
615.0 36 40 48 20 13 157
620.0 38 41 45 21 11 156
625.0 40 42 45 18 11 156
630.0 35 44 42 15 13 149
635.0 38 50 43 14 12 157
640.0 38 44 41 17 11 151
645.0 34 50 39 21 11 155
650.0 39 44 44 23 12 162
655.0 40 41 41 21 12 155
660.0 46 36 39 21 14 156
665.0 39 36 41 22 14 152
670.0 36 33 40 24 15 148
675.0 36 35 37 25 15 148
680.0 34 35 35 23 17 144
685.0 38 38 35 18 15 144
690.0 36 39 35 20 16 146
695.0 34 37 40 20 15 146
700.0 29 33 40 22 14 138
705.0 30 36 38 19 15 138
710.0 32 36 41 17 13 139
715.0 27 36 39 20 13 135
720.0 25 34 36 23 10 128
725.0 23 32 36 22 10 123
730.0 21 27 30 23 10 111
735.0 23 28 28 17 12 108
740.0 25 28 30 20 11 114
745.0 30 31 30 19 11 121
750.0 31 30 31 20 9 121
755.0 32 25 26 19 11 113
760.0 31 28 25 17 9 110
765.0 32 25 26 19 9 111
770.0 29 26 29 22 9 115
775.0 30 24 33 19 9 115
780.0 30 23 35 17 10 115
785.0 30 19 34 18 10 111
790.0 31 16 30 16 11 104
795.0 32 15 28 13 12 100
800.0 33 17 28 11 12 101
805.0 30 18 27 15 11 101
810.0 32 19 23 15 12 101
815.0 28 21 23 16 13 101
820.0 25 19 28 15 11 98
825.0 23 23 31 17 12 106
830.0 24 23 29 17 13 106
835.0 25 22 25 15 13 100
840.0 28 23 25 12 13 101
845.0 29 22 26 14 13 104
850.0 29 23 28 14 15 109
855.0 33 20 28 14 15 110
860.0 32 20 29 15 17 113
865.0 26 22 31 17 16 112
870.0 27 26 35 16 11 115
875.0 25 22 41 19 11 118
880.0 27 23 41 22 10 123
885.0 28 22 39 20 12 121
890.0 30 25 39 20 11 125
895.0 30 26 38 19 12 125
900.0 29 26 41 20 13 129
905.0 29 29 43 20 13 134
910.0 30 29 42 19 12 132
915.0 27 33 38 19 12 129
920.0 24 34 43 22 11 134
925.0 27 33 47 20 13 140
930.0 29 29 46 18 14 136
935.0 27 29 47 16 13 132
940.0 26 31 48 16 12 133
945.0 27 36 48 16 12 139
950.0 28 34 49 14 12 137
955.0 33 36 52 12 10 143
960.0 27 35 52 15 9 138
965.0 32 34 51 15 9 141
970.0 34 36 45 17 10 142
975.0 39 35 42 17 11 144
980.0 42 33 47 12 11 145
985.0 42 32 50 13 12 149
990.0 38 33 53 13 14 151
995.0 38 36 55 15 13 157
1000.0 40 38 51 20 15 164
1005.0 42 34 51 21 16 164
1010.0 42 33 50 19 16 160
1015.0 37 34 53 19 17 160
1020.0 38 35 50 23 18 164
1025.0 35 36 58 24 16 169
1030.0 34 34 57 21 17 163
1035.0 33 38 55 22 19 167
1040.0 33 39 53 24 20 169
1045.0 35 37 52 25 20 169
1050.0 37 37 50 26 18 168
1055.0 36 41 49 28 22 176
1060.0 33 43 42 29 20 167
1065.0 33 42 45 32 20 172
1070.0 30 43 46 35 21 175
1075.0 29 42 44 36 21 172
1080.0 34 42 44 36 21 177
1085.0 33 39 47 32 17 168
1090.0 34 38 50 29 16 167
1095.0 37 42 48 27 16 170
1100.0 34 43 49 30 16 172
1105.0 34 37 46 33 18 168
1110.0 32 37 50 34 18 171
1115.0 39 44 47 32 18 180
1120.0 39 42 45 34 17 177
1125.0 41 41 47 32 17 178
1130.0 37 41 45 33 18 174
1135.0 36 38 46 31 20 171
1140.0 34 39 45 28 20 166
1145.0 37 41 44 27 19 168
1150.0 37 42 38 25 19 161
1155.0 37 40 39 27 18 161
1160.0 39 38 35 27 19 158
1165.0 38 35 35 26 17 151
1170.0 37 33 38 22 17 147
1175.0 34 35 42 20 17 148
1180.0 37 32 41 17 16 143
1185.0 42 30 45 14 17 148
1190.0 42 29 41 14 15 141
1195.0 37 29 41 14 15 136
1200.0 37 28 41 16 13 135
1205.0 32 24 38 21 13 128
1210.0 27 26 39 18 10 120
1215.0 33 24 39 15 10 121
1220.0 33 19 35 12 8 107
1225.0 29 16 38 11 7 101
1230.0 25 14 40 12 7 98
1235.0 22 16 38 12 7 95
1240.0 20 17 32 12 7 88
1245.0 14 15 29 11 7 76
1250.0 14 14 29 10 8 75
1255.0 15 15 25 10 8 73
1260.0 9 15 25 6 9 64
1265.0 8 17 22 6 10 63
1270.0 9 16 23 4 10 62
1275.0 9 15 24 3 7 58
1280.0 10 13 23 4 6 56
1285.0 9 13 21 5 6 54
1290.0 9 14 20 5 6 54
1295.0 6 14 20 6 6 52
1300.0 9 10 16 7 6 48
1305.0 9 10 11 6 5 41
1310.0 10 8 10 5 5 38
1315.0 7 7 9 4 5 32
1320.0 8 6 8 3 5 30
1325.0 8 7 7 2 3 27
1330.0 8 8 8 2 3 29
1335.0 5 6 9 2 2 24
1340.0 3 5 9 1 2 20
1345.0 1 5 7 1 2 16
1350.0 2 3 6 1 2 14
1355.0 4 3 5 1 2 15
1360.0 5 4 4 1 3 17
1365.0 5 4 4 0 1 14
1370.0 5 4 3 0 0 12
1375.0 4 2 2 0 0 8
1380.0 4 2 2 0 0 8
1385.0 3 2 2 0 0 7
1390.0 2 2 2 0 0 6
1395.0 2 2 2 0 0 6
1400.0 2 2 1 0 0 5
1405.0 1 3 1 0 0 5
1410.0 1 0 0 0 0 1
1415.0 1 0 0 0 0 1
1420.0 1 0 0 0 0 1
1425.0 0 0 0 0 0 0
1430.0 0 0 0 0 0 0
1435.0 0 0 0 0 0 0
