5.0 0 0 0 0 0 0
10.0 0 0 0 0 0 0
15.0 0 0 0 0 0 0
20.0 0 0 0 0 0 0
25.0 0 0 0 0 0 0
30.0 0 0 0 0 0 0
35.0 0 0 0 0 0 0
40.0 0 0 0 0 0 0
45.0 0 0 0 0 0 0
50.0 0 0 0 0 0 0
55.0 0 0 0 0 0 0
60.0 0 0 0 0 0 0
65.0 0 0 0 0 0 0
70.0 0 0 0 0 0 0
75.0 0 0 0 0 0 0
80.0 0 0 0 0 0 0
85.0 0 0 0 0 0 0
90.0 0 0 0 0 0 0
95.0 0 0 0 0 0 0
100.0 0 0 0 0 0 0
105.0 0 0 0 0 0 0
110.0 0 0 0 0 0 0
115.0 0 0 0 0 0 0
120.0 0 0 0 0 0 0
125.0 0 0 0 0 0 0
130.0 0 0 0 0 0 0
135.0 0 0 0 0 0 0
140.0 0 0 0 0 0 0
145.0 0 0 0 0 0 0
150.0 0 0 0 0 0 0
155.0 0 0 0 0 0 0
160.0 0 0 0 0 0 0
165.0 0 0 0 0 0 0
170.0 0 0 0 0 0 0
175.0 0 0 0 0 0 0
180.0 0 0 0 0 0 0
185.0 0 0 0 0 0 0
190.0 0 0 0 0 0 0
195.0 0 0 0 0 0 0
200.0 0 0 0 0 0 0
205.0 0 0 0 0 0 0
210.0 0 0 0 0 0 0
215.0 0 0 0 0 0 0
220.0 0 0 0 0 0 0
225.0 0 0 0 0 0 0
230.0 0 0 0 0 0 0
235.0 0 0 0 0 0 0
240.0 0 0 0 0 0 0
245.0 0 0 0 0 0 0
250.0 0 0 0 0 0 0
255.0 0 0 0 0 0 0
260.0 0 0 0 0 0 0
265.0 0 1 0 0 0 1
270.0 0 1 0 0 0 1
275.0 0 1 0 0 0 1
280.0 0 2 0 0 0 2
285.0 0 2 0 0 0 2
290.0 0 2 0 0 0 2
295.0 0 2 0 0 0 2
300.0 0 2 0 0 0 2
305.0 0 2 0 0 0 2
310.0 0 0 1 0 0 1
315.0 0 0 1 0 0 1
320.0 0 0 2 0 0 2
325.0 0 0 2 0 0 2
330.0 1 0 1 0 0 2
335.0 1 0 2 0 0 3
340.0 1 0 2 0 0 3
345.0 1 0 2 0 0 3
350.0 1 0 3 0 0 4
355.0 1 0 3 0 0 4
360.0 0 0 3 0 0 3
365.0 1 0 3 0 0 4
370.0 1 1 2 0 0 4
375.0 2 1 2 0 0 5
380.0 3 1 2 0 0 6
385.0 3 1 1 0 0 5
390.0 3 1 3 0 0 7
395.0 3 3 2 1 0 9
400.0 3 3 4 1 0 11
405.0 3 3 6 1 0 13
410.0 3 2 7 1 0 13
415.0 3 2 7 1 0 13
420.0 4 2 6 1 0 13
425.0 4 1 8 2 0 15
430.0 4 2 8 2 0 16
435.0 6 4 8 1 0 19
440.0 6 6 6 2 0 20
445.0 7 5 5 2 0 19
450.0 5 6 5 4 1 21
455.0 5 5 6 5 1 22
460.0 5 5 6 6 1 23
465.0 9 4 9 6 1 29
470.0 9 5 9 6 1 30
475.0 8 5 10 6 1 30
480.0 6 6 14 6 1 33
485.0 6 7 14 6 0 33
490.0 6 13 16 5 0 40
495.0 8 14 16 5 0 43
500.0 11 13 21 5 2 52
505.0 11 17 23 4 2 57
510.0 13 17 20 3 2 55
515.0 14 19 22 2 2 59
520.0 17 17 20 3 4 61
525.0 17 18 20 4 4 63
530.0 17 19 25 6 4 71
535.0 20 21 31 7 4 83
540.0 18 22 32 10 5 87
545.0 20 23 28 11 6 88
550.0 23 23 29 10 6 91
555.0 25 24 27 8 6 90
560.0 25 25 28 10 7 95
565.0 28 28 26 11 7 100
570.0 30 25 29 10 8 102
575.0 30 28 30 10 9 107
580.0 30 30 31 13 12 116
585.0 33 31 30 14 16 124
590.0 39 32 31 15 16 133
595.0 37 30 30 16 16 129
600.0 32 30 30 18 16 126
605.0 28 31 30 16 17 122
610.0 26 31 31 17 17 122
615.0 25 32 31 22 17 127
620.0 26 35 36 21 19 137
625.0 25 35 34 17 19 130
630.0 27 34 30 18 19 128
635.0 30 36 30 21 18 135
640.0 31 37 33 21 20 142
645.0 29 39 35 20 19 142
650.0 31 37 36 23 17 144
655.0 31 39 39 24 15 148
660.0 31 39 36 23 16 145
665.0 28 40 34 21 14 137
670.0 28 41 38 16 13 136
675.0 29 39 32 14 15 129
680.0 26 36 34 14 15 125
685.0 25 34 30 16 16 121
690.0 24 35 27 15 19 120
695.0 25 38 25 17 17 122
700.0 24 39 30 15 18 126
705.0 26 38 28 14 14 120
710.0 23 32 28 13 16 112
715.0 15 28 30 16 15 104
720.0 17 25 32 16 16 106
725.0 16 29 34 16 14 109
730.0 17 31 38 12 12 110
735.0 18 27 39 13 14 111
740.0 20 19 45 16 14 114
745.0 17 19 41 16 16 109
750.0 18 17 41 16 16 108
755.0 18 17 32 16 15 98
760.0 16 20 31 15 15 97
765.0 17 20 35 13 15 100
770.0 18 21 36 11 15 101
775.0 15 21 34 10 15 95
780.0 15 22 30 11 15 93
785.0 20 20 28 11 14 93
790.0 18 20 31 10 14 93
795.0 16 21 32 13 14 96
800.0 17 22 34 13 15 101
805.0 17 26 36 12 12 103
810.0 18 27 37 15 13 110
815.0 21 27 37 14 13 112
820.0 19 28 33 14 13 107
825.0 18 28 30 14 12 102
830.0 15 30 34 12 11 102
835.0 19 25 35 8 11 98
840.0 22 20 35 7 11 95
845.0 20 23 37 7 13 100
850.0 18 20 40 9 11 98
855.0 16 21 41 11 10 99
860.0 12 23 40 12 10 97
865.0 16 20 41 13 11 101
870.0 17 23 38 11 10 99
875.0 18 21 40 11 10 100
880.0 19 21 41 11 9 101
885.0 20 21 36 12 10 99
890.0 18 19 33 13 9 92
895.0 20 22 32 12 10 96
900.0 17 26 31 12 11 97
905.0 20 30 31 10 12 103
910.0 21 29 30 9 14 103
915.0 22 26 28 10 14 100
920.0 22 27 29 8 14 100
925.0 24 27 26 9 15 101
930.0 24 25 28 9 15 101
935.0 19 26 32 11 16 104
940.0 17 28 34 12 14 105
945.0 22 28 35 12 11 108
950.0 21 29 34 12 12 108
955.0 19 31 34 12 11 107
960.0 17 29 32 17 11 106
965.0 16 27 35 16 11 105
970.0 21 29 31 13 12 106
975.0 21 27 31 13 11 103
980.0 21 27 32 12 11 103
985.0 18 26 30 14 9 97
990.0 17 26 31 12 9 95
995.0 18 27 27 11 11 94
1000.0 16 27 30 9 10 92
1005.0 16 25 31 8 11 91
1010.0 14 25 35 10 11 95
1015.0 15 22 37 10 10 94
1020.0 18 24 35 13 10 100
1025.0 17 23 35 11 10 96
1030.0 13 25 31 12 12 93
1035.0 11 26 29 12 14 92
1040.0 12 27 30 10 13 92
1045.0 16 27 29 11 15 98
1050.0 17 26 33 14 16 106
1055.0 19 28 31 14 16 108
1060.0 18 26 35 15 16 110
1065.0 22 25 39 15 17 118
1070.0 21 27 44 15 17 124
1075.0 22 29 45 14 15 125
1080.0 21 32 41 13 15 122
1085.0 23 30 37 13 14 117
1090.0 26 30 41 17 13 127
1095.0 23 28 43 17 13 124
1100.0 24 28 45 14 13 124
1105.0 25 27 43 15 14 124
1110.0 21 29 43 18 14 125
1115.0 25 25 45 15 13 123
1120.0 29 27 42 13 12 123
1125.0 36 28 41 10 12 127
1130.0 32 30 39 12 12 125
1135.0 39 27 38 11 11 126
1140.0 35 25 36 14 12 122
1145.0 34 23 37 13 10 117
1150.0 27 21 34 16 10 108
1155.0 33 19 35 15 10 112
1160.0 34 25 32 12 10 113
1165.0 37 26 30 9 10 112
1170.0 32 29 31 15 12 119
1175.0 29 30 31 15 13 118
1180.0 27 28 32 15 14 116
1185.0 28 24 31 14 14 111
1190.0 29 19 31 13 12 104
1195.0 30 19 29 14 12 104
1200.0 30 22 25 13 12 102
1205.0 28 30 22 13 12 105
1210.0 22 27 23 14 12 98
1215.0 24 24 19 15 11 93
1220.0 22 22 17 14 12 87
1225.0 18 20 16 15 12 81
1230.0 17 16 18 13 9 73
1235.0 16 15 17 12 7 67
1240.0 14 15 18 11 6 64
1245.0 11 16 16 12 5 60
1250.0 10 17 16 11 5 59
1255.0 9 15 17 10 5 56
1260.0 9 14 15 10 5 53
1265.0 10 11 14 9 5 49
1270.0 11 9 14 5 4 43
1275.0 10 11 12 3 4 40
1280.0 8 13 8 4 4 37
1285.0 6 12 10 4 2 34
1290.0 3 11 8 5 2 29
1295.0 4 10 7 4 2 27
1300.0 5 8 6 5 2 26
1305.0 2 7 6 6 2 23
1310.0 3 6 5 7 2 23
1315.0 4 7 4 6 2 23
1320.0 3 4 4 6 3 20
1325.0 4 2 7 5 2 20
1330.0 3 1 9 4 2 19
1335.0 4 1 7 3 2 17
1340.0 2 1 5 3 1 12
1345.0 1 2 4 2 1 10
1350.0 2 3 2 2 1 10
1355.0 1 3 2 1 1 8
1360.0 0 1 3 1 1 6
1365.0 0 1 4 1 1 7
1370.0 0 0 2 1 1 4
1375.0 0 0 1 0 0 1
1380.0 0 0 1 0 0 1
1385.0 0 0 2 0 0 2
1390.0 0 0 1 0 0 1
1395.0 0 0 1 0 0 1
1400.0 1 0 1 0 0 2
1405.0 2 1 0 0 1 4
1410.0 2 1 0 0 1 4
1415.0 2 1 0 0 1 4
1420.0 2 1 0 0 1 4
1425.0 2 1 0 0 0 3
1430.0 2 0 0 0 0 2
1435.0 2 0 0 0 0 2
