5.0 0 0 0 0 0 0
10.0 0 0 0 0 0 0
15.0 0 0 0 0 0 0
20.0 0 0 0 0 0 0
25.0 0 0 0 0 0 0
30.0 0 0 0 0 0 0
35.0 0 0 0 0 0 0
40.0 0 0 0 0 0 0
45.0 0 0 0 0 0 0
50.0 0 0 0 0 0 0
55.0 0 0 0 0 0 0
60.0 0 0 0 0 0 0
65.0 0 0 0 0 0 0
70.0 0 0 0 0 0 0
75.0 0 0 0 0 0 0
80.0 0 0 0 0 0 0
85.0 0 0 0 0 0 0
90.0 0 0 0 0 0 0
95.0 0 0 0 0 0 0
100.0 0 0 0 0 0 0
105.0 0 0 0 0 0 0
110.0 0 0 0 0 0 0
115.0 0 0 0 0 0 0
120.0 0 0 0 0 0 0
125.0 0 0 0 0 0 0
130.0 0 0 0 0 0 0
135.0 0 0 0 0 0 0
140.0 0 0 0 0 0 0
145.0 0 0 0 0 0 0
150.0 0 0 0 0 0 0
155.0 0 0 0 0 0 0
160.0 0 0 0 0 0 0
165.0 0 0 0 0 0 0
170.0 0 0 0 0 0 0
175.0 0 0 0 0 0 0
180.0 0 0 0 0 0 0
185.0 0 0 0 0 0 0
190.0 0 0 0 0 0 0
195.0 0 0 0 0 0 0
200.0 0 0 0 0 0 0
205.0 0 0 0 0 0 0
210.0 0 0 0 0 0 0
215.0 0 0 0 0 0 0
220.0 0 0 0 0 0 0
225.0 0 0 0 0 0 0
230.0 0 0 0 0 0 0
235.0 0 0 0 0 0 0
240.0 0 0 0 0 0 0
245.0 0 0 0 0 0 0
250.0 0 0 0 0 0 0
255.0 0 0 0 0 0 0
260.0 0 0 0 0 0 0
265.0 0 0 0 0 0 0
270.0 0 0 0 0 0 0
275.0 0 0 0 0 0 0
280.0 0 0 0 0 0 0
285.0 0 0 0 0 0 0
290.0 0 0 0 0 0 0
295.0 0 0 0 0 0 0
300.0 0 0 0 0 0 0
305.0 0 0 0 0 0 0
310.0 0 0 0 0 0 0
315.0 0 0 0 0 0 0
320.0 0 0 0 0 0 0
325.0 0 0 0 0 0 0
330.0 0 0 0 0 0 0
335.0 0 0 0 0 0 0
340.0 0 0 0 0 0 0
345.0 0 0 0 0 0 0
350.0 0 0 0 0 0 0
355.0 0 0 0 0 0 0
360.0 0 0 0 0 0 0
365.0 0 0 0 0 0 0
370.0 0 0 0 0 0 0
375.0 0 1 0 0 0 1
380.0 0 1 0 0 0 1
385.0 1 1 0 0 0 2
390.0 1 1 0 0 0 2
395.0 0 1 1 1 0 3
400.0 0 1 2 1 0 4
405.0 0 2 4 0 0 6
410.0 0 1 5 0 0 6
415.0 0 1 5 0 0 6
420.0 0 1 5 0 0 6
425.0 1 1 5 0 0 7
430.0 1 1 5 0 0 7
435.0 1 1 5 0 0 7
440.0 1 0 6 1 0 8
445.0 2 0 6 1 1 10
450.0 3 2 3 1 1 10
455.0 3 2 3 1 2 11
460.0 3 1 4 1 2 11
465.0 3 2 4 0 2 11
470.0 3 4 4 0 2 13
475.0 1 5 4 0 2 12
480.0 2 5 4 0 2 13
485.0 3 4 5 1 2 15
490.0 2 5 5 2 2 16
495.0 4 5 4 2 3 18
500.0 3 7 3 2 4 19
505.0 3 6 3 2 4 18
510.0 3 7 3 2 4 19
515.0 4 5 5 2 4 20
520.0 4 5 5 3 4 21
525.0 4 5 6 3 4 22
530.0 4 5 7 3 4 23
535.0 4 6 9 4 4 27
540.0 5 6 10 2 5 28
545.0 7 5 10 1 5 28
550.0 6 7 9 1 5 28
555.0 6 6 10 1 5 28
560.0 7 8 8 1 5 29
565.0 9 8 8 3 5 33
570.0 8 7 8 3 5 31
575.0 7 8 7 5 3 30
580.0 5 9 7 3 3 27
585.0 4 7 8 4 4 27
590.0 4 7 10 4 3 28
595.0 7 8 8 4 3 30
600.0 7 7 8 2 4 28
605.0 8 7 9 2 4 30
610.0 11 10 7 1 4 33
615.0 9 11 8 2 1 31
620.0 9 13 5 2 1 30
625.0 8 13 6 2 1 30
630.0 6 16 5 2 1 30
635.0 3 15 7 4 2 31
640.0 3 14 7 5 2 31
645.0 4 15 8 5 2 34
650.0 5 14 9 5 3 36
655.0 5 16 9 4 5 39
660.0 6 13 12 4 4 39
665.0 7 13 10 3 5 38
670.0 7 13 11 3 5 39
675.0 6 12 10 3 6 37
680.0 8 8 9 3 5 33
685.0 8 7 13 3 6 37
690.0 7 7 13 3 7 37
695.0 7 8 13 3 8 39
700.0 8 11 12 3 8 42
705.0 7 9 11 3 7 37
710.0 7 10 10 3 6 36
715.0 7 10 7 3 7 34
720.0 8 11 7 2 7 35
725.0 7 14 6 4 6 37
730.0 6 13 6 4 4 33
735.0 8 12 6 2 4 32
740.0 8 13 6 4 4 35
745.0 9 11 8 2 5 35
750.0 8 12 8 1 5 34
755.0 8 11 6 2 5 32
760.0 10 11 5 2 5 33
765.0 7 9 6 5 6 33
770.0 7 8 6 5 6 32
775.0 7 6 6 5 7 31
780.0 8 3 8 5 6 30
785.0 7 3 8 5 5 28
790.0 6 4 8 5 6 29
795.0 9 6 7 4 6 32
800.0 8 8 9 5 5 35
805.0 7 10 10 6 4 37
810.0 9 11 10 5 5 40
815.0 9 13 11 5 5 43
820.0 9 11 10 7 5 42
825.0 7 9 9 8 7 40
830.0 7 11 6 7 7 38
835.0 6 10 7 6 7 36
840.0 8 11 5 5 8 37
845.0 6 14 6 7 7 40
850.0 7 13 7 7 7 41
855.0 8 11 7 8 7 41
860.0 8 14 6 7 7 42
865.0 7 13 9 6 8 43
870.0 8 11 10 5 8 42
875.0 9 10 11 6 7 43
880.0 9 9 11 7 7 43
885.0 9 8 9 6 6 38
890.0 8 7 8 7 7 37
895.0 6 7 8 7 7 35
900.0 5 7 8 6 7 33
905.0 6 6 8 6 7 33
910.0 6 5 10 9 5 35
915.0 7 6 8 7 5 33
920.0 6 8 9 6 4 33
925.0 6 7 11 6 5 35
930.0 8 9 13 5 6 41
935.0 9 9 12 5 6 41
940.0 7 9 14 5 6 41
945.0 10 8 12 6 7 43
950.0 12 9 9 7 7 44
955.0 11 8 7 7 6 39
960.0 12 10 5 7 6 40
965.0 12 9 7 5 6 39
970.0 12 10 8 5 6 41
975.0 10 12 8 5 7 42
980.0 10 15 8 3 7 43
985.0 12 14 10 3 7 46
990.0 13 12 9 2 7 43
995.0 8 14 9 4 5 40
1000.0 4 12 10 4 5 35
1005.0 6 18 9 4 5 42
1010.0 8 16 7 3 5 39
1015.0 9 12 8 4 5 38
1020.0 7 11 7 5 4 34
1025.0 8 10 9 4 4 35
1030.0 7 10 9 5 4 35
1035.0 8 9 10 6 4 37
1040.0 9 7 7 5 4 32
1045.0 7 7 6 6 4 30
1050.0 7 9 6 5 5 32
1055.0 9 9 4 4 6 32
1060.0 10 10 6 5 6 37
1065.0 11 14 6 6 6 43
1070.0 11 14 6 6 5 42
1075.0 10 14 7 6 5 42
1080.0 13 10 7 7 5 42
1085.0 10 13 9 7 5 44
1090.0 9 15 11 6 5 46
1095.0 9 18 12 6 4 49
1100.0 9 15 12 8 4 48
1105.0 12 15 14 8 4 53
1110.0 11 16 15 7 4 53
1115.0 10 16 17 7 4 54
1120.0 11 14 20 8 5 58
1125.0 11 13 19 9 5 57
1130.0 11 12 19 10 6 58
1135.0 8 12 18 9 8 55
1140.0 7 14 19 10 7 57
1145.0 7 17 17 9 8 58
1150.0 6 16 16 8 8 54
1155.0 5 16 17 8 8 54
1160.0 7 16 15 7 8 53
1165.0 7 15 16 6 7 51
1170.0 11 11 15 6 7 50
1175.0 12 11 14 5 6 48
1180.0 10 9 13 5 6 43
1185.0 9 8 12 7 6 42
1190.0 10 8 11 7 6 42
1195.0 11 10 10 7 7 45
1200.0 10 9 10 5 7 41
1205.0 11 7 8 5 5 36
1210.0 12 10 9 2 4 37
1215.0 12 12 10 3 5 42
1220.0 10 10 8 5 5 38
1225.0 8 8 4 4 5 29
1230.0 8 11 5 5 5 34
1235.0 6 9 6 5 5 31
1240.0 3 9 6 5 5 28
1245.0 4 8 6 4 4 26
1250.0 4 7 5 4 2 22
1255.0 3 4 6 5 0 18
1260.0 3 4 6 5 0 18
1265.0 3 3 5 6 0 17
1270.0 3 3 5 6 0 17
1275.0 4 2 3 4 0 13
1280.0 5 2 3 3 0 13
1285.0 5 2 3 2 0 12
1290.0 5 1 3 0 0 9
1295.0 4 1 3 0 0 8
1300.0 2 3 2 0 0 7
1305.0 1 3 2 0 1 7
1310.0 0 3 3 0 1 7
1315.0 0 1 3 0 1 5
1320.0 0 1 3 0 1 5
1325.0 0 1 2 0 1 4
1330.0 0 1 1 0 1 3
1335.0 0 0 1 0 1 2
1340.0 0 0 1 0 1 2
1345.0 0 0 1 0 1 2
1350.0 0 0 1 0 1 2
1355.0 0 0 1 0 1 2
1360.0 0 0 1 0 1 2
1365.0 0 0 1 0 1 2
1370.0 0 0 1 0 1 2
1375.0 0 0 1 0 0 1
1380.0 0 0 1 0 0 1
1385.0 0 0 0 0 0 0
1390.0 0 0 0 0 0 0
1395.0 0 0 0 0 0 0
1400.0 0 0 0 0 0 0
1405.0 0 0 0 0 0 0
1410.0 0 0 1 0 0 1
1415.0 0 0 1 0 0 1
1420.0 0 0 1 0 0 1
1425.0 0 0 1 0 0 1
1430.0 0 0 1 0 0 1
1435.0 0 0 1 0 0 1
