5.0 0 0 0 0 0 0
10.0 0 0 0 0 0 0
15.0 0 0 0 0 0 0
20.0 0 0 0 0 0 0
25.0 0 0 0 0 0 0
30.0 0 0 0 0 0 0
35.0 0 0 0 0 0 0
40.0 0 0 0 0 0 0
45.0 0 0 0 0 0 0
50.0 0 0 0 0 0 0
55.0 0 0 0 0 0 0
60.0 0 0 0 0 0 0
65.0 0 0 0 0 0 0
70.0 0 0 0 0 0 0
75.0 0 0 0 0 0 0
80.0 0 0 0 0 0 0
85.0 0 0 0 0 0 0
90.0 0 0 0 0 0 0
95.0 0 0 0 0 0 0
100.0 0 0 0 0 0 0
105.0 0 0 0 0 0 0
110.0 0 0 0 0 0 0
115.0 0 0 0 0 0 0
120.0 0 0 0 0 0 0
125.0 0 0 0 0 0 0
130.0 0 0 0 0 0 0
135.0 0 0 0 0 0 0
140.0 0 0 0 0 0 0
145.0 0 0 0 0 0 0
150.0 0 0 0 0 0 0
155.0 0 0 0 0 0 0
160.0 0 0 0 0 0 0
165.0 0 0 0 0 0 0
170.0 0 0 0 0 0 0
175.0 0 0 0 0 0 0
180.0 0 0 0 0 0 0
185.0 0 0 0 0 0 0
190.0 0 0 0 0 0 0
195.0 0 0 0 0 0 0
200.0 0 0 0 0 0 0
205.0 0 0 0 0 0 0
210.0 0 0 0 0 0 0
215.0 0 0 0 0 0 0
220.0 0 0 0 0 0 0
225.0 0 0 0 0 0 0
230.0 0 0 0 0 0 0
235.0 0 0 0 0 0 0
240.0 0 0 0 0 0 0
245.0 0 0 0 0 0 0
250.0 0 0 0 0 0 0
255.0 0 0 0 0 0 0
260.0 0 0 0 0 0 0
265.0 0 0 0 0 0 0
270.0 0 0 0 0 0 0
275.0 0 0 0 0 0 0
280.0 0 0 0 0 0 0
285.0 0 0 0 0 0 0
290.0 0 0 0 0 0 0
295.0 0 0 0 0 0 0
300.0 0 0 0 0 0 0
305.0 0 0 0 0 0 0
310.0 1 1 0 0 0 2
315.0 1 1 0 0 0 2
320.0 1 1 0 0 0 2
325.0 1 0 1 0 0 2
330.0 1 0 1 0 0 2
335.0 1 0 1 0 0 2
340.0 1 0 1 0 0 2
345.0 0 0 1 0 0 1
350.0 0 0 1 0 0 1
355.0 0 0 1 0 0 1
360.0 0 0 1 0 0 1
365.0 1 0 0 0 0 1
370.0 1 0 0 0 0 1
375.0 1 1 0 0 0 2
380.0 1 1 0 1 0 3
385.0 0 2 0 1 0 3
390.0 0 1 0 0 0 1
395.0 0 1 0 0 0 1
400.0 1 1 0 0 0 2
405.0 1 2 1 0 0 4
410.0 1 4 1 1 0 7
415.0 0 4 3 1 0 8
420.0 0 4 4 1 0 9
425.0 1 5 4 0 0 10
430.0 3 4 5 1 0 13
435.0 3 4 7 2 0 16
440.0 5 5 6 2 0 18
445.0 5 6 7 2 0 20
450.0 5 6 7 3 0 21
455.0 7 7 7 3 0 24
460.0 8 7 9 3 0 27
465.0 8 8 10 4 0 30
470.0 6 8 11 4 1 30
475.0 6 9 12 3 1 31
480.0 8 10 11 3 3 35
485.0 9 12 13 2 3 39
490.0 10 12 13 2 3 40
495.0 9 12 14 3 3 41
500.0 9 14 13 5 3 44
505.0 10 15 13 5 3 46
510.0 9 14 16 5 3 47
515.0 12 18 16 5 3 54
520.0 11 17 16 7 3 54
525.0 12 17 18 7 3 57
530.0 14 17 20 9 3 63
535.0 12 17 21 10 4 64
540.0 12 17 21 13 5 68
545.0 15 19 20 15 6 75
550.0 14 20 22 19 7 82
555.0 14 19 24 17 7 81
560.0 13 19 27 17 7 83
565.0 18 17 28 16 6 85
570.0 20 19 25 15 7 86
575.0 22 26 25 12 7 92
580.0 23 26 26 12 9 96
585.0 24 26 23 12 11 96
590.0 24 22 21 12 10 89
595.0 22 23 23 13 9 90
600.0 22 22 23 14 10 91
605.0 19 19 25 18 10 91
610.0 15 23 26 17 12 93
615.0 19 24 26 17 12 98
620.0 27 26 25 14 10 102
625.0 25 25 25 17 11 103
630.0 23 23 27 16 10 99
635.0 23 20 25 18 11 97
640.0 26 22 23 18 11 100
645.0 27 25 24 18 12 106
650.0 26 26 26 16 12 106
655.0 23 26 26 16 11 102
660.0 20 26 29 14 11 100
665.0 20 25 30 14 12 101
670.0 23 24 27 12 11 97
675.0 20 25 21 10 12 88
680.0 23 23 24 10 12 92
685.0 21 22 25 9 11 88
690.0 21 22 24 11 12 90
695.0 21 20 26 9 12 88
700.0 21 19 25 11 13 89
705.0 16 20 26 12 15 89
710.0 17 20 26 14 14 91
715.0 17 19 28 14 12 90
720.0 17 21 29 15 10 92
725.0 13 20 32 18 10 93
730.0 13 19 35 17 10 94
735.0 15 23 30 13 10 91
740.0 15 26 29 17 10 97
745.0 14 24 26 17 11 92
750.0 13 24 26 18 10 91
755.0 16 24 26 14 9 89
760.0 21 23 27 12 10 93
765.0 22 20 22 13 10 87
770.0 25 22 22 14 10 93
775.0 25 23 21 14 9 92
780.0 25 22 20 14 7 88
785.0 23 20 19 17 8 87
790.0 21 20 18 17 8 84
795.0 20 20 18 14 8 80
800.0 19 21 20 15 8 83
805.0 20 26 19 17 8 90
810.0 20 22 20 14 9 85
815.0 21 25 19 10 8 83
820.0 21 24 20 10 10 85
825.0 22 26 24 10 8 90
830.0 22 27 29 12 7 97
835.0 25 29 30 9 7 100
840.0 24 28 31 11 9 103
845.0 23 28 30 9 10 100
850.0 23 28 29 9 13 102
855.0 20 26 27 15 12 100
860.0 20 29 27 16 10 102
865.0 20 33 26 15 10 104
870.0 21 32 29 13 11 106
875.0 21 34 31 13 11 110
880.0 20 33 33 13 9 108
885.0 20 29 36 11 9 105
890.0 17 30 39 13 9 108
895.0 17 33 33 11 9 103
900.0 18 31 39 7 7 102
905.0 22 33 41 4 9 109
910.0 22 35 33 6 7 103
915.0 24 34 30 8 6 102
920.0 26 29 32 7 7 101
925.0 24 29 34 6 9 102
930.0 27 29 33 10 10 109
935.0 30 26 35 12 11 114
940.0 28 27 36 13 11 115
945.0 28 27 36 13 11 115
950.0 29 26 36 13 12 116
955.0 28 25 32 13 12 110
960.0 30 29 32 10 14 115
965.0 21 28 37 12 13 111
970.0 23 27 40 12 13 115
975.0 25 28 41 13 14 121
980.0 25 26 38 12 15 116
985.0 25 28 45 11 13 122
990.0 23 25 45 13 11 117
995.0 21 28 43 11 12 115
1000.0 24 23 44 11 12 114
1005.0 18 21 44 16 10 109
1010.0 17 21 41 14 11 104
1015.0 18 25 43 18 10 114
1020.0 17 30 42 18 10 117
1025.0 18 31 41 16 12 118
1030.0 20 31 39 14 12 116
1035.0 21 30 42 13 12 118
1040.0 21 29 42 12 11 115
1045.0 23 34 44 12 12 125
1050.0 25 31 47 12 11 126
1055.0 26 31 43 14 10 124
1060.0 31 34 39 13 10 127
1065.0 33 27 36 17 13 126
1070.0 33 31 32 16 13 125
1075.0 33 26 34 16 13 122
1080.0 33 25 35 17 13 123
1085.0 37 29 35 15 13 129
1090.0 35 31 28 10 12 116
1095.0 30 33 32 11 9 115
1100.0 27 31 33 13 9 113
1105.0 23 30 37 18 7 115
1110.0 28 29 36 16 8 117
1115.0 27 24 37 17 9 114
1120.0 30 25 38 16 9 118
1125.0 39 25 39 14 10 127
1130.0 41 25 39 14 10 129
1135.0 38 26 35 14 10 123
1140.0 34 29 39 17 9 128
1145.0 35 25 38 18 8 124
1150.0 41 24 40 19 8 132
1155.0 40 22 39 21 9 131
1160.0 38 21 37 18 7 121
1165.0 30 21 40 23 8 122
1170.0 27 18 40 20 8 113
1175.0 27 18 39 16 8 108
1180.0 28 23 37 15 9 112
1185.0 29 24 32 11 6 102
1190.0 30 26 31 10 7 104
1195.0 29 22 33 8 6 98
1200.0 26 25 31 6 6 94
1205.0 22 25 32 12 8 99
1210.0 19 23 34 13 8 97
1215.0 20 23 32 15 10 100
1220.0 16 20 31 17 9 93
1225.0 16 21 27 14 7 85
1230.0 13 18 20 14 8 73
1235.0 12 14 21 13 7 67
1240.0 11 13 20 12 3 59
1245.0 12 13 16 12 3 56
1250.0 10 14 18 12 3 57
1255.0 12 14 19 11 3 59
1260.0 11 12 18 8 5 54
1265.0 10 11 15 8 3 47
1270.0 8 9 13 7 4 41
1275.0 8 8 10 6 4 36
1280.0 7 7 7 5 3 29
1285.0 5 8 7 4 3 27
1290.0 5 8 6 4 3 26
1295.0 5 9 6 3 2 25
1300.0 4 7 7 2 3 23
1305.0 2 5 9 3 4 23
1310.0 1 4 7 2 4 18
1315.0 1 4 7 1 4 17
1320.0 2 5 4 0 4 15
1325.0 3 4 3 0 4 14
1330.0 3 3 2 0 3 11
1335.0 2 2 3 0 2 9
1340.0 1 2 2 0 2 7
1345.0 1 2 0 0 1 4
1350.0 1 2 0 0 1 4
1355.0 1 1 2 0 1 5
1360.0 2 0 2 0 1 5
1365.0 2 0 3 1 1 7
1370.0 0 0 2 1 1 4
1375.0 0 0 2 1 0 3
1380.0 0 0 2 1 0 3
1385.0 0 0 2 0 0 2
1390.0 0 0 1 0 0 1
1395.0 0 0 1 0 0 1
1400.0 0 0 1 0 0 1
1405.0 0 0 1 0 0 1
1410.0 0 0 1 0 0 1
1415.0 0 0 0 0 0 0
1420.0 0 0 0 0 0 0
1425.0 0 0 0 0 0 0
1430.0 0 0 0 0 0 0
1435.0 0 0 0 0 0 0
