5.0 0 0 0 0 0 0
10.0 0 0 0 0 0 0
15.0 0 0 0 0 0 0
20.0 0 0 0 0 0 0
25.0 0 0 0 0 0 0
30.0 0 0 0 0 0 0
35.0 0 0 0 0 0 0
40.0 0 0 0 0 0 0
45.0 0 0 0 0 0 0
50.0 0 0 0 0 0 0
55.0 0 0 0 0 0 0
60.0 0 0 0 0 0 0
65.0 0 0 0 0 0 0
70.0 0 0 0 0 0 0
75.0 0 0 0 0 0 0
80.0 0 0 0 0 0 0
85.0 0 0 0 0 0 0
90.0 0 0 0 0 0 0
95.0 0 0 0 0 0 0
100.0 0 0 0 0 0 0
105.0 0 0 0 0 0 0
110.0 0 0 0 0 0 0
115.0 0 0 0 0 0 0
120.0 0 0 0 0 0 0
125.0 0 0 0 0 0 0
130.0 0 0 0 0 0 0
135.0 0 0 0 0 0 0
140.0 0 0 0 0 0 0
145.0 0 0 0 0 0 0
150.0 0 0 0 0 0 0
155.0 0 0 0 0 0 0
160.0 0 0 0 0 0 0
165.0 0 0 0 0 0 0
170.0 0 0 0 0 0 0
175.0 0 0 0 0 0 0
180.0 0 0 0 0 0 0
185.0 0 0 0 0 0 0
190.0 0 0 0 0 0 0
195.0 0 0 0 0 0 0
200.0 0 0 0 0 0 0
205.0 0 0 0 0 0 0
210.0 0 0 0 0 0 0
215.0 0 0 0 0 0 0
220.0 0 0 0 0 0 0
225.0 0 0 0 0 0 0
230.0 0 0 0 0 0 0
235.0 0 0 0 0 0 0
240.0 0 0 0 0 0 0
245.0 0 0 0 0 0 0
250.0 0 0 0 0 0 0
255.0 0 0 0 0 0 0
260.0 0 0 0 0 0 0
265.0 0 0 0 0 0 0
270.0 0 0 0 0 0 0
275.0 0 0 0 0 0 0
280.0 0 1 0 0 0 1
285.0 0 1 0 0 0 1
290.0 0 1 0 0 0 1
295.0 0 0 0 0 0 0
300.0 0 0 0 0 0 0
305.0 0 1 0 0 0 1
310.0 0 1 0 0 0 1
315.0 0 1 0 0 0 1
320.0 1 2 0 0 0 3
325.0 1 2 0 0 0 3
330.0 2 2 1 0 0 5
335.0 2 1 1 0 0 4
340.0 3 1 1 0 0 5
345.0 3 1 2 0 0 6
350.0 3 1 2 0 0 6
355.0 2 1 2 0 1 6
360.0 2 1 3 0 1 7
365.0 2 1 6 0 1 10
370.0 2 1 6 0 2 11
375.0 3 2 6 0 2 13
380.0 3 4 4 1 2 14
385.0 3 4 4 1 2 14
390.0 3 3 5 1 2 14
395.0 2 3 5 1 2 13
400.0 2 4 5 1 2 14
405.0 3 4 7 1 2 17
410.0 5 4 5 1 2 17
415.0 5 5 6 1 1 18
420.0 6 6 7 2 1 22
425.0 7 6 9 2 1 25
430.0 6 6 9 2 1 24
435.0 4 4 10 3 3 24
440.0 6 5 12 2 3 28
445.0 7 6 10 3 3 29
450.0 6 7 9 4 3 29
455.0 6 8 8 7 3 32
460.0 9 8 9 7 4 37
465.0 11 8 10 7 3 39
470.0 12 12 11 10 4 49
475.0 13 15 13 8 4 53
480.0 9 16 15 10 5 55
485.0 8 15 19 12 5 59
490.0 11 17 22 9 5 64
495.0 12 21 22 9 7 71
500.0 11 25 21 9 7 73
505.0 8 28 22 10 7 75
510.0 9 26 28 10 8 81
515.0 10 26 32 15 11 94
520.0 12 26 35 14 13 100
525.0 17 26 35 14 13 105
530.0 18 30 34 15 14 111
535.0 17 31 35 16 14 113
540.0 16 33 33 19 15 116
545.0 17 36 33 19 12 117
550.0 16 36 37 23 13 125
555.0 22 35 35 19 13 124
560.0 25 35 37 15 12 124
565.0 27 35 38 15 12 127
570.0 28 42 36 15 13 134
575.0 27 44 36 14 13 134
580.0 27 42 40 15 11 135
585.0 27 40 36 16 12 131
590.0 28 42 36 18 13 137
595.0 29 43 36 19 18 145
600.0 28 43 42 16 18 147
605.0 23 43 43 17 17 143
610.0 26 37 39 18 16 136
615.0 30 39 44 20 18 151
620.0 26 42 44 21 18 151
625.0 24 41 48 22 18 153
630.0 24 37 49 23 20 153
635.0 21 32 51 22 23 149
640.0 21 35 54 27 24 161
645.0 24 36 58 26 22 166
650.0 25 34 51 26 21 157
655.0 23 38 53 25 20 159
660.0 24 37 48 27 21 157
665.0 29 37 48 26 21 161
670.0 28 35 52 25 21 161
675.0 31 33 53 28 19 164
680.0 32 33 51 28 18 162
685.0 31 32 50 26 19 158
690.0 33 34 44 24 19 154
695.0 35 37 47 22 19 160
700.0 38 42 45 17 17 159
705.0 32 42 43 16 16 149
710.0 32 40 38 19 15 144
715.0 26 39 35 19 15 134
720.0 29 40 34 19 15 137
725.0 28 33 35 21 14 131
730.0 27 35 38 22 15 137
735.0 24 30 36 25 16 131
740.0 24 30 37 25 18 134
745.0 25 34 31 18 17 125
750.0 25 32 31 20 19 127
755.0 23 35 33 17 18 126
760.0 27 34 35 17 16 129
765.0 32 33 37 15 18 135
770.0 32 36 35 17 16 136
775.0 30 36 35 21 16 138
780.0 30 37 34 18 14 133
785.0 29 35 35 17 13 129
790.0 28 34 40 19 14 135
795.0 31 33 31 16 14 125
800.0 30 33 32 15 14 124
805.0 31 32 28 15 13 119
810.0 25 29 31 20 13 118
815.0 23 26 27 19 14 109
820.0 24 23 29 17 16 109
825.0 26 25 36 16 17 120
830.0 28 27 39 15 15 124
835.0 26 28 40 14 14 122
840.0 25 24 43 15 13 120
845.0 28 29 41 12 17 127
850.0 29 31 38 11 18 127
855.0 31 32 35 13 19 130
860.0 29 33 35 16 18 131
865.0 32 30 29 15 18 124
870.0 29 29 33 13 20 124
875.0 29 27 33 16 20 125
880.0 29 22 32 16 17 116
885.0 28 21 35 16 17 117
890.0 29 21 32 16 17 115
895.0 29 20 32 16 16 113
900.0 29 22 35 18 17 121
905.0 28 25 36 16 18 123
910.0 29 23 38 16 20 126
915.0 30 23 38 18 20 129
920.0 31 18 44 19 20 132
925.0 31 17 45 17 19 129
930.0 35 19 42 17 17 130
935.0 34 16 41 18 16 125
940.0 37 20 43 18 14 132
945.0 36 22 45 17 14 134
950.0 33 22 49 18 14 136
955.0 32 23 47 20 14 136
960.0 30 24 52 20 13 139
965.0 34 27 46 17 15 139
970.0 35 28 45 19 13 140
975.0 33 30 52 18 13 146
980.0 29 32 51 19 11 142
985.0 30 33 46 20 11 140
990.0 32 37 41 20 10 140
995.0 33 36 38 18 10 135
1000.0 34 31 39 20 11 135
1005.0 34 31 40 19 12 136
1010.0 30 29 41 21 11 132
1015.0 29 28 46 19 11 133
1020.0 33 26 54 18 12 143
1025.0 35 24 62 14 13 148
1030.0 32 31 56 16 12 147
1035.0 35 29 58 18 13 153
1040.0 34 33 56 14 11 148
1045.0 28 33 62 15 11 149
1050.0 31 36 58 14 11 150
1055.0 30 39 56 15 12 152
1060.0 29 39 56 11 14 149
1065.0 34 36 59 11 14 154
1070.0 32 37 55 12 16 152
1075.0 29 37 57 15 17 155
1080.0 30 36 56 16 17 155
1085.0 30 36 60 15 19 160
1090.0 31 37 68 15 17 168
1095.0 31 36 71 16 21 175
1100.0 34 35 67 17 24 177
1105.0 33 37 63 19 25 177
1110.0 37 42 62 17 22 180
1115.0 34 40 61 20 25 180
1120.0 38 38 59 20 24 179
1125.0 33 37 62 23 24 179
1130.0 36 37 65 22 23 183
1135.0 39 38 60 27 24 188
1140.0 36 33 54 28 22 173
1145.0 36 31 57 26 20 170
1150.0 40 33 59 22 19 173
1155.0 39 31 62 19 20 171
1160.0 43 31 55 20 20 169
1165.0 46 30 45 19 22 162
1170.0 45 32 43 16 24 160
1175.0 43 30 38 19 23 153
1180.0 42 27 39 21 17 146
1185.0 40 30 39 19 18 146
1190.0 38 26 38 19 17 138
1195.0 29 26 38 19 20 132
1200.0 30 23 36 16 20 125
1205.0 31 23 36 17 21 128
1210.0 25 23 33 17 20 118
1215.0 24 20 31 17 18 110
1220.0 26 20 33 14 15 108
1225.0 23 20 32 12 15 102
1230.0 24 16 30 13 15 98
1235.0 21 14 27 16 15 93
1240.0 15 11 25 19 14 84
1245.0 15 13 20 22 12 82
1250.0 13 15 19 18 13 78
1255.0 8 12 16 17 14 67
1260.0 9 13 14 15 13 64
1265.0 11 13 13 11 10 58
1270.0 9 11 16 12 10 58
1275.0 9 13 16 11 8 57
1280.0 8 11 13 10 8 50
1285.0 9 6 11 9 8 43
1290.0 12 8 7 7 8 42
1295.0 11 7 8 6 9 41
1300.0 14 5 9 6 7 41
1305.0 10 5 8 6 6 35
1310.0 11 3 8 7 5 34
1315.0 9 1 7 7 4 28
1320.0 7 1 5 5 3 21
1325.0 6 1 4 5 2 18
1330.0 3 3 3 4 2 15
1335.0 3 3 2 4 2 14
1340.0 3 3 1 4 3 14
1345.0 3 3 2 3 3 14
1350.0 2 3 1 3 3 12
1355.0 0 3 0 3 3 9
1360.0 1 3 0 2 3 9
1365.0 1 3 0 2 2 8
1370.0 0 3 0 2 2 7
1375.0 0 1 0 2 0 3
1380.0 1 1 0 1 0 3
1385.0 1 1 0 1 0 3
1390.0 1 1 1 1 0 4
1395.0 0 0 1 1 0 2
1400.0 0 0 1 1 0 2
1405.0 0 1 1 1 0 3
1410.0 0 1 0 1 0 2
1415.0 0 0 0 0 0 0
1420.0 0 0 0 0 0 0
1425.0 0 0 0 0 0 0
1430.0 0 0 0 0 0 0
1435.0 0 0 0 0 0 0
