5.0 0 0 0 0 0 0
10.0 0 0 0 0 0 0
15.0 0 0 0 0 0 0
20.0 0 0 0 0 0 0
25.0 0 0 0 0 0 0
30.0 0 0 0 0 0 0
35.0 0 0 0 0 0 0
40.0 0 0 0 0 0 0
45.0 0 0 0 0 0 0
50.0 0 0 0 0 0 0
55.0 0 0 0 0 0 0
60.0 0 0 0 0 0 0
65.0 0 0 0 0 0 0
70.0 0 0 0 0 0 0
75.0 0 0 0 0 0 0
80.0 0 0 0 0 0 0
85.0 0 0 0 0 0 0
90.0 0 0 0 0 0 0
95.0 0 0 0 0 0 0
100.0 0 0 0 0 0 0
105.0 0 0 0 0 0 0
110.0 0 0 0 0 0 0
115.0 0 0 0 0 0 0
120.0 0 0 0 0 0 0
125.0 0 0 0 0 0 0
130.0 0 0 0 0 0 0
135.0 0 0 0 0 0 0
140.0 0 0 0 0 0 0
145.0 0 0 0 0 0 0
150.0 0 0 0 0 0 0
155.0 0 0 0 0 0 0
160.0 0 0 0 0 0 0
165.0 0 0 0 0 0 0
170.0 0 0 0 0 0 0
175.0 0 0 0 0 0 0
180.0 0 0 0 0 0 0
185.0 0 0 0 0 0 0
190.0 0 0 0 0 0 0
195.0 0 0 0 0 0 0
200.0 0 0 0 0 0 0
205.0 0 0 0 0 0 0
210.0 0 0 0 0 0 0
215.0 0 0 0 0 0 0
220.0 0 0 0 0 0 0
225.0 0 0 0 0 0 0
230.0 0 0 0 0 0 0
235.0 0 0 0 0 0 0
240.0 0 0 0 0 0 0
245.0 0 0 0 0 0 0
250.0 0 0 0 0 0 0
255.0 0 0 0 0 0 0
260.0 0 0 0 0 0 0
265.0 0 0 0 0 0 0
270.0 0 0 0 0 0 0
275.0 0 0 0 0 0 0
280.0 0 0 0 0 0 0
285.0 0 0 1 0 0 1
290.0 0 0 1 0 0 1
295.0 0 0 1 0 0 1
300.0 0 0 0 0 0 0
305.0 0 0 0 0 0 0
310.0 0 0 0 0 0 0
315.0 0 1 0 0 0 1
320.0 1 1 1 0 0 3
325.0 1 0 1 0 0 2
330.0 1 0 1 0 0 2
335.0 1 0 1 0 0 2
340.0 2 0 1 0 0 3
345.0 2 0 1 0 0 3
350.0 4 1 1 0 0 6
355.0 3 3 1 1 0 8
360.0 3 3 1 1 0 8
365.0 3 2 3 2 0 10
370.0 2 1 3 3 0 9
375.0 3 1 3 3 0 10
380.0 4 1 3 3 0 11
385.0 5 1 4 3 0 13
390.0 6 1 3 2 0 12
395.0 6 1 4 1 0 12
400.0 6 2 3 1 0 12
405.0 8 2 4 1 1 16
410.0 8 3 3 1 1 16
415.0 7 4 4 1 1 17
420.0 7 3 6 2 3 21
425.0 7 4 6 2 4 23
430.0 8 5 7 1 4 25
435.0 8 7 5 1 5 26
440.0 8 9 5 2 6 30
445.0 9 10 7 1 6 33
450.0 8 10 8 2 5 33
455.0 10 11 9 2 6 38
460.0 11 11 10 2 6 40
465.0 13 13 12 4 7 49
470.0 12 12 13 6 9 52
475.0 10 12 10 7 9 48
480.0 7 16 12 10 10 55
485.0 11 18 14 9 10 62
490.0 10 18 17 8 10 63
495.0 10 18 20 8 10 66
500.0 10 17 19 10 10 66
505.0 10 18 20 13 9 70
510.0 13 19 21 15 10 78
515.0 18 20 16 14 10 78
520.0 19 19 17 12 12 79
525.0 21 22 19 14 12 88
530.0 21 28 19 14 10 92
535.0 22 29 20 16 12 99
540.0 25 31 24 16 11 107
545.0 24 35 28 13 8 108
550.0 25 37 32 15 8 117
555.0 23 35 34 19 9 120
560.0 23 38 35 18 9 123
565.0 24 37 36 19 9 125
570.0 26 38 37 16 10 127
575.0 31 34 40 19 12 136
580.0 34 36 42 19 12 143
585.0 32 38 43 20 13 146
590.0 31 42 43 20 15 151
595.0 29 41 41 24 18 153
600.0 32 39 46 20 18 155
605.0 30 40 43 19 17 149
610.0 33 42 46 17 16 154
615.0 32 45 47 18 16 158
620.0 33 44 42 21 17 157
625.0 31 40 41 22 18 152
630.0 31 43 39 24 17 154
635.0 29 42 39 25 16 151
640.0 28 41 42 23 13 147
645.0 26 38 45 20 13 142
650.0 27 37 45 17 11 137
655.0 29 33 47 18 12 139
660.0 29 34 45 18 11 137
665.0 33 38 46 15 10 142
670.0 33 35 44 14 10 136
675.0 29 40 38 15 9 131
680.0 26 37 38 14 8 123
685.0 28 41 35 14 8 126
690.0 25 40 39 14 9 127
695.0 26 40 39 12 9 126
700.0 23 36 43 11 10 123
705.0 19 33 42 11 10 115
710.0 21 32 41 13 12 119
715.0 19 34 42 13 13 121
720.0 19 30 42 15 12 118
725.0 18 28 43 15 11 115
730.0 18 27 41 16 11 113
735.0 22 27 39 13 13 114
740.0 20 27 35 13 15 110
745.0 22 28 34 12 13 109
750.0 21 36 33 12 12 114
755.0 22 35 27 12 11 107
760.0 25 34 28 10 10 107
765.0 21 29 24 11 10 95
770.0 20 27 23 14 12 96
775.0 18 30 22 16 12 98
780.0 17 25 23 17 9 91
785.0 21 25 20 17 12 95
790.0 25 24 20 14 11 94
795.0 23 21 23 12 10 89
800.0 22 24 23 14 8 91
805.0 24 29 25 12 8 98
810.0 24 27 23 15 7 96
815.0 24 23 25 16 6 94
820.0 26 21 23 17 6 93
825.0 26 23 18 18 7 92
830.0 25 24 18 17 8 92
835.0 30 25 18 18 9 100
840.0 34 28 19 17 10 108
845.0 37 30 17 14 9 107
850.0 34 32 17 12 9 104
855.0 32 39 21 10 10 112
860.0 32 44 18 11 9 114
865.0 32 42 21 8 9 112
870.0 32 40 20 10 9 111
875.0 26 38 23 15 8 110
880.0 24 39 21 13 9 106
885.0 24 40 21 13 10 108
890.0 27 39 24 12 9 111
895.0 27 38 27 13 10 115
900.0 29 35 33 15 11 123
905.0 31 33 34 17 12 127
910.0 27 28 38 23 12 128
915.0 29 28 39 22 14 132
920.0 29 27 40 23 16 135
925.0 32 30 38 22 16 138
930.0 34 33 35 19 16 137
935.0 36 34 37 17 16 140
940.0 39 30 38 19 16 142
945.0 38 27 36 21 14 136
950.0 39 25 34 19 13 130
955.0 37 20 36 22 13 128
960.0 37 22 37 20 12 128
965.0 37 23 37 14 12 123
970.0 30 24 38 16 14 122
975.0 30 20 37 17 15 119
980.0 34 21 38 16 17 126
985.0 34 23 36 15 18 126
990.0 30 29 40 18 16 133
995.0 35 32 37 17 18 139
1000.0 40 35 36 17 14 142
1005.0 39 35 32 18 15 139
1010.0 35 33 34 20 14 136
1015.0 36 28 39 18 12 133
1020.0 32 31 37 24 14 138
1025.0 32 27 34 22 15 130
1030.0 39 24 32 22 16 133
1035.0 46 26 35 17 14 138
1040.0 42 32 37 15 13 139
1045.0 42 31 40 14 14 141
1050.0 38 34 37 19 15 143
1055.0 34 34 39 18 16 141
1060.0 34 38 37 18 16 143
1065.0 29 40 37 20 15 141
1070.0 29 43 43 19 12 146
1075.0 31 46 43 22 13 155
1080.0 28 48 43 26 10 155
1085.0 28 47 43 26 10 154
1090.0 32 48 46 22 10 158
1095.0 37 54 42 17 11 161
1100.0 40 55 45 19 11 170
1105.0 36 54 43 21 12 166
1110.0 39 48 47 21 15 170
1115.0 37 41 48 22 14 162
1120.0 35 45 41 25 13 159
1125.0 35 41 46 24 13 159
1130.0 39 43 48 20 13 163
1135.0 39 45 52 19 11 166
1140.0 43 44 47 21 13 168
1145.0 43 40 45 22 14 164
1150.0 40 39 42 25 15 161
1155.0 42 39 42 22 15 160
1160.0 42 44 41 22 15 164
1165.0 41 47 42 20 15 165
1170.0 40 38 42 21 14 155
1175.0 36 35 43 22 14 150
1180.0 32 30 38 23 16 139
1185.0 32 30 32 25 17 136
1190.0 34 32 31 23 18 138
1195.0 32 31 31 23 20 137
1200.0 34 35 30 21 20 140
1205.0 30 30 36 20 20 136
1210.0 25 28 37 19 18 127
1215.0 21 27 35 19 15 117
1220.0 28 24 30 17 13 112
1225.0 26 25 27 13 11 102
1230.0 24 26 29 12 13 104
1235.0 20 22 25 12 11 90
1240.0 22 24 22 11 11 90
1245.0 23 20 24 7 10 84
1250.0 22 20 21 6 10 79
1255.0 18 25 17 9 10 79
1260.0 18 18 17 10 9 72
1265.0 13 14 15 10 9 61
1270.0 12 12 16 11 8 59
1275.0 10 13 12 11 8 54
1280.0 9 10 12 10 7 48
1285.0 11 11 9 9 6 46
1290.0 10 12 7 10 6 45
1295.0 10 13 6 6 6 41
1300.0 9 12 7 6 6 40
1305.0 9 11 6 5 7 38
1310.0 10 11 6 3 5 35
1315.0 9 10 5 2 3 29
1320.0 8 10 4 1 3 26
1325.0 6 9 3 2 3 23
1330.0 5 7 1 3 3 19
1335.0 4 6 2 4 2 18
1340.0 3 6 3 4 3 19
1345.0 3 4 4 3 1 15
1350.0 3 3 4 3 1 14
1355.0 3 2 3 2 1 11
1360.0 3 2 2 1 1 9
1365.0 4 2 1 1 2 10
1370.0 4 1 2 1 2 10
1375.0 2 1 4 2 0 9
1380.0 1 0 4 1 0 6
1385.0 2 0 4 1 0 7
1390.0 2 0 2 0 0 4
1395.0 1 0 2 0 0 3
1400.0 1 0 2 0 0 3
1405.0 0 1 1 0 0 2
1410.0 0 1 1 0 0 2
1415.0 0 1 1 0 0 2
1420.0 1 2 0 0 0 3
1425.0 1 2 0 0 0 3
1430.0 1 2 0 0 0 3
1435.0 1 1 0 0 0 2
