5.0 0 0 0 0 0 0
10.0 0 0 0 0 0 0
15.0 0 0 0 0 0 0
20.0 0 0 0 0 0 0
25.0 0 0 0 0 0 0
30.0 0 0 0 0 0 0
35.0 0 0 0 0 0 0
40.0 0 0 0 0 0 0
45.0 0 0 0 0 0 0
50.0 0 0 0 0 0 0
55.0 0 0 0 0 0 0
60.0 0 0 0 0 0 0
65.0 0 0 0 0 0 0
70.0 0 0 0 0 0 0
75.0 0 0 0 0 0 0
80.0 0 0 0 0 0 0
85.0 0 0 0 0 0 0
90.0 0 0 0 0 0 0
95.0 0 0 0 0 0 0
100.0 0 0 0 0 0 0
105.0 0 0 0 0 0 0
110.0 0 0 0 0 0 0
115.0 0 0 0 0 0 0
120.0 0 0 0 0 0 0
125.0 0 0 0 0 0 0
130.0 0 0 0 0 0 0
135.0 0 0 0 0 0 0
140.0 0 0 0 0 0 0
145.0 0 0 0 0 0 0
150.0 0 0 0 0 0 0
155.0 0 0 0 0 0 0
160.0 0 0 0 0 0 0
165.0 0 0 0 0 0 0
170.0 0 0 0 0 0 0
175.0 0 0 0 0 0 0
180.0 0 0 0 0 0 0
185.0 0 0 0 0 0 0
190.0 0 0 0 0 0 0
195.0 0 0 0 0 0 0
200.0 0 0 0 0 0 0
205.0 0 0 0 0 0 0
210.0 0 0 0 0 0 0
215.0 0 0 0 0 0 0
220.0 0 0 0 0 0 0
225.0 0 0 0 0 0 0
230.0 0 0 0 0 0 0
235.0 0 0 0 0 0 0
240.0 0 0 0 0 0 0
245.0 0 0 0 0 0 0
250.0 0 0 0 0 0 0
255.0 0 0 0 0 0 0
260.0 0 0 0 0 0 0
265.0 1 0 0 0 0 1
270.0 1 0 0 0 0 1
275.0 1 0 0 0 0 1
280.0 0 0 0 1 0 1
285.0 0 0 0 1 0 1
290.0 0 0 0 1 0 1
295.0 0 0 0 1 0 1
300.0 0 0 0 1 0 1
305.0 0 1 0 0 0 1
310.0 0 1 0 0 0 1
315.0 0 1 0 0 1 2
320.0 0 2 0 0 1 3
325.0 0 2 0 0 1 3
330.0 0 2 0 0 1 3
335.0 0 2 0 0 2 4
340.0 2 2 0 0 2 6
345.0 2 2 1 0 2 7
350.0 1 2 1 0 2 6
355.0 0 2 1 0 2 5
360.0 0 2 1 0 2 5
365.0 0 2 1 0 2 5
370.0 0 3 1 0 2 6
375.0 0 3 1 0 2 6
380.0 0 2 2 0 2 6
385.0 2 3 2 1 2 10
390.0 3 2 2 2 2 11
395.0 3 2 2 1 3 11
400.0 2 2 2 1 3 10
405.0 2 2 2 1 4 11
410.0 3 4 3 0 4 14
415.0 2 4 6 0 4 16
420.0 2 4 6 1 4 17
425.0 2 2 6 2 4 16
430.0 4 2 5 1 3 15
435.0 4 1 7 3 3 18
440.0 5 3 7 4 5 24
445.0 6 5 9 4 4 28
450.0 8 5 10 3 4 30
455.0 7 5 10 4 5 31
460.0 9 6 12 4 8 39
465.0 9 7 16 4 8 44
470.0 11 8 17 2 8 46
475.0 12 10 18 2 7 49
480.0 13 12 18 0 6 49
485.0 13 12 19 1 7 52
490.0 14 10 22 1 8 55
495.0 15 10 23 1 9 58
500.0 15 13 20 2 8 58
505.0 16 13 22 2 7 60
510.0 16 14 28 3 7 68
515.0 16 15 30 4 7 72
520.0 21 15 31 4 7 78
525.0 19 14 33 4 6 76
530.0 16 16 32 7 6 77
535.0 15 18 34 8 5 80
540.0 18 23 30 8 6 85
545.0 17 28 27 10 8 90
550.0 17 31 30 12 9 99
555.0 22 30 31 13 8 104
560.0 23 32 25 12 8 100
565.0 26 34 28 10 7 105
570.0 29 31 32 10 9 111
575.0 28 30 35 12 9 114
580.0 26 29 43 11 10 119
585.0 28 29 46 13 12 128
590.0 28 30 41 14 11 124
595.0 30 26 41 14 11 122
600.0 30 30 46 13 11 130
605.0 27 29 51 13 12 132
610.0 29 34 51 14 14 142
615.0 27 33 51 16 12 139
620.0 26 34 51 19 10 140
625.0 27 38 45 19 12 141
630.0 28 36 47 19 11 141
635.0 25 38 43 19 11 136
640.0 20 39 40 20 11 130
645.0 19 39 43 19 12 132
650.0 21 39 40 20 10 130
655.0 24 37 40 18 13 132
660.0 33 33 43 17 12 138
665.0 35 40 36 18 13 142
670.0 39 38 34 19 13 143
675.0 41 35 37 20 12 145
680.0 43 34 33 20 14 144
685.0 36 29 35 22 15 137
690.0 32 28 34 23 15 132
695.0 29 27 35 24 14 129
700.0 33 30 33 22 14 132
705.0 28 28 28 24 14 122
710.0 27 27 29 25 14 122
715.0 26 31 29 23 13 122
720.0 28 25 27 25 11 116
725.0 26 22 30 26 11 115
730.0 27 22 29 24 11 113
735.0 25 20 27 22 10 104
740.0 24 17 29 23 8 101
745.0 24 17 27 24 9 101
750.0 29 17 28 18 9 101
755.0 26 20 27 21 9 103
760.0 31 23 22 22 10 108
765.0 32 22 23 22 10 109
770.0 30 24 23 21 10 108
775.0 25 22 23 22 9 101
780.0 29 23 25 20 10 107
785.0 27 22 28 16 9 102
790.0 24 26 30 13 10 103
795.0 23 25 30 12 12 102
800.0 20 22 35 12 11 100
805.0 21 24 34 14 11 104
810.0 20 24 31 14 11 100
815.0 22 29 29 14 9 103
820.0 22 28 32 13 11 106
825.0 27 27 30 15 12 111
830.0 26 28 27 15 15 111
835.0 26 32 30 15 16 119
840.0 30 29 28 16 16 119
845.0 30 29 28 17 17 121
850.0 32 33 29 18 16 128
855.0 31 33 34 16 17 131
860.0 28 32 44 17 18 139
865.0 26 38 45 14 23 146
870.0 25 38 43 16 22 144
875.0 25 35 41 15 21 137
880.0 23 40 44 17 21 145
885.0 23 38 47 19 21 148
890.0 23 38 41 19 21 142
895.0 30 34 41 18 21 144
900.0 29 36 39 20 22 146
905.0 26 41 43 22 21 153
910.0 25 42 38 22 20 147
915.0 25 42 38 24 20 149
920.0 27 37 38 25 22 149
925.0 30 33 33 25 22 143
930.0 27 30 35 26 21 139
935.0 26 34 34 26 20 140
940.0 28 35 30 23 17 133
945.0 27 38 31 21 18 135
950.0 26 38 31 21 20 136
955.0 26 33 30 18 22 129
960.0 23 33 33 15 22 126
965.0 20 31 39 16 22 128
970.0 24 32 38 15 22 131
975.0 20 32 44 19 22 137
980.0 21 34 46 20 21 142
985.0 20 37 46 21 18 142
990.0 19 34 46 22 21 142
995.0 21 38 42 15 22 138
1000.0 20 37 41 15 22 135
1005.0 22 34 38 17 20 131
1010.0 24 36 39 20 19 138
1015.0 26 36 40 23 19 144
1020.0 28 38 41 22 17 146
1025.0 30 38 42 20 19 149
1030.0 30 34 38 20 21 143
1035.0 29 33 38 22 20 142
1040.0 28 34 34 26 22 144
1045.0 28 36 33 27 22 146
1050.0 32 39 37 27 24 159
1055.0 38 36 41 22 24 161
1060.0 37 36 49 21 25 168
1065.0 38 39 51 21 24 173
1070.0 42 37 46 19 22 166
1075.0 41 37 39 20 21 158
1080.0 42 35 39 25 21 162
1085.0 41 33 45 28 22 169
1090.0 41 34 49 29 22 175
1095.0 45 34 51 24 23 177
1100.0 40 39 52 21 21 173
1105.0 40 42 47 22 21 172
1110.0 43 45 43 20 21 172
1115.0 45 52 46 19 23 185
1120.0 44 49 48 14 24 179
1125.0 37 49 45 17 26 174
1130.0 37 49 49 16 24 175
1135.0 39 49 48 20 20 176
1140.0 42 48 44 23 18 175
1145.0 34 52 46 27 18 177
1150.0 31 54 43 26 18 172
1155.0 23 53 46 27 15 164
1160.0 23 51 52 25 14 165
1165.0 24 50 47 25 14 160
1170.0 29 48 48 20 14 159
1175.0 38 48 46 17 16 165
1180.0 44 50 44 16 18 172
1185.0 44 42 48 17 19 170
1190.0 46 41 43 16 19 165
1195.0 43 37 34 16 19 149
1200.0 38 34 31 18 19 140
1205.0 32 34 32 19 18 135
1210.0 31 30 32 17 17 127
1215.0 28 26 33 17 14 118
1220.0 29 26 32 16 13 116
1225.0 27 21 28 18 11 105
1230.0 22 17 23 22 11 95
1235.0 20 17 18 17 12 84
1240.0 17 17 23 17 11 85
1245.0 19 16 21 14 10 80
1250.0 18 18 20 12 10 78
1255.0 20 19 18 11 10 78
1260.0 22 19 12 10 8 71
1265.0 19 18 8 10 8 63
1270.0 16 14 8 10 9 57
1275.0 14 12 12 7 9 54
1280.0 11 10 12 7 9 49
1285.0 12 9 10 6 9 46
1290.0 15 7 11 5 7 45
1295.0 12 6 7 5 7 37
1300.0 11 6 7 6 6 36
1305.0 7 3 8 6 6 30
1310.0 6 2 8 5 7 28
1315.0 4 2 8 6 6 26
1320.0 3 2 5 5 5 20
1325.0 2 1 5 4 5 17
1330.0 4 1 3 3 5 16
1335.0 4 1 3 3 5 16
1340.0 2 1 3 2 2 10
1345.0 1 1 1 1 2 6
1350.0 1 1 1 1 2 6
1355.0 0 4 1 2 2 9
1360.0 1 4 1 3 1 10
1365.0 1 3 2 3 1 10
1370.0 1 1 2 2 0 6
1375.0 1 1 3 2 0 7
1380.0 0 1 4 1 0 6
1385.0 0 1 4 1 0 6
1390.0 0 1 5 0 0 6
1395.0 0 1 4 0 0 5
1400.0 0 1 3 0 0 4
1405.0 0 1 3 0 0 4
1410.0 1 1 1 0 0 3
1415.0 1 1 0 0 0 2
1420.0 1 0 0 0 0 1
1425.0 1 0 0 0 0 1
1430.0 0 0 0 0 0 0
1435.0 0 0 0 0 0 0
