5.0 0 0 0 0 0 0
10.0 0 0 0 0 0 0
15.0 0 0 0 0 0 0
20.0 0 0 0 0 0 0
25.0 0 0 0 0 0 0
30.0 0 0 0 0 0 0
35.0 0 0 0 0 0 0
40.0 0 0 0 0 0 0
45.0 0 0 0 0 0 0
50.0 0 0 0 0 0 0
55.0 0 0 0 0 0 0
60.0 0 0 0 0 0 0
65.0 0 0 0 0 0 0
70.0 0 0 0 0 0 0
75.0 0 0 0 0 0 0
80.0 0 0 0 0 0 0
85.0 0 0 0 0 0 0
90.0 0 0 0 0 0 0
95.0 0 0 0 0 0 0
100.0 0 0 0 0 0 0
105.0 0 0 0 0 0 0
110.0 0 0 0 0 0 0
115.0 0 0 0 0 0 0
120.0 0 0 0 0 0 0
125.0 0 0 0 0 0 0
130.0 0 0 0 0 0 0
135.0 0 0 0 0 0 0
140.0 0 0 0 0 0 0
145.0 0 0 0 0 0 0
150.0 0 0 0 0 0 0
155.0 0 0 0 0 0 0
160.0 0 0 0 0 0 0
165.0 0 0 0 0 0 0
170.0 0 0 0 0 0 0
175.0 0 0 0 0 0 0
180.0 0 0 0 0 0 0
185.0 0 0 0 0 0 0
190.0 0 0 0 0 0 0
195.0 0 0 0 0 0 0
200.0 0 0 0 1 0 1
205.0 0 0 0 1 0 1
210.0 0 0 0 1 0 1
215.0 0 0 0 1 0 1
220.0 0 0 1 0 0 1
225.0 0 0 1 0 0 1
230.0 0 0 1 0 0 1
235.0 0 0 1 1 0 2
240.0 0 0 0 1 0 1
245.0 0 0 0 1 0 1
250.0 0 0 0 1 0 1
255.0 0 0 0 1 0 1
260.0 0 0 0 1 0 1
265.0 0 0 0 1 0 1
270.0 1 0 1 0 0 2
275.0 1 0 1 0 0 2
280.0 1 0 3 0 0 4
285.0 0 0 4 0 0 4
290.0 0 0 4 0 0 4
295.0 0 1 4 0 0 5
300.0 1 1 4 0 0 6
305.0 2 1 3 0 0 6
310.0 2 1 3 0 0 6
315.0 2 2 3 0 0 7
320.0 2 2 2 0 0 6
325.0 1 2 2 0 0 5
330.0 1 2 2 0 0 5
335.0 1 3 2 0 0 6
340.0 2 3 4 0 0 9
345.0 1 2 5 0 0 8
350.0 1 3 5 0 0 9
355.0 2 4 5 0 0 11
360.0 3 6 5 0 0 14
365.0 4 7 6 0 1 18
370.0 5 6 5 3 3 22
375.0 6 6 3 5 4 24
380.0 7 12 4 4 5 32
385.0 5 12 5 4 5 31
390.0 7 13 9 2 5 36
395.0 9 12 12 2 5 40
400.0 13 14 14 3 6 50
405.0 15 18 15 6 6 60
410.0 17 20 18 6 8 69
415.0 18 26 22 5 8 79
420.0 21 29 20 7 8 85
425.0 23 30 21 9 9 92
430.0 24 28 29 10 9 100
435.0 24 25 34 11 10 104
440.0 29 21 42 15 11 118
445.0 31 23 46 15 12 127
450.0 31 28 47 16 13 135
455.0 32 39 53 15 17 156
460.0 41 41 55 13 21 171
465.0 43 43 58 16 24 184
470.0 44 43 62 18 24 191
475.0 44 39 67 22 27 199
480.0 50 47 71 23 27 218
485.0 47 47 80 27 28 229
490.0 51 58 87 25 27 248
495.0 59 58 91 27 30 265
500.0 66 54 94 34 29 277
505.0 65 64 97 36 27 289
510.0 71 68 92 36 27 294
515.0 69 65 101 40 28 303
520.0 65 65 106 43 32 311
525.0 66 69 108 48 33 324
530.0 78 76 109 54 34 351
535.0 79 85 111 54 38 367
540.0 81 87 116 62 40 386
545.0 91 89 122 64 40 406
550.0 89 89 131 61 46 416
555.0 102 95 128 57 44 426
560.0 102 99 134 63 41 439
565.0 101 99 143 73 42 458
570.0 110 110 136 74 42 472
575.0 110 113 144 77 44 488
580.0 118 117 146 80 46 507
585.0 128 114 152 80 48 522
590.0 130 106 148 82 50 516
595.0 121 108 155 76 56 516
600.0 124 109 161 71 55 520
605.0 114 114 161 74 56 519
610.0 116 123 173 75 61 548
615.0 116 121 179 73 67 556
620.0 120 133 170 74 64 561
625.0 119 129 161 73 62 544
630.0 123 129 164 75 58 549
635.0 115 135 161 83 54 548
640.0 119 135 155 85 50 544
645.0 111 145 159 82 47 544
650.0 108 140 157 76 48 529
655.0 100 136 158 78 52 524
660.0 101 137 151 79 51 519
665.0 105 139 158 81 50 533
670.0 99 151 155 79 53 537
675.0 96 149 160 81 54 540
680.0 103 147 158 71 61 540
685.0 102 141 155 72 66 536
690.0 100 143 148 68 62 521
695.0 98 145 144 61 58 506
700.0 99 144 140 63 59 505
705.0 86 143 139 63 60 491
710.0 83 146 134 59 56 478
715.0 81 135 129 56 58 459
720.0 83 127 123 47 60 440
725.0 85 131 120 42 58 436
730.0 84 129 125 44 55 437
735.0 84 118 126 48 53 429
740.0 84 106 125 46 53 414
745.0 79 101 122 49 47 398
750.0 82 96 124 49 45 396
755.0 81 97 123 43 47 391
760.0 79 96 119 37 48 379
765.0 82 96 115 38 49 380
770.0 82 96 112 45 49 384
775.0 83 101 117 48 46 395
780.0 87 98 117 47 44 393
785.0 81 100 118 54 47 400
790.0 77 103 114 59 46 399
795.0 76 114 103 65 43 401
800.0 79 109 104 72 47 411
805.0 89 118 100 68 44 419
810.0 85 115 100 68 46 414
815.0 92 121 103 64 49 429
820.0 93 124 106 63 47 433
825.0 98 121 111 63 48 441
830.0 97 118 110 69 49 443
835.0 99 113 117 63 47 439
840.0 101 120 120 61 46 448
845.0 98 118 132 62 47 457
850.0 102 116 141 61 50 470
855.0 109 121 138 57 50 475
860.0 120 123 133 60 45 481
865.0 115 124 134 61 45 479
870.0 112 117 132 57 45 463
875.0 114 122 133 55 45 469
880.0 108 121 133 57 39 458
885.0 102 121 140 71 40 474
890.0 107 119 139 74 42 481
895.0 115 127 135 71 41 489
900.0 120 134 149 65 41 509
905.0 128 133 150 68 41 520
910.0 127 132 158 71 40 528
915.0 134 122 156 72 42 526
920.0 131 113 154 77 38 513
925.0 125 109 147 79 40 500
930.0 113 115 144 84 40 496
935.0 110 116 140 85 39 490
940.0 105 122 144 79 37 487
945.0 99 116 147 83 39 484
950.0 111 112 143 85 42 493
955.0 112 114 137 88 45 496
960.0 117 115 142 87 49 510
965.0 110 124 149 87 51 521
970.0 110 125 154 86 54 529
975.0 108 132 156 78 54 528
980.0 111 131 156 76 53 527
985.0 107 137 160 73 48 525
990.0 113 146 158 66 46 529
995.0 110 156 153 62 45 526
1000.0 116 145 158 55 47 521
1005.0 108 150 152 63 46 519
1010.0 110 147 149 64 50 520
1015.0 114 153 155 66 50 538
1020.0 109 149 156 63 52 529
1025.0 110 140 157 64 47 518
1030.0 116 133 161 77 48 535
1035.0 119 136 155 72 46 528
1040.0 120 144 158 72 43 537
1045.0 119 139 159 78 46 541
1050.0 115 138 151 82 46 532
1055.0 112 134 159 83 47 535
1060.0 119 132 165 85 50 551
1065.0 123 139 161 84 49 556
1070.0 131 144 170 83 49 577
1075.0 125 142 164 82 50 563
1080.0 120 151 168 78 53 570
1085.0 115 159 173 75 52 574
1090.0 119 166 161 71 51 568
1095.0 115 166 165 72 53 571
1100.0 112 162 169 78 53 574
1105.0 103 166 175 79 53 576
1110.0 100 160 170 82 54 566
1115.0 105 158 179 72 58 572
1120.0 120 144 178 70 60 572
1125.0 134 133 178 68 56 569
1130.0 136 142 171 68 58 575
1135.0 127 155 163 69 62 576
1140.0 127 167 150 69 60 573
1145.0 129 166 159 68 57 579
1150.0 129 173 154 69 60 585
1155.0 126 163 161 72 62 584
1160.0 122 161 157 75 66 581
1165.0 125 155 155 78 68 581
1170.0 126 140 151 76 67 560
1175.0 119 136 150 76 70 551
1180.0 115 134 135 73 69 526
1185.0 120 125 144 75 63 527
1190.0 125 118 147 72 60 522
1195.0 114 114 142 66 58 494
1200.0 109 103 137 62 54 465
1205.0 100 105 129 64 50 448
1210.0 103 96 130 61 47 437
1215.0 99 98 125 55 46 423
1220.0 97 99 128 51 41 416
1225.0 93 95 116 47 39 390
1230.0 87 96 112 45 38 378
1235.0 85 91 107 39 41 363
1240.0 72 92 93 41 40 338
1245.0 75 93 81 42 42 333
1250.0 71 86 83 39 39 318
1255.0 69 73 84 37 33 296
1260.0 69 59 76 36 30 270
1265.0 60 64 72 31 27 254
1270.0 52 54 70 31 27 234
1275.0 48 47 62 30 25 212
1280.0 49 37 56 28 21 191
1285.0 44 37 53 25 21 180
1290.0 43 35 55 20 21 174
1295.0 39 35 51 17 15 157
1300.0 31 26 53 15 16 141
1305.0 25 21 42 13 17 118
1310.0 19 21 35 11 15 101
1315.0 17 21 36 10 13 97
1320.0 18 20 31 7 11 87
1325.0 17 20 27 7 9 80
1330.0 11 20 20 6 6 63
1335.0 14 17 17 3 5 56
1340.0 14 15 15 2 5 51
1345.0 14 15 13 2 4 48
1350.0 13 13 12 2 3 43
1355.0 10 11 11 1 3 36
1360.0 9 10 12 0 4 35
1365.0 9 7 10 0 3 29
1370.0 5 7 7 1 3 23
1375.0 5 7 7 3 3 25
1380.0 6 8 3 3 2 22
1385.0 5 7 1 2 2 17
1390.0 1 7 3 2 2 15
1395.0 1 5 4 1 2 13
1400.0 0 3 4 1 1 9
1405.0 1 2 5 1 1 10
1410.0 0 1 5 2 1 9
1415.0 0 1 4 1 1 7
1420.0 0 1 3 1 1 6
1425.0 0 1 0 1 2 4
1430.0 0 1 0 0 3 4
1435.0 0 1 0 0 3 4
