5.0 0 0 0 0 0 0
10.0 0 0 0 0 0 0
15.0 0 0 0 0 0 0
20.0 0 0 0 0 0 0
25.0 0 0 0 0 0 0
30.0 0 0 0 0 0 0
35.0 0 0 0 0 0 0
40.0 0 0 0 0 0 0
45.0 0 0 0 0 0 0
50.0 0 0 0 0 0 0
55.0 0 0 0 0 0 0
60.0 0 0 0 0 0 0
65.0 0 0 0 0 0 0
70.0 0 0 0 0 0 0
75.0 0 0 0 0 0 0
80.0 0 0 0 0 0 0
85.0 0 0 0 0 0 0
90.0 0 0 0 0 0 0
95.0 0 0 0 0 0 0
100.0 0 0 0 0 0 0
105.0 0 0 0 0 0 0
110.0 0 0 0 0 0 0
115.0 0 0 0 0 0 0
120.0 0 0 0 0 0 0
125.0 0 0 0 0 0 0
130.0 0 0 0 0 0 0
135.0 0 0 0 0 0 0
140.0 0 0 0 0 0 0
145.0 0 0 0 0 0 0
150.0 0 0 0 0 0 0
155.0 0 0 0 0 0 0
160.0 0 0 0 0 0 0
165.0 0 0 0 0 0 0
170.0 0 0 0 0 0 0
175.0 0 0 0 0 0 0
180.0 0 0 0 0 0 0
185.0 0 0 0 0 0 0
190.0 0 0 0 0 0 0
195.0 0 0 0 0 0 0
200.0 0 0 0 0 0 0
205.0 0 0 0 0 0 0
210.0 0 0 0 0 0 0
215.0 0 0 0 0 0 0
220.0 0 0 0 0 0 0
225.0 0 0 0 0 0 0
230.0 0 0 0 0 0 0
235.0 0 0 0 0 0 0
240.0 0 0 0 0 0 0
245.0 0 0 0 0 0 0
250.0 0 0 0 0 0 0
255.0 0 0 0 0 0 0
260.0 0 0 0 0 0 0
265.0 0 0 0 0 0 0
270.0 0 1 0 0 0 1
275.0 0 1 0 0 0 1
280.0 0 1 0 0 0 1
285.0 0 2 0 0 0 2
290.0 0 2 0 1 0 3
295.0 0 2 0 1 0 3
300.0 0 2 0 1 0 3
305.0 0 2 0 1 0 3
310.0 0 2 0 1 0 3
315.0 0 2 0 1 0 3
320.0 0 1 1 1 0 3
325.0 0 1 1 1 0 3
330.0 0 1 0 1 0 2
335.0 1 1 1 1 0 4
340.0 1 3 1 1 0 6
345.0 1 3 1 2 0 7
350.0 1 3 1 2 0 7
355.0 0 4 1 2 0 7
360.0 0 4 1 2 0 7
365.0 0 4 2 2 0 8
370.0 0 5 2 2 0 9
375.0 2 7 2 2 0 13
380.0 6 7 2 3 0 18
385.0 5 7 1 4 0 17
390.0 5 7 2 4 1 19
395.0 5 7 2 4 1 19
400.0 4 8 4 5 1 22
405.0 7 8 7 3 1 26
410.0 9 7 8 2 1 27
415.0 9 8 7 2 1 27
420.0 9 7 8 2 1 27
425.0 8 8 9 3 2 30
430.0 10 8 11 5 2 36
435.0 11 12 12 4 2 41
440.0 8 10 14 7 3 42
445.0 12 11 17 7 3 50
450.0 11 16 19 7 3 56
455.0 16 15 23 7 3 64
460.0 19 18 23 6 6 72
465.0 18 19 27 5 6 75
470.0 19 21 29 6 6 81
475.0 20 22 36 5 5 88
480.0 19 19 38 7 5 88
485.0 19 19 37 11 5 91
490.0 26 18 34 10 5 93
495.0 30 20 35 10 6 101
500.0 32 21 38 12 8 111
505.0 36 24 44 9 9 122
510.0 40 25 44 11 12 132
515.0 37 28 42 16 13 136
520.0 37 34 42 18 12 143
525.0 38 34 48 21 13 154
530.0 35 38 48 22 13 156
535.0 34 44 52 23 15 168
540.0 30 46 54 21 16 167
545.0 36 45 54 25 18 178
550.0 36 49 53 26 18 182
555.0 41 51 54 23 19 188
560.0 49 45 59 21 18 192
565.0 48 48 63 21 21 201
570.0 49 49 69 20 19 206
575.0 50 59 66 24 24 223
580.0 45 53 73 27 25 223
585.0 49 61 73 30 26 239
590.0 59 64 77 26 27 253
595.0 66 64 83 31 28 272
600.0 60 62 81 32 30 265
605.0 63 57 78 36 30 264
610.0 60 55 77 40 31 263
615.0 60 57 76 42 35 270
620.0 63 62 83 34 32 274
625.0 61 60 79 34 34 268
630.0 57 62 77 35 35 266
635.0 59 60 75 37 38 269
640.0 56 62 71 39 39 267
645.0 55 61 75 41 35 267
650.0 63 60 69 46 36 274
655.0 59 61 70 44 34 268
660.0 62 56 74 44 33 269
665.0 55 60 78 44 33 270
670.0 62 60 74 42 31 269
675.0 68 55 68 42 31 264
680.0 68 49 74 44 31 266
685.0 68 47 74 39 32 260
690.0 68 45 69 35 32 249
695.0 64 47 68 34 31 244
700.0 59 53 73 36 30 251
705.0 52 56 70 33 31 242
710.0 53 53 66 32 31 235
715.0 49 51 67 38 30 235
720.0 43 48 68 44 27 230
725.0 41 45 65 42 27 220
730.0 45 47 63 44 30 229
735.0 49 48 64 36 25 222
740.0 53 44 61 38 26 222
745.0 48 43 64 38 24 217
750.0 50 45 59 35 22 211
755.0 48 49 54 32 21 204
760.0 43 53 59 34 21 210
765.0 38 56 63 29 23 209
770.0 41 55 63 28 24 211
775.0 46 53 57 29 23 208
780.0 41 49 59 28 22 199
785.0 39 44 66 28 23 200
790.0 37 46 65 27 24 199
795.0 39 46 64 26 22 197
800.0 34 46 63 26 23 192
805.0 37 44 62 28 24 195
810.0 40 43 63 25 25 196
815.0 39 48 65 28 22 202
820.0 43 52 66 28 22 211
825.0 47 51 65 25 20 208
830.0 46 53 57 27 21 204
835.0 45 49 55 29 19 197
840.0 44 48 65 30 19 206
845.0 41 52 70 35 19 217
850.0 40 49 67 33 21 210
855.0 43 50 66 32 19 210
860.0 53 48 73 30 18 222
865.0 53 47 72 30 17 219
870.0 56 44 71 29 16 216
875.0 55 47 74 32 17 225
880.0 51 56 72 35 16 230
885.0 56 58 72 34 16 236
890.0 49 60 69 37 16 231
895.0 49 63 72 39 17 240
900.0 49 62 75 37 15 238
905.0 52 62 75 40 17 246
910.0 54 66 74 40 16 250
915.0 60 70 68 42 16 256
920.0 64 63 71 46 18 262
925.0 61 65 69 43 22 260
930.0 50 66 70 44 22 252
935.0 55 64 64 43 22 248
940.0 63 63 65 44 27 262
945.0 63 63 61 42 27 256
950.0 60 66 70 37 25 258
955.0 60 55 66 36 21 238
960.0 61 59 64 38 17 239
965.0 65 59 64 39 16 243
970.0 62 57 68 38 15 240
975.0 57 55 69 34 16 231
980.0 59 51 63 43 15 231
985.0 64 51 60 40 16 231
990.0 65 57 62 39 16 239
995.0 63 60 63 41 15 242
1000.0 69 62 66 35 14 246
1005.0 76 60 67 34 18 255
1010.0 80 60 65 34 19 258
1015.0 70 61 70 31 23 255
1020.0 65 57 72 27 23 244
1025.0 56 58 75 33 24 246
1030.0 62 58 75 32 25 252
1035.0 55 58 76 35 27 251
1040.0 51 59 76 39 29 254
1045.0 44 58 78 41 29 250
1050.0 45 57 74 41 28 245
1055.0 51 61 77 34 31 254
1060.0 56 56 79 33 33 257
1065.0 57 53 80 32 32 254
1070.0 53 54 81 35 28 251
1075.0 56 57 83 37 30 263
1080.0 56 64 82 36 28 266
1085.0 55 65 82 35 28 265
1090.0 55 63 81 33 30 262
1095.0 58 64 83 31 31 267
1100.0 53 66 85 33 31 268
1105.0 60 63 83 32 33 271
1110.0 64 61 92 32 34 283
1115.0 65 58 88 33 36 280
1120.0 66 64 77 38 34 279
1125.0 60 66 82 39 33 280
1130.0 59 75 83 35 36 288
1135.0 56 84 80 37 35 292
1140.0 52 78 81 40 37 288
1145.0 61 79 78 38 38 294
1150.0 64 74 77 33 36 284
1155.0 56 76 80 34 31 277
1160.0 53 79 78 35 34 279
1165.0 53 71 77 32 31 264
1170.0 47 65 76 29 29 246
1175.0 46 63 67 30 28 234
1180.0 46 60 58 33 31 228
1185.0 44 58 61 35 32 230
1190.0 45 52 61 39 33 230
1195.0 49 54 61 42 30 236
1200.0 48 57 59 37 33 234
1205.0 48 52 58 35 31 224
1210.0 42 49 61 34 29 215
1215.0 38 56 59 31 27 211
1220.0 43 57 60 27 28 215
1225.0 40 52 57 28 26 203
1230.0 38 44 60 27 25 194
1235.0 36 47 57 25 24 189
1240.0 32 44 53 25 22 176
1245.0 37 38 52 22 22 171
1250.0 36 42 45 22 20 165
1255.0 34 35 42 18 21 150
1260.0 34 34 43 19 19 149
1265.0 32 31 39 21 14 137
1270.0 31 26 32 21 13 123
1275.0 29 23 28 20 12 112
1280.0 20 22 25 24 10 101
1285.0 19 22 26 16 11 94
1290.0 18 20 26 14 11 89
1295.0 19 18 27 15 10 89
1300.0 15 15 25 14 8 77
1305.0 9 13 25 11 7 65
1310.0 6 12 17 10 6 51
1315.0 7 11 15 11 5 49
1320.0 6 10 14 11 5 46
1325.0 3 9 15 10 6 43
1330.0 3 8 16 10 5 42
1335.0 2 6 13 11 6 38
1340.0 3 7 12 7 7 36
1345.0 3 7 11 7 6 34
1350.0 4 6 7 4 5 26
1355.0 3 6 4 3 4 20
1360.0 2 5 5 4 3 19
1365.0 2 4 2 4 3 15
1370.0 2 4 3 4 2 15
1375.0 2 4 3 3 0 12
1380.0 1 4 3 2 0 10
1385.0 1 3 3 2 0 9
1390.0 0 3 4 2 0 9
1395.0 1 3 4 0 0 8
1400.0 0 2 4 0 0 6
1405.0 0 1 3 0 0 4
1410.0 1 1 1 0 1 4
1415.0 1 1 0 0 0 2
1420.0 1 1 0 0 0 2
1425.0 1 1 0 0 0 2
1430.0 1 1 0 0 0 2
1435.0 0 1 0 0 0 1
