5.0 0 0 0 0 0 0
10.0 0 0 0 0 0 0
15.0 0 0 0 0 0 0
20.0 0 0 0 0 0 0
25.0 0 0 0 0 0 0
30.0 0 0 0 0 0 0
35.0 0 0 0 0 0 0
40.0 0 0 0 0 0 0
45.0 0 0 0 0 0 0
50.0 0 0 0 0 0 0
55.0 0 0 0 0 0 0
60.0 0 0 0 0 0 0
65.0 0 0 0 0 0 0
70.0 0 0 0 0 0 0
75.0 0 0 0 0 0 0
80.0 0 0 0 0 0 0
85.0 0 0 0 0 0 0
90.0 0 0 0 0 0 0
95.0 0 0 0 0 0 0
100.0 0 0 0 0 0 0
105.0 0 0 0 0 0 0
110.0 0 0 0 0 0 0
115.0 0 0 0 0 0 0
120.0 0 0 0 0 0 0
125.0 0 0 0 0 0 0
130.0 0 0 0 0 0 0
135.0 0 0 0 0 0 0
140.0 0 0 0 0 0 0
145.0 0 0 0 0 0 0
150.0 0 0 0 0 0 0
155.0 0 0 0 0 0 0
160.0 0 0 0 0 0 0
165.0 0 0 0 0 0 0
170.0 0 0 0 0 0 0
175.0 0 0 0 0 0 0
180.0 0 0 0 0 0 0
185.0 0 0 0 0 0 0
190.0 0 0 0 0 0 0
195.0 0 0 0 0 0 0
200.0 0 0 0 0 0 0
205.0 0 0 0 0 0 0
210.0 0 0 0 0 0 0
215.0 0 0 0 0 0 0
220.0 0 0 1 0 0 1
225.0 0 0 1 0 0 1
230.0 0 0 1 0 0 1
235.0 0 0 1 0 0 1
240.0 0 0 1 0 0 1
245.0 0 0 1 0 0 1
250.0 0 0 1 0 0 1
255.0 0 0 1 0 0 1
260.0 0 0 1 0 0 1
265.0 0 0 1 0 0 1
270.0 0 0 0 0 0 0
275.0 0 0 0 0 0 0
280.0 0 0 0 0 0 0
285.0 0 0 0 0 0 0
290.0 0 0 0 0 0 0
295.0 0 0 0 1 0 1
300.0 0 0 0 1 0 1
305.0 0 0 1 1 0 2
310.0 0 0 1 1 0 2
315.0 0 1 1 1 0 3
320.0 0 1 1 1 0 3
325.0 1 2 1 1 0 5
330.0 2 2 2 0 0 6
335.0 2 2 5 2 1 12
340.0 3 2 4 3 1 13
345.0 3 2 6 3 1 15
350.0 4 3 5 3 1 16
355.0 4 3 6 5 1 19
360.0 6 4 5 4 1 20
365.0 7 5 4 4 1 21
370.0 9 7 6 4 1 27
375.0 8 8 8 4 2 30
380.0 7 10 8 5 3 33
385.0 9 14 10 4 3 40
390.0 8 14 12 6 3 43
395.0 13 13 10 7 4 47
400.0 15 12 10 5 5 47
405.0 13 13 10 6 5 47
410.0 13 13 11 8 5 50
415.0 15 15 15 9 4 58
420.0 15 19 21 9 4 68
425.0 18 18 23 11 6 76
430.0 19 22 24 12 7 84
435.0 20 26 28 12 7 93
440.0 21 31 27 13 7 99
445.0 25 33 28 13 9 108
450.0 24 36 33 15 9 117
455.0 26 44 32 15 8 125
460.0 31 44 37 19 8 139
465.0 33 50 37 19 8 147
470.0 42 51 40 20 10 163
475.0 41 53 41 22 11 168
480.0 42 57 43 29 11 182
485.0 52 58 49 34 12 205
490.0 58 66 49 34 9 216
495.0 55 69 56 36 12 228
500.0 67 69 60 37 13 246
505.0 74 69 61 33 12 249
510.0 73 74 67 33 12 259
515.0 73 74 69 37 13 266
520.0 73 86 80 41 12 292
525.0 79 86 87 40 15 307
530.0 83 87 91 38 17 316
535.0 88 94 88 36 19 325
540.0 87 96 93 40 20 336
545.0 85 87 109 40 19 340
550.0 91 83 119 40 23 356
555.0 93 83 117 39 23 355
560.0 97 85 123 43 26 374
565.0 99 83 121 49 27 379
570.0 99 88 125 52 32 396
575.0 105 92 131 55 34 417
580.0 113 98 131 56 41 439
585.0 117 96 135 62 47 457
590.0 112 92 136 66 45 451
595.0 110 95 134 71 47 457
600.0 104 91 132 75 50 452
605.0 106 100 136 71 52 465
610.0 102 101 138 79 46 466
615.0 103 100 133 79 47 462
620.0 98 97 132 81 50 458
625.0 106 108 135 70 54 473
630.0 113 109 138 69 50 479
635.0 110 109 151 73 45 488
640.0 114 116 158 71 44 503
645.0 120 113 166 73 45 517
650.0 121 123 157 73 47 521
655.0 121 116 155 64 48 504
660.0 110 111 160 62 46 489
665.0 103 106 156 65 47 477
670.0 113 106 152 60 45 476
675.0 108 115 154 55 45 477
680.0 110 109 150 55 42 466
685.0 114 104 143 51 42 454
690.0 112 99 137 55 46 449
695.0 117 98 134 52 44 445
700.0 101 94 130 56 43 424
705.0 86 97 134 58 41 416
710.0 83 93 130 54 36 396
715.0 88 101 131 49 33 402
720.0 94 107 125 46 34 406
725.0 93 108 121 45 34 401
730.0 87 98 117 50 36 388
735.0 74 104 115 56 33 382
740.0 72 95 109 58 31 365
745.0 75 101 104 51 32 363
750.0 70 94 103 54 29 350
755.0 62 92 99 56 27 336
760.0 66 85 94 54 26 325
765.0 68 81 95 60 26 330
770.0 67 79 100 56 26 328
775.0 71 75 99 53 26 324
780.0 69 72 106 50 27 324
785.0 62 66 106 52 26 312
790.0 61 72 98 47 28 306
795.0 70 67 98 45 28 308
800.0 74 65 96 45 26 306
805.0 75 70 96 40 27 308
810.0 75 73 94 37 28 307
815.0 79 78 95 32 30 314
820.0 80 77 103 32 32 324
825.0 87 79 104 33 34 337
830.0 85 78 113 31 37 344
835.0 81 83 116 36 36 352
840.0 80 85 113 37 33 348
845.0 88 83 116 34 34 355
850.0 93 87 117 36 36 369
855.0 90 87 108 42 40 367
860.0 96 84 109 43 41 373
865.0 96 84 114 46 37 377
870.0 93 88 122 44 37 384
875.0 94 93 126 45 41 399
880.0 94 93 126 44 42 399
885.0 94 93 130 42 41 400
890.0 98 95 131 36 43 403
895.0 97 92 127 37 44 397
900.0 97 94 132 38 48 409
905.0 100 89 132 41 48 410
910.0 95 88 136 37 46 402
915.0 94 92 140 40 48 414
920.0 100 93 139 42 47 421
925.0 105 102 136 42 44 429
930.0 99 113 138 44 44 438
935.0 95 112 141 44 46 438
940.0 85 111 142 47 43 428
945.0 88 115 132 45 43 423
950.0 91 111 137 41 44 424
955.0 91 118 128 40 44 421
960.0 98 111 123 40 46 418
965.0 89 115 127 54 46 431
970.0 90 114 129 52 44 429
975.0 87 118 128 53 44 430
980.0 80 120 117 52 42 411
985.0 80 116 119 52 38 405
990.0 90 113 121 51 38 413
995.0 92 114 124 58 38 426
1000.0 90 120 131 58 40 439
1005.0 92 127 127 60 36 442
1010.0 99 114 130 58 33 434
1015.0 97 116 129 64 32 438
1020.0 97 117 129 71 35 449
1025.0 100 103 126 74 34 437
1030.0 105 107 127 67 29 435
1035.0 103 115 135 65 29 447
1040.0 106 112 139 60 34 451
1045.0 104 115 140 65 32 456
1050.0 98 117 148 68 33 464
1055.0 99 113 146 67 41 466
1060.0 99 117 142 65 39 462
1065.0 99 119 142 70 41 471
1070.0 100 118 140 63 44 465
1075.0 104 123 151 61 41 480
1080.0 103 125 152 61 42 483
1085.0 103 125 144 62 38 472
1090.0 111 122 148 61 38 480
1095.0 110 124 147 61 37 479
1100.0 115 126 140 69 34 484
1105.0 118 122 149 70 33 492
1110.0 115 123 159 73 34 504
1115.0 116 126 163 73 34 512
1120.0 115 128 157 66 35 501
1125.0 111 136 165 66 35 513
1130.0 108 142 174 65 32 521
1135.0 113 132 166 65 33 509
1140.0 108 123 163 67 29 490
1145.0 103 114 167 72 29 485
1150.0 99 108 158 70 28 463
1155.0 107 109 157 69 29 471
1160.0 104 105 149 71 31 460
1165.0 101 109 143 73 27 453
1170.0 106 105 138 69 28 446
1175.0 107 109 126 66 33 441
1180.0 110 115 120 63 35 443
1185.0 100 112 121 66 39 438
1190.0 96 101 127 71 43 438
1195.0 91 106 122 66 43 428
1200.0 95 89 113 68 44 409
1205.0 96 83 113 67 38 397
1210.0 93 81 111 61 35 381
1215.0 81 73 102 59 34 349
1220.0 79 75 100 52 30 336
1225.0 75 77 89 54 29 324
1230.0 79 76 93 48 24 320
1235.0 70 65 88 43 23 289
1240.0 70 67 87 39 24 287
1245.0 59 60 82 40 25 266
1250.0 51 54 78 41 21 245
1255.0 48 49 68 36 20 221
1260.0 43 49 68 29 21 210
1265.0 50 44 56 27 15 192
1270.0 46 45 48 28 16 183
1275.0 43 41 37 28 17 166
1280.0 36 36 39 27 12 150
1285.0 34 35 36 18 14 137
1290.0 28 36 34 17 12 127
1295.0 28 33 26 18 14 119
1300.0 25 31 24 16 15 111
1305.0 22 30 25 13 16 106
1310.0 17 30 20 11 15 93
1315.0 14 27 17 11 14 83
1320.0 15 25 14 9 12 75
1325.0 15 27 14 8 9 73
1330.0 14 24 12 6 8 64
1335.0 11 24 13 4 6 58
1340.0 11 21 11 3 7 53
1345.0 9 20 8 4 6 47
1350.0 8 17 7 3 7 42
1355.0 8 12 9 2 5 36
1360.0 4 9 8 4 4 29
1365.0 3 8 6 5 3 25
1370.0 3 5 5 3 3 19
1375.0 2 5 4 3 2 16
1380.0 0 4 6 3 2 15
1385.0 0 4 5 3 2 14
1390.0 1 2 5 3 2 13
1395.0 3 2 3 1 2 11
1400.0 4 2 3 0 2 11
1405.0 3 2 3 0 2 10
1410.0 3 2 3 0 2 10
1415.0 1 1 2 1 2 7
1420.0 0 2 2 1 2 7
1425.0 0 2 1 1 1 5
1430.0 0 2 1 1 1 5
1435.0 0 2 1 2 1 6
