[0.0, 0.23624125643394484, 0.2646166028771281, 0.31674805331925565, 0.10861818661739475, 0.07377590075227662]
[0.5507380073800738, 0.0, 0.06580565805658056, 0.14944649446494465, 0.22447724477244774, 0.009532595325953259]
[0.6558169513374154, 0.07573316145665485, 0.0, 0.16435707379954884, 0.07315501127940703, 0.030937802126973897]
[0.6578798185941043, 0.1544784580498866, 0.1354875283446712, 0.0, 0.036281179138321996, 0.015873015873015872]
[0.4510108864696734, 0.34110938310005184, 0.11560393986521514, 0.07568688439606014, 0.0, 0.01658890616899948]
[0.7516778523489933, 0.05503355704697987, 0.10738255033557047, 0.06711409395973154, 0.01879194630872483, 0.0]
{'pos': (10.0, 85.68450312717165), 'adm': (10.0, 30.919110411336348), 'inf': (10.0, 38.168689828380074), 'mul': (10.0, 38.47197106690778), None: (10.0, 35.570806387752405), 'bib': (10.0, 33.74135546334716)}
5.0 0 0 0 0 0 0
10.0 0 0 0 0 0 0
15.0 0 0 0 0 0 0
20.0 0 0 0 0 0 0
25.0 0 0 0 0 0 0
30.0 0 0 0 0 0 0
35.0 0 0 0 0 0 0
40.0 0 0 0 0 0 0
45.0 0 0 0 0 0 0
50.0 0 0 0 0 0 0
55.0 0 0 0 0 0 0
60.0 0 0 0 0 0 0
65.0 0 0 0 0 0 0
70.0 0 0 0 0 0 0
75.0 0 0 0 0 0 0
80.0 0 0 0 0 0 0
85.0 0 0 0 0 0 0
90.0 0 0 0 0 0 0
95.0 0 0 0 0 0 0
100.0 0 0 0 0 0 0
105.0 0 0 0 0 0 0
110.0 0 0 0 0 0 0
115.0 0 0 0 0 0 0
120.0 0 0 0 0 0 0
125.0 0 0 0 0 0 0
130.0 0 0 0 0 0 0
135.0 0 0 0 0 0 0
140.0 0 0 0 0 0 0
145.0 0 0 0 0 0 0
150.0 0 0 0 0 0 0
155.0 0 0 0 0 0 0
160.0 0 0 0 0 0 0
165.0 0 0 0 0 0 0
170.0 0 0 0 0 0 0
175.0 0 0 0 0 0 0
180.0 0 0 0 0 0 0
185.0 0 0 0 0 0 0
190.0 0 0 0 0 0 0
195.0 0 0 0 0 0 0
200.0 0 0 0 0 0 0
205.0 0 0 0 0 0 0
210.0 0 0 0 0 0 0
215.0 0 0 0 0 0 0
220.0 0 0 0 0 0 0
225.0 0 0 0 0 0 0
230.0 0 0 0 0 0 0
235.0 0 0 0 0 0 0
240.0 0 0 0 0 0 0
245.0 0 0 0 0 0 0
250.0 0 0 0 0 0 0
255.0 0 0 0 0 0 0
260.0 0 0 0 0 0 0
265.0 0 0 0 0 0 0
270.0 0 0 0 0 0 0
275.0 0 0 0 0 0 0
280.0 0 0 0 0 0 0
285.0 0 0 0 0 0 0
290.0 0 0 0 0 0 0
295.0 0 0 0 0 0 0
300.0 0 0 0 0 0 0
305.0 0 0 0 0 0 0
310.0 0 0 0 0 0 0
315.0 0 0 0 0 0 0
320.0 0 0 0 0 0 0
325.0 0 0 0 0 0 0
330.0 0 0 0 0 0 0
335.0 0 0 0 0 0 0
340.0 0 0 0 0 0 0
345.0 0 0 0 0 0 0
350.0 0 0 0 0 0 0
355.0 0 0 0 0 0 0
360.0 0 0 0 0 0 0
365.0 0 0 0 0 0 0
370.0 0 0 0 0 0 0
375.0 0 0 0 0 0 0
380.0 0 0 0 0 0 0
385.0 0 0 0 0 0 0
390.0 0 0 0 0 0 0
395.0 0 0 0 0 0 0
400.0 0 0 0 0 0 0
405.0 0 0 0 0 0 0
410.0 0 0 0 0 0 0
415.0 0 0 0 0 0 0
420.0 0 0 0 0 0 0
425.0 0 0 0 0 0 0
430.0 0 0 0 0 0 0
435.0 0 0 0 0 0 0
440.0 0 0 0 0 0 0
445.0 0 0 0 0 0 0
450.0 0 0 0 0 0 0
455.0 0 0 0 0 0 0
460.0 0 0 0 0 0 0
465.0 0 0 1 0 0 1
470.0 0 0 1 0 0 1
475.0 0 0 0 0 0 0
480.0 0 0 0 0 0 0
485.0 0 0 0 0 0 0
490.0 0 0 0 0 0 0
495.0 0 0 0 0 0 0
500.0 0 0 0 0 0 0
505.0 0 0 0 0 0 0
510.0 0 0 0 0 0 0
515.0 0 0 0 0 0 0
520.0 0 1 0 0 0 1
525.0 0 1 0 0 0 1
530.0 0 1 0 0 0 1
535.0 0 1 1 0 0 2
540.0 0 1 1 0 0 2
545.0 0 1 1 0 0 2
550.0 0 1 1 0 0 2
555.0 0 1 1 0 0 2
560.0 0 1 1 0 0 2
565.0 0 1 1 0 0 2
570.0 0 1 1 0 0 2
575.0 0 1 1 0 0 2
580.0 0 1 1 0 0 2
585.0 0 1 1 0 0 2
590.0 0 1 1 0 0 2
595.0 0 1 1 0 0 2
600.0 0 1 0 0 0 1
605.0 0 2 0 0 0 2
610.0 0 2 0 0 0 2
615.0 0 2 0 0 0 2
620.0 1 2 0 0 0 3
625.0 1 2 0 0 0 3
630.0 1 2 0 0 0 3
635.0 0 2 0 0 0 2
640.0 0 2 0 0 0 2
645.0 0 2 0 0 0 2
650.0 0 2 0 0 0 2
655.0 0 2 0 0 0 2
660.0 0 2 0 0 0 2
665.0 1 2 0 0 0 3
670.0 1 2 0 0 0 3
675.0 1 1 0 0 0 2
680.0 1 1 1 0 0 3
685.0 1 1 1 0 0 3
690.0 1 1 1 0 0 3
695.0 1 1 1 0 0 3
700.0 1 2 1 0 1 5
705.0 1 2 0 1 1 5
710.0 2 1 0 1 1 5
715.0 2 0 0 1 1 4
720.0 2 0 0 0 1 3
725.0 2 0 0 0 1 3
730.0 1 0 0 0 1 2
735.0 1 0 0 0 2 3
740.0 1 0 0 0 2 3
745.0 1 0 0 0 2 3
750.0 0 0 1 0 2 3
755.0 0 0 1 0 1 2
760.0 0 0 1 0 1 2
765.0 0 0 1 0 1 2
770.0 0 0 3 0 1 4
775.0 0 0 3 1 1 5
780.0 0 0 2 1 1 4
785.0 0 0 2 1 1 4
790.0 0 0 1 1 1 3
795.0 0 0 1 1 1 3
800.0 0 0 2 1 1 4
805.0 1 0 2 0 1 4
810.0 1 0 2 0 0 3
815.0 1 0 2 0 0 3
820.0 1 0 2 0 0 3
825.0 1 1 1 0 0 3
830.0 1 1 1 0 0 3
835.0 1 1 1 0 0 3
840.0 1 1 0 0 0 2
845.0 0 2 0 1 0 3
850.0 0 2 0 1 0 3
855.0 0 2 0 1 0 3
860.0 1 1 0 0 0 2
865.0 1 1 0 0 0 2
870.0 1 0 1 0 0 2
875.0 1 0 1 0 0 2
880.0 1 0 1 0 0 2
885.0 1 0 0 0 0 1
890.0 0 0 0 1 0 1
895.0 0 0 0 1 0 1
900.0 0 0 0 1 0 1
905.0 0 0 0 1 0 1
910.0 0 0 1 1 0 2
915.0 1 0 1 0 0 2
920.0 2 0 1 0 0 3
925.0 2 0 1 0 0 3
930.0 2 0 2 0 0 4
935.0 3 0 2 0 0 5
940.0 3 0 2 0 0 5
945.0 3 0 2 0 0 5
950.0 3 0 2 0 0 5
955.0 3 0 2 0 0 5
960.0 3 0 2 0 0 5
965.0 2 0 2 0 0 4
970.0 2 0 2 0 0 4
975.0 2 2 0 0 0 4
980.0 2 2 0 0 0 4
985.0 1 2 0 1 0 4
990.0 1 3 0 1 0 5
995.0 1 2 0 1 0 4
1000.0 0 2 0 1 0 3
1005.0 0 2 0 1 0 3
1010.0 0 2 0 1 0 3
1015.0 1 2 0 0 0 3
1020.0 1 2 0 0 0 3
1025.0 1 2 1 0 0 4
1030.0 0 2 1 1 0 4
1035.0 0 2 1 1 0 4
1040.0 0 2 1 1 0 4
1045.0 1 3 1 1 0 6
1050.0 1 3 1 1 0 6
1055.0 1 3 1 1 0 6
1060.0 2 3 1 0 0 6
1065.0 2 3 1 0 0 6
1070.0 1 2 1 2 0 6
1075.0 1 2 1 2 0 6
1080.0 0 2 1 2 0 5
1085.0 0 1 1 2 0 4
1090.0 0 1 1 3 0 5
1095.0 0 1 1 3 0 5
1100.0 0 1 1 3 0 5
1105.0 0 1 1 3 0 5
1110.0 1 1 1 1 0 4
1115.0 1 1 1 1 0 4
1120.0 1 1 1 1 0 4
1125.0 1 1 1 1 0 4
1130.0 0 0 2 1 0 3
1135.0 0 0 2 1 0 3
1140.0 0 0 2 1 0 3
1145.0 0 1 1 1 0 3
1150.0 0 1 1 1 0 3
1155.0 0 1 1 1 0 3
1160.0 0 2 1 0 0 3
1165.0 0 2 1 1 0 4
1170.0 1 1 1 1 0 4
1175.0 1 1 1 1 0 4
1180.0 1 1 1 1 0 4
1185.0 1 1 1 1 0 4
1190.0 1 1 1 1 0 4
1195.0 0 0 1 1 0 2
1200.0 0 0 1 1 0 2
1205.0 0 0 1 1 0 2
1210.0 0 0 1 1 0 2
1215.0 0 0 1 1 0 2
1220.0 0 0 1 1 0 2
1225.0 0 0 1 1 0 2
1230.0 0 0 1 1 0 2
1235.0 1 0 0 1 0 2
1240.0 1 0 0 1 0 2
1245.0 1 0 0 1 0 2
1250.0 0 0 0 1 0 1
1255.0 0 0 0 0 0 0
1260.0 0 0 0 0 0 0
1265.0 0 0 0 1 0 1
1270.0 0 0 0 1 0 1
1275.0 0 0 0 1 0 1
1280.0 0 0 0 1 0 1
1285.0 0 0 0 0 0 0
1290.0 0 0 0 0 0 0
1295.0 0 0 0 0 0 0
1300.0 0 0 0 0 0 0
1305.0 0 0 0 0 0 0
1310.0 0 0 0 0 0 0
1315.0 0 0 0 0 0 0
1320.0 0 0 0 0 0 0
1325.0 0 0 0 0 0 0
1330.0 0 0 0 0 0 0
1335.0 0 0 0 0 0 0
1340.0 0 0 0 0 0 0
1345.0 0 0 0 0 0 0
1350.0 0 0 0 0 0 0
1355.0 0 0 0 0 0 0
1360.0 0 0 0 0 0 0
1365.0 0 0 0 0 0 0
1370.0 0 0 0 0 0 0
1375.0 0 0 0 0 0 0
1380.0 0 0 0 0 0 0
1385.0 0 0 0 0 0 0
1390.0 0 0 0 0 0 0
1395.0 0 0 0 0 0 0
1400.0 0 0 0 0 0 0
1405.0 0 0 0 0 0 0
1410.0 0 0 0 0 0 0
1415.0 0 0 0 0 0 0
1420.0 0 0 0 0 0 0
1425.0 0 0 0 0 0 0
1430.0 0 0 0 0 0 0
1435.0 0 0 0 0 0 0
1440.0 0 0 0 0 0 0
1445.0 0 0 0 0 0 0
1450.0 0 0 0 0 0 0
1455.0 0 0 0 0 0 0
1460.0 0 0 0 0 0 0
1465.0 0 0 0 0 0 0
1470.0 0 0 0 0 0 0
1475.0 0 0 0 0 0 0
1480.0 0 0 0 0 0 0
1485.0 0 0 0 0 0 0
1490.0 0 0 0 0 0 0
1495.0 0 0 0 0 0 0
1500.0 0 0 0 0 0 0
1505.0 0 0 0 0 0 0
1510.0 0 0 0 0 0 0
1515.0 0 0 0 0 0 0
1520.0 0 0 0 0 0 0
1525.0 0 0 0 0 0 0
1530.0 0 0 0 0 0 0
1535.0 0 0 0 0 0 0
1540.0 0 0 0 0 0 0
1545.0 0 0 0 0 0 0
1550.0 0 0 0 0 0 0
1555.0 0 0 0 0 0 0
1560.0 0 0 0 0 0 0
1565.0 0 0 0 0 0 0
1570.0 0 0 0 0 0 0
1575.0 0 0 0 0 0 0
1580.0 0 0 0 0 0 0
1585.0 0 0 0 0 0 0
1590.0 0 0 0 0 0 0
1595.0 0 0 0 0 0 0
1600.0 0 0 0 0 0 0
1605.0 0 0 0 0 0 0
1610.0 0 0 0 0 0 0
1615.0 0 0 0 0 0 0
1620.0 0 0 0 0 0 0
1625.0 0 0 0 0 0 0
1630.0 0 0 0 0 0 0
1635.0 0 0 0 0 0 0
1640.0 0 0 0 0 0 0
1645.0 0 0 0 0 0 0
1650.0 0 0 0 0 0 0
1655.0 0 0 0 0 0 0
1660.0 0 0 0 0 0 0
1665.0 0 0 0 0 0 0
1670.0 0 0 0 0 0 0
1675.0 0 0 0 0 0 0
1680.0 0 0 0 0 0 0
1685.0 0 0 0 0 0 0
1690.0 0 0 0 0 0 0
1695.0 0 0 0 0 0 0
1700.0 0 0 0 0 0 0
1705.0 0 0 0 0 0 0
1710.0 0 0 0 0 0 0
1715.0 0 0 0 0 0 0
1720.0 0 0 0 0 0 0
1725.0 0 0 0 0 0 0
1730.0 0 0 0 0 0 0
1735.0 0 0 0 0 0 0
1740.0 0 0 0 0 0 0
1745.0 0 0 0 0 0 0
1750.0 0 0 0 0 0 0
1755.0 0 0 0 0 0 0
1760.0 0 0 0 0 0 0
1765.0 0 0 0 0 0 0
1770.0 0 0 0 0 0 0
1775.0 0 0 0 0 0 0
1780.0 0 0 0 0 0 0
1785.0 0 0 0 0 0 0
1790.0 0 0 0 0 0 0
1795.0 0 0 0 0 0 0
1800.0 0 0 0 0 0 0
1805.0 0 0 0 0 0 0
1810.0 0 0 0 0 0 0
1815.0 0 0 0 0 0 0
1820.0 0 0 0 0 0 0
1825.0 0 0 0 0 0 0
1830.0 0 0 0 0 0 0
1835.0 0 0 0 0 0 0
1840.0 0 0 0 0 0 0
1845.0 0 0 0 0 0 0
1850.0 0 0 0 0 0 0
1855.0 0 0 0 0 0 0
1860.0 0 0 0 0 0 0
1865.0 0 0 0 0 0 0
1870.0 0 0 0 0 0 0
1875.0 0 0 0 0 0 0
1880.0 0 0 0 0 0 0
1885.0 0 0 0 0 0 0
1890.0 0 0 0 0 0 0
1895.0 0 0 0 0 0 0
1900.0 0 0 0 0 0 0
1905.0 0 0 0 0 0 0
1910.0 0 0 0 0 0 0
1915.0 0 0 0 0 0 0
1920.0 0 0 0 0 0 0
1925.0 0 0 0 0 0 0
1930.0 0 0 0 0 0 0
1935.0 0 0 0 0 0 0
1940.0 0 0 0 0 0 0
1945.0 0 0 0 0 0 0
1950.0 0 0 0 0 0 0
1955.0 0 0 0 0 0 0
1960.0 1 0 0 0 0 1
1965.0 1 0 0 0 0 1
1970.0 1 0 0 0 0 1
1975.0 1 0 0 0 0 1
1980.0 1 0 0 0 0 1
1985.0 1 0 0 0 0 1
1990.0 1 0 0 0 0 1
1995.0 1 0 0 0 0 1
2000.0 1 0 0 0 0 1
2005.0 1 0 0 0 0 1
2010.0 0 0 0 1 0 1
2015.0 0 0 0 1 0 1
2020.0 0 0 0 1 0 1
2025.0 0 0 0 1 0 1
2030.0 0 0 0 1 0 1
2035.0 0 0 0 1 0 1
2040.0 0 0 0 1 0 1
2045.0 0 0 0 0 0 0
2050.0 0 0 0 0 0 0
2055.0 0 1 0 0 0 1
2060.0 0 1 0 0 0 1
2065.0 0 2 0 0 0 2
2070.0 1 1 0 0 0 2
2075.0 1 1 0 0 0 2
2080.0 1 1 0 0 0 2
2085.0 1 1 0 0 0 2
2090.0 1 1 0 0 0 2
2095.0 1 1 0 0 0 2
2100.0 1 1 0 0 0 2
2105.0 0 1 0 0 0 1
2110.0 0 1 0 0 0 1
2115.0 0 1 0 0 0 1
2120.0 0 1 0 0 0 1
2125.0 0 2 0 0 0 2
2130.0 0 2 0 0 0 2
2135.0 0 2 0 0 0 2
2140.0 0 2 0 0 0 2
2145.0 0 1 0 0 0 1
2150.0 0 1 0 0 0 1
2155.0 0 1 0 0 0 1
2160.0 0 1 0 0 0 1
2165.0 0 1 0 0 0 1
2170.0 0 1 0 0 0 1
2175.0 0 1 0 0 0 1
2180.0 0 2 0 0 0 2
2185.0 0 2 0 0 0 2
2190.0 0 2 0 0 0 2
2195.0 0 2 0 0 0 2
2200.0 0 1 0 0 0 1
2205.0 0 0 0 0 0 0
2210.0 0 0 0 0 0 0
2215.0 0 0 0 0 0 0
2220.0 0 0 0 0 0 0
2225.0 0 0 0 0 0 0
2230.0 0 0 0 0 0 0
2235.0 0 0 0 0 0 0
2240.0 0 0 1 0 0 1
2245.0 0 0 1 0 0 1
2250.0 0 0 1 0 0 1
2255.0 0 0 1 0 0 1
2260.0 0 1 1 0 0 2
2265.0 0 1 1 0 0 2
2270.0 0 1 1 0 0 2
2275.0 0 1 1 0 0 2
2280.0 1 0 1 0 0 2
2285.0 1 0 1 0 0 2
2290.0 1 0 1 0 0 2
2295.0 1 0 1 0 0 2
2300.0 1 0 1 0 0 2
2305.0 1 0 1 0 0 2
2310.0 0 0 2 0 0 2
2315.0 0 0 2 0 0 2
2320.0 0 1 2 0 0 3
2325.0 0 2 1 0 0 3
2330.0 0 2 1 0 0 3
2335.0 0 2 1 0 0 3
2340.0 0 1 1 0 0 2
2345.0 0 1 1 0 0 2
2350.0 0 2 2 0 0 4
2355.0 0 2 3 0 0 5
2360.0 0 2 1 0 1 4
2365.0 0 2 1 0 1 4
2370.0 0 2 1 0 1 4
2375.0 0 2 1 0 1 4
2380.0 0 2 1 0 1 4
2385.0 0 1 1 0 1 3
2390.0 0 1 1 0 0 2
2395.0 0 0 1 0 0 1
2400.0 1 0 0 0 0 1
2405.0 1 0 0 0 0 1
2410.0 1 0 0 0 0 1
2415.0 1 0 0 0 0 1
2420.0 1 0 0 0 0 1
2425.0 0 0 1 0 0 1
2430.0 0 0 1 0 0 1
2435.0 0 0 1 0 0 1
2440.0 0 0 2 0 0 2
2445.0 0 0 2 0 0 2
2450.0 0 0 2 0 0 2
2455.0 0 0 2 0 0 2
2460.0 0 0 2 0 0 2
2465.0 0 0 2 0 0 2
2470.0 0 0 1 0 0 1
2475.0 1 0 1 0 0 2
2480.0 1 0 1 0 0 2
2485.0 1 0 0 0 0 1
2490.0 1 0 0 0 0 1
2495.0 0 0 0 0 0 0
2500.0 0 1 1 0 0 2
2505.0 0 1 1 0 0 2
2510.0 0 1 1 0 0 2
2515.0 0 1 1 0 0 2
2520.0 0 0 1 0 0 1
2525.0 0 0 1 1 0 2
2530.0 0 0 1 1 0 2
2535.0 1 0 1 0 0 2
2540.0 1 0 1 0 0 2
2545.0 1 0 0 0 0 1
2550.0 1 0 0 0 0 1
2555.0 0 0 0 0 0 0
2560.0 0 0 0 0 0 0
2565.0 0 0 0 0 0 0
2570.0 1 1 0 0 0 2
2575.0 1 1 0 0 0 2
2580.0 2 1 0 0 0 3
2585.0 2 1 0 0 0 3
2590.0 2 1 0 0 0 3
2595.0 2 1 0 0 0 3
2600.0 2 1 0 0 0 3
2605.0 1 1 0 0 0 2
2610.0 1 1 0 0 0 2
2615.0 1 2 0 0 0 3
2620.0 1 1 0 0 0 2
2625.0 1 0 1 0 1 3
2630.0 1 0 1 0 1 3
2635.0 1 0 1 0 1 3
2640.0 1 0 1 0 1 3
2645.0 1 0 1 0 1 3
2650.0 1 0 1 0 1 3
2655.0 1 0 1 0 1 3
2660.0 1 0 1 0 1 3
2665.0 1 0 1 0 1 3
2670.0 0 0 1 1 1 3
2675.0 0 0 2 1 1 4
2680.0 0 0 2 1 1 4
2685.0 1 0 1 0 1 3
2690.0 1 0 1 0 1 3
2695.0 1 0 0 0 1 2
2700.0 1 0 0 0 1 2
2705.0 0 0 0 1 1 2
2710.0 0 0 0 0 1 1
2715.0 0 0 0 0 1 1
2720.0 0 0 0 0 1 1
2725.0 0 0 0 0 1 1
2730.0 0 0 0 0 1 1
2735.0 0 0 0 0 1 1
2740.0 0 0 0 0 1 1
2745.0 0 0 0 0 1 1
2750.0 0 0 0 0 1 1
2755.0 0 0 0 0 1 1
2760.0 0 0 0 0 1 1
2765.0 0 0 0 0 1 1
2770.0 0 0 0 0 1 1
2775.0 0 0 0 0 1 1
2780.0 0 0 0 0 1 1
2785.0 0 0 0 0 1 1
2790.0 0 0 0 0 1 1
2795.0 0 0 0 0 1 1
2800.0 0 0 0 0 1 1
2805.0 0 0 0 0 0 0
2810.0 0 0 0 0 0 0
2815.0 0 0 0 0 0 0
2820.0 0 0 0 0 0 0
2825.0 0 0 0 0 0 0
2830.0 0 0 0 0 0 0
2835.0 0 0 0 0 0 0
2840.0 0 0 0 0 0 0
2845.0 0 0 0 0 0 0
2850.0 0 0 0 0 0 0
2855.0 0 0 0 0 0 0
2860.0 0 0 0 0 0 0
2865.0 0 0 0 0 0 0
2870.0 0 0 0 0 0 0
2875.0 0 0 0 0 0 0
2880.0 0 0 0 0 0 0
2885.0 0 0 0 0 0 0
2890.0 0 0 0 0 0 0
2895.0 0 0 0 0 0 0
2900.0 0 0 0 0 0 0
2905.0 0 0 0 0 0 0
2910.0 0 0 0 0 0 0
2915.0 0 0 0 0 0 0
2920.0 0 0 0 0 0 0
2925.0 0 0 0 0 0 0
2930.0 0 0 0 0 0 0
2935.0 0 0 0 0 0 0
2940.0 0 0 0 0 0 0
2945.0 0 0 0 0 0 0
2950.0 0 0 0 0 0 0
2955.0 0 0 0 0 0 0
2960.0 0 0 0 0 0 0
2965.0 0 0 0 0 0 0
2970.0 0 0 0 0 0 0
2975.0 0 0 0 0 0 0
2980.0 0 0 0 0 0 0
2985.0 0 0 0 0 0 0
2990.0 0 0 0 0 0 0
2995.0 0 0 0 0 0 0
3000.0 0 0 0 0 0 0
3005.0 0 0 0 0 0 0
3010.0 0 0 0 0 0 0
3015.0 0 0 0 0 0 0
3020.0 0 0 0 0 0 0
3025.0 0 0 0 0 0 0
3030.0 0 0 0 0 0 0
3035.0 0 0 0 0 0 0
3040.0 0 0 0 0 0 0
3045.0 0 0 0 0 0 0
3050.0 0 0 0 0 0 0
3055.0 0 0 0 0 0 0
3060.0 0 0 0 0 0 0
3065.0 0 0 0 0 0 0
3070.0 0 0 0 0 0 0
3075.0 0 0 0 0 0 0
3080.0 0 0 0 0 0 0
3085.0 0 0 0 0 0 0
3090.0 0 0 0 0 0 0
3095.0 0 0 0 0 0 0
3100.0 0 0 0 0 0 0
3105.0 0 0 0 0 0 0
3110.0 0 0 0 0 0 0
3115.0 0 0 0 0 0 0
3120.0 0 0 0 0 0 0
3125.0 0 0 0 0 0 0
3130.0 0 0 0 0 0 0
3135.0 0 0 0 0 0 0
3140.0 0 0 0 0 0 0
3145.0 0 0 0 0 0 0
3150.0 0 0 0 0 0 0
3155.0 0 0 0 0 0 0
3160.0 0 0 0 0 0 0
3165.0 0 0 0 0 0 0
3170.0 0 0 0 0 0 0
3175.0 0 0 0 0 0 0
3180.0 0 0 0 0 0 0
3185.0 0 0 0 0 0 0
3190.0 0 0 0 0 0 0
3195.0 0 0 0 0 0 0
3200.0 0 0 0 0 0 0
3205.0 0 0 0 0 0 0
3210.0 0 0 0 0 0 0
3215.0 0 0 0 0 0 0
3220.0 0 0 0 0 0 0
3225.0 0 0 0 0 0 0
3230.0 0 0 0 0 0 0
3235.0 0 0 0 0 0 0
3240.0 0 0 0 0 0 0
3245.0 0 0 0 0 0 0
3250.0 0 0 0 0 0 0
3255.0 0 0 0 0 0 0
3260.0 0 0 0 0 0 0
3265.0 0 0 0 0 0 0
3270.0 0 0 0 0 0 0
3275.0 0 0 0 0 0 0
3280.0 0 0 0 0 0 0
3285.0 0 0 0 0 0 0
3290.0 0 0 0 0 0 0
3295.0 0 0 0 0 0 0
3300.0 0 0 0 0 0 0
3305.0 0 0 0 0 0 0
3310.0 0 0 0 0 0 0
3315.0 0 0 0 0 0 0
3320.0 0 0 0 0 0 0
3325.0 0 0 0 0 0 0
3330.0 0 0 0 0 0 0
3335.0 0 0 0 0 0 0
3340.0 0 0 0 0 0 0
3345.0 0 0 0 0 0 0
3350.0 0 0 0 0 0 0
3355.0 0 0 0 0 0 0
3360.0 0 0 0 0 0 0
3365.0 0 0 0 0 0 0
3370.0 0 0 0 0 0 0
3375.0 0 0 0 0 0 0
3380.0 0 0 0 0 0 0
3385.0 0 0 0 0 0 0
3390.0 0 0 0 0 0 0
3395.0 0 0 0 0 0 0
3400.0 0 0 0 0 0 0
3405.0 0 0 1 0 0 1
3410.0 0 0 1 0 0 1
3415.0 0 0 1 0 0 1
3420.0 0 1 1 0 0 2
3425.0 0 1 1 0 0 2
3430.0 0 1 0 0 0 1
3435.0 0 1 0 0 0 1
3440.0 0 1 0 0 0 1
3445.0 0 1 0 0 0 1
3450.0 0 1 0 0 0 1
3455.0 0 1 0 0 0 1
3460.0 0 1 0 0 0 1
3465.0 0 2 0 0 0 2
3470.0 1 2 0 0 0 3
3475.0 1 2 0 0 0 3
3480.0 1 2 0 0 0 3
3485.0 1 1 0 0 0 2
3490.0 1 1 1 0 0 3
3495.0 1 1 1 0 0 3
3500.0 2 1 0 0 0 3
3505.0 2 1 0 0 0 3
3510.0 2 1 0 0 0 3
3515.0 2 0 0 0 0 2
3520.0 2 0 0 0 0 2
3525.0 2 0 0 0 0 2
3530.0 0 0 1 0 0 1
3535.0 0 0 1 0 0 1
3540.0 0 0 1 0 1 2
3545.0 0 0 1 0 1 2
3550.0 0 1 1 0 1 3
3555.0 0 1 1 0 1 3
3560.0 0 1 1 0 1 3
3565.0 0 2 1 0 1 4
3570.0 0 2 1 0 1 4
3575.0 0 2 1 0 1 4
3580.0 0 2 1 0 0 3
3585.0 0 2 1 0 0 3
3590.0 0 2 1 0 0 3
3595.0 0 2 1 0 0 3
3600.0 0 2 1 0 0 3
3605.0 0 2 1 0 0 3
3610.0 0 1 2 0 0 3
3615.0 0 1 2 0 0 3
3620.0 0 1 2 0 0 3
3625.0 0 1 2 0 0 3
3630.0 0 1 2 0 0 3
3635.0 0 1 1 0 0 2
3640.0 0 1 1 0 0 2
3645.0 0 1 1 0 0 2
3650.0 0 1 1 0 0 2
3655.0 0 1 1 0 0 2
3660.0 0 1 1 0 0 2
3665.0 0 1 1 0 0 2
3670.0 0 1 1 0 0 2
3675.0 0 1 2 0 0 3
3680.0 0 1 2 0 0 3
3685.0 0 1 1 0 0 2
3690.0 0 1 1 0 0 2
3695.0 0 1 1 0 0 2
3700.0 0 0 1 0 0 1
3705.0 0 0 1 0 0 1
3710.0 1 0 1 0 0 2
3715.0 1 0 1 0 0 2
3720.0 1 0 1 0 0 2
3725.0 1 1 0 0 0 2
3730.0 1 1 0 0 0 2
3735.0 1 1 0 0 0 2
3740.0 1 2 0 0 0 3
3745.0 1 2 0 0 0 3
3750.0 1 2 0 0 0 3
3755.0 1 2 0 0 0 3
3760.0 0 2 0 1 0 3
3765.0 0 2 0 1 0 3
3770.0 0 2 0 1 0 3
3775.0 0 2 0 1 0 3
3780.0 0 2 0 1 0 3
3785.0 0 2 0 1 0 3
3790.0 0 2 0 1 0 3
3795.0 0 2 1 1 0 4
3800.0 0 2 1 1 0 4
3805.0 1 1 2 1 0 5
3810.0 1 0 2 0 0 3
3815.0 1 0 2 0 0 3
3820.0 1 0 2 0 0 3
3825.0 0 0 2 1 0 3
3830.0 0 0 2 1 0 3
3835.0 0 0 2 1 0 3
3840.0 1 0 1 1 1 4
3845.0 1 0 1 1 1 4
3850.0 1 0 1 1 1 4
3855.0 2 0 0 0 1 3
3860.0 2 0 0 0 1 3
3865.0 1 0 1 0 1 3
3870.0 1 0 1 0 1 3
3875.0 1 0 1 0 1 3
3880.0 1 0 1 0 0 2
3885.0 1 1 1 0 0 3
3890.0 1 1 1 0 0 3
3895.0 0 1 1 0 0 2
3900.0 0 1 1 0 0 2
3905.0 0 0 1 0 0 1
3910.0 0 0 1 0 0 1
3915.0 0 1 1 0 0 2
3920.0 0 1 1 0 0 2
3925.0 0 1 1 0 1 3
3930.0 0 2 2 0 1 5
3935.0 0 2 2 0 1 5
3940.0 0 2 2 0 1 5
3945.0 0 3 2 0 1 6
3950.0 0 3 2 0 1 6
3955.0 0 3 2 0 1 6
3960.0 0 2 2 0 1 5
3965.0 0 2 2 0 0 4
3970.0 0 1 2 0 0 3
3975.0 0 1 2 0 0 3
3980.0 0 1 2 0 0 3
3985.0 0 2 1 0 0 3
3990.0 1 2 1 0 0 4
3995.0 1 2 1 0 0 4
4000.0 1 2 1 0 0 4
4005.0 1 2 1 0 0 4
4010.0 1 2 1 0 0 4
4015.0 1 2 0 0 0 3
4020.0 1 2 0 0 0 3
4025.0 0 2 0 0 1 3
4030.0 0 1 0 0 1 2
4035.0 0 1 0 0 1 2
4040.0 0 1 0 0 1 2
4045.0 0 1 0 1 1 3
4050.0 0 1 0 1 1 3
4055.0 0 1 0 1 1 3
4060.0 0 1 0 1 1 3
4065.0 0 1 0 1 1 3
4070.0 0 0 0 1 1 2
4075.0 0 0 0 1 1 2
4080.0 0 1 0 0 1 2
4085.0 0 1 1 0 1 3
4090.0 0 1 1 0 1 3
4095.0 0 1 1 0 1 3
4100.0 0 1 1 0 0 2
4105.0 0 1 1 0 0 2
4110.0 0 1 1 0 0 2
4115.0 0 1 0 0 0 1
4120.0 0 1 0 0 0 1
4125.0 0 0 1 0 0 1
4130.0 1 0 1 0 0 2
4135.0 1 0 0 0 0 1
4140.0 1 1 0 0 0 2
4145.0 1 1 0 0 0 2
4150.0 1 2 0 0 0 3
4155.0 0 2 0 0 0 2
4160.0 0 2 0 0 0 2
4165.0 0 1 0 0 0 1
4170.0 0 1 0 0 0 1
4175.0 0 1 0 0 0 1
4180.0 0 1 0 0 0 1
4185.0 0 1 0 0 0 1
4190.0 0 1 0 0 0 1
4195.0 0 1 0 0 0 1
4200.0 0 1 0 0 0 1
4205.0 0 1 0 0 0 1
4210.0 0 1 0 0 0 1
4215.0 0 1 0 0 0 1
4220.0 0 1 0 0 0 1
4225.0 0 1 0 0 0 1
4230.0 0 1 0 0 0 1
4235.0 0 1 0 0 0 1
4240.0 0 1 0 0 0 1
4245.0 0 1 0 0 0 1
4250.0 0 1 1 0 0 2
4255.0 0 1 1 0 0 2
4260.0 0 1 1 0 0 2
4265.0 0 1 1 0 0 2
4270.0 0 1 1 0 0 2
4275.0 0 1 1 0 0 2
4280.0 0 1 1 0 0 2
4285.0 0 1 0 0 0 1
4290.0 0 1 0 0 0 1
4295.0 0 1 0 0 0 1
4300.0 0 1 0 0 0 1
4305.0 0 0 0 0 0 0
4310.0 0 0 0 0 0 0
4315.0 0 0 0 0 0 0
4320.0 0 0 0 0 0 0
4325.0 0 0 0 0 0 0
4330.0 0 0 0 0 0 0
4335.0 0 0 0 0 0 0
4340.0 0 0 0 0 0 0
4345.0 0 0 0 0 0 0
4350.0 0 0 0 0 0 0
4355.0 0 0 0 0 0 0
4360.0 0 0 0 0 0 0
4365.0 0 0 0 0 0 0
4370.0 0 0 0 0 0 0
4375.0 0 0 0 0 0 0
4380.0 0 0 0 0 0 0
4385.0 0 0 0 0 0 0
4390.0 0 0 0 0 0 0
4395.0 0 0 0 0 0 0
4400.0 0 0 0 0 0 0
4405.0 0 0 0 0 0 0
4410.0 0 0 0 0 0 0
4415.0 0 0 0 0 0 0
4420.0 0 0 0 0 0 0
4425.0 0 0 0 0 0 0
4430.0 0 0 0 0 0 0
4435.0 0 0 0 0 0 0
4440.0 0 0 0 0 0 0
4445.0 0 0 0 0 0 0
4450.0 0 0 0 0 0 0
4455.0 0 0 0 0 0 0
4460.0 0 0 0 0 0 0
4465.0 0 0 0 0 0 0
4470.0 0 0 0 0 0 0
4475.0 0 0 0 0 0 0
4480.0 0 0 0 0 0 0
4485.0 0 0 0 0 0 0
4490.0 0 0 0 0 0 0
4495.0 0 0 0 0 0 0
4500.0 0 0 0 0 0 0
4505.0 0 0 0 0 0 0
4510.0 0 0 0 0 0 0
4515.0 0 0 0 0 0 0
4520.0 0 0 0 0 0 0
4525.0 0 0 0 0 0 0
4530.0 0 0 0 0 0 0
4535.0 0 0 0 0 0 0
4540.0 0 0 0 0 0 0
4545.0 0 0 0 0 0 0
4550.0 0 0 0 0 0 0
4555.0 0 0 0 0 0 0
4560.0 0 0 0 0 0 0
4565.0 0 0 0 0 0 0
4570.0 0 0 0 0 0 0
4575.0 0 0 0 0 0 0
4580.0 0 0 0 0 0 0
4585.0 0 0 0 0 0 0
4590.0 0 0 0 0 0 0
4595.0 0 0 0 0 0 0
4600.0 0 0 0 0 0 0
4605.0 0 0 0 0 0 0
4610.0 0 0 0 0 0 0
4615.0 0 0 0 0 0 0
4620.0 0 0 0 0 0 0
4625.0 0 0 0 0 0 0
4630.0 0 0 0 0 0 0
4635.0 0 0 0 0 0 0
4640.0 0 0 0 0 0 0
4645.0 0 0 0 0 0 0
4650.0 0 0 0 0 0 0
4655.0 0 0 0 0 0 0
4660.0 0 0 0 0 0 0
4665.0 0 0 0 0 0 0
4670.0 0 0 0 0 0 0
4675.0 0 0 0 0 0 0
4680.0 0 0 0 0 0 0
4685.0 0 0 0 0 0 0
4690.0 0 0 0 0 0 0
4695.0 0 0 0 0 0 0
4700.0 0 0 0 0 0 0
4705.0 0 0 0 0 0 0
4710.0 0 0 0 0 0 0
4715.0 0 0 0 0 0 0
4720.0 0 0 0 0 0 0
4725.0 0 0 0 0 0 0
4730.0 0 0 0 0 0 0
4735.0 0 0 0 0 0 0
4740.0 0 0 0 0 0 0
4745.0 0 0 0 0 0 0
4750.0 0 0 0 0 0 0
4755.0 0 0 0 0 0 0
4760.0 0 0 0 0 0 0
4765.0 0 0 1 0 0 1
4770.0 0 0 1 0 0 1
4775.0 0 0 1 0 0 1
4780.0 0 0 1 0 0 1
4785.0 0 0 0 0 0 0
4790.0 0 0 0 0 0 0
4795.0 0 0 0 0 0 0
4800.0 0 0 0 0 0 0
4805.0 0 0 0 0 0 0
4810.0 0 0 0 0 0 0
4815.0 0 0 0 0 0 0
4820.0 0 0 0 0 0 0
4825.0 0 0 0 1 0 1
4830.0 0 0 0 1 0 1
4835.0 0 0 1 1 0 2
4840.0 0 0 1 1 0 2
4845.0 0 0 1 1 0 2
4850.0 0 0 2 1 0 3
4855.0 0 0 2 1 0 3
4860.0 0 1 2 1 0 4
4865.0 1 1 1 0 0 3
4870.0 1 1 1 0 0 3
4875.0 1 1 1 0 0 3
4880.0 0 1 1 0 0 2
4885.0 0 1 0 1 0 2
4890.0 0 1 0 1 0 2
4895.0 1 1 0 0 0 2
4900.0 1 1 1 0 0 3
4905.0 1 1 1 0 0 3
4910.0 1 1 1 0 0 3
4915.0 1 1 1 0 0 3
4920.0 0 0 1 0 0 1
4925.0 0 0 1 0 0 1
4930.0 0 0 1 0 0 1
4935.0 0 0 1 0 0 1
4940.0 0 0 1 0 0 1
4945.0 0 0 1 0 0 1
4950.0 0 0 1 0 0 1
4955.0 0 0 1 0 0 1
4960.0 1 0 1 0 0 2
4965.0 1 0 1 0 0 2
4970.0 1 0 1 0 0 2
4975.0 1 0 1 0 0 2
4980.0 1 0 1 0 0 2
4985.0 1 0 1 0 0 2
4990.0 1 0 0 0 0 1
4995.0 1 0 1 0 0 2
5000.0 1 0 1 0 0 2
5005.0 1 0 1 0 0 2
5010.0 1 0 1 0 0 2
5015.0 1 0 1 0 0 2
5020.0 1 0 1 0 0 2
5025.0 1 0 1 0 0 2
5030.0 0 1 1 0 0 2
5035.0 0 1 1 0 0 2
5040.0 0 1 1 0 0 2
5045.0 0 0 1 0 0 1
5050.0 0 0 1 0 0 1
5055.0 0 0 1 0 0 1
5060.0 0 0 1 0 0 1
5065.0 0 0 1 0 0 1
5070.0 0 0 0 0 0 0
5075.0 0 0 0 0 0 0
5080.0 0 0 0 0 0 0
5085.0 0 0 0 0 1 1
5090.0 0 0 0 0 1 1
5095.0 0 0 0 0 1 1
5100.0 0 0 0 0 1 1
5105.0 0 0 0 0 1 1
5110.0 0 0 0 0 1 1
5115.0 0 0 0 0 1 1
5120.0 0 0 0 0 1 1
5125.0 0 0 0 0 1 1
5130.0 1 0 0 0 1 2
5135.0 1 0 0 0 1 2
5140.0 1 0 0 0 1 2
5145.0 1 0 0 0 1 2
5150.0 1 0 0 0 1 2
5155.0 0 0 0 0 1 1
5160.0 0 0 1 0 1 2
5165.0 0 0 1 0 1 2
5170.0 0 0 1 0 1 2
5175.0 0 0 1 0 1 2
5180.0 0 0 1 0 1 2
5185.0 0 0 1 0 0 1
5190.0 0 0 1 0 0 1
5195.0 0 0 1 0 0 1
5200.0 0 0 1 0 0 1
5205.0 1 0 0 0 0 1
5210.0 1 0 0 0 0 1
5215.0 0 0 0 0 0 0
5220.0 0 0 0 0 0 0
5225.0 0 0 0 0 0 0
5230.0 0 0 0 0 0 0
5235.0 0 0 0 0 0 0
5240.0 0 0 0 0 0 0
5245.0 0 0 0 0 0 0
5250.0 2 0 0 0 0 2
5255.0 2 0 0 0 0 2
5260.0 2 0 0 0 0 2
5265.0 1 0 0 0 0 1
5270.0 0 0 0 0 0 0
5275.0 0 0 0 0 0 0
5280.0 1 0 0 0 0 1
5285.0 1 0 1 0 0 2
5290.0 1 1 1 0 0 3
5295.0 1 1 1 0 1 4
5300.0 1 1 1 0 1 4
5305.0 1 1 1 0 1 4
5310.0 0 1 1 0 1 3
5315.0 0 1 0 1 1 3
5320.0 0 1 0 1 1 3
5325.0 0 1 0 1 1 3
5330.0 0 1 0 1 1 3
5335.0 0 1 0 1 1 3
5340.0 0 1 0 1 1 3
5345.0 0 1 0 1 1 3
5350.0 0 1 0 1 1 3
5355.0 1 1 0 1 0 3
5360.0 1 1 0 1 0 3
5365.0 2 0 0 1 0 3
5370.0 2 0 0 1 0 3
5375.0 2 1 0 0 0 3
5380.0 2 1 0 0 0 3
5385.0 1 1 0 1 0 3
5390.0 1 0 0 1 0 2
5395.0 1 0 0 1 0 2
5400.0 1 0 0 1 0 2
5405.0 1 0 0 1 0 2
5410.0 1 0 0 1 0 2
5415.0 1 0 0 1 0 2
5420.0 1 0 0 1 0 2
5425.0 1 0 0 1 0 2
5430.0 2 0 0 1 0 3
5435.0 2 0 0 1 0 3
5440.0 2 0 0 1 0 3
5445.0 2 0 0 1 0 3
5450.0 2 0 0 1 0 3
5455.0 2 0 0 1 0 3
5460.0 2 0 0 1 0 3
5465.0 2 1 0 1 0 4
5470.0 2 1 0 0 0 3
5475.0 1 1 0 0 0 2
5480.0 1 1 0 0 0 2
5485.0 1 1 0 0 0 2
5490.0 1 1 0 0 0 2
5495.0 1 1 0 0 0 2
5500.0 1 1 0 0 0 2
5505.0 1 1 0 0 0 2
5510.0 0 1 0 0 0 1
5515.0 0 0 0 0 0 0
5520.0 0 0 0 0 0 0
5525.0 0 0 0 0 0 0
5530.0 0 0 0 0 0 0
5535.0 0 0 0 0 0 0
5540.0 0 0 0 0 0 0
5545.0 0 0 0 0 0 0
5550.0 0 0 0 0 0 0
5555.0 0 1 0 0 0 1
5560.0 0 1 0 0 0 1
5565.0 0 1 0 0 0 1
5570.0 0 0 0 0 0 0
5575.0 0 0 0 0 0 0
5580.0 0 0 0 0 0 0
5585.0 0 0 0 0 0 0
5590.0 0 0 0 0 0 0
5595.0 0 0 0 0 0 0
5600.0 0 0 0 0 0 0
5605.0 0 0 0 0 0 0
5610.0 0 0 0 0 0 0
5615.0 0 0 0 0 0 0
5620.0 0 0 0 0 0 0
5625.0 0 0 0 0 0 0
5630.0 0 0 0 0 0 0
5635.0 0 0 0 0 0 0
5640.0 0 0 0 0 0 0
5645.0 0 0 0 0 0 0
5650.0 0 0 0 0 0 0
5655.0 0 0 0 0 0 0
5660.0 0 0 0 0 0 0
5665.0 1 0 0 0 0 1
5670.0 1 0 0 0 0 1
5675.0 0 0 1 0 0 1
5680.0 0 0 1 0 0 1
5685.0 0 0 1 0 0 1
5690.0 0 0 0 0 0 0
5695.0 0 0 0 0 0 0
5700.0 0 0 0 0 0 0
5705.0 0 0 0 0 0 0
5710.0 0 0 0 0 0 0
5715.0 0 0 0 0 0 0
5720.0 0 0 0 0 0 0
5725.0 0 0 0 0 0 0
5730.0 0 0 0 0 0 0
5735.0 0 0 0 0 0 0
5740.0 0 0 0 0 0 0
5745.0 0 0 0 0 0 0
5750.0 0 0 0 0 0 0
5755.0 0 0 0 0 0 0
5760.0 0 0 0 0 0 0
5765.0 0 0 0 0 0 0
5770.0 0 0 0 0 0 0
5775.0 0 0 0 0 0 0
5780.0 0 0 0 0 0 0
5785.0 0 0 0 0 0 0
5790.0 0 0 0 0 0 0
5795.0 0 0 0 0 0 0
5800.0 0 0 0 0 0 0
5805.0 0 0 0 0 0 0
5810.0 0 0 0 0 0 0
5815.0 0 0 0 0 0 0
5820.0 0 0 0 0 0 0
5825.0 0 0 0 0 0 0
5830.0 0 0 0 0 0 0
5835.0 0 0 0 0 0 0
5840.0 0 0 0 0 0 0
5845.0 0 0 0 0 0 0
5850.0 0 0 0 0 0 0
5855.0 0 0 0 0 0 0
5860.0 0 0 0 0 0 0
5865.0 0 0 0 0 0 0
5870.0 0 0 0 0 0 0
5875.0 0 0 0 0 0 0
5880.0 0 0 0 0 0 0
5885.0 0 0 0 0 0 0
5890.0 0 0 0 0 0 0
5895.0 0 0 0 0 0 0
5900.0 0 0 0 0 0 0
5905.0 0 0 0 0 0 0
5910.0 0 0 0 0 0 0
5915.0 0 0 0 0 0 0
5920.0 0 0 0 0 0 0
5925.0 0 0 0 0 0 0
5930.0 0 0 0 0 0 0
5935.0 0 0 0 0 0 0
5940.0 0 0 0 0 0 0
5945.0 0 0 0 0 0 0
5950.0 0 0 0 0 0 0
5955.0 0 0 0 0 0 0
5960.0 0 0 0 0 0 0
5965.0 0 0 0 0 0 0
5970.0 0 0 0 0 0 0
5975.0 0 0 0 0 0 0
5980.0 0 0 0 0 0 0
5985.0 0 0 0 0 0 0
5990.0 0 0 0 0 0 0
5995.0 0 0 0 0 0 0
6000.0 0 0 0 0 0 0
6005.0 0 0 0 0 0 0
6010.0 0 0 0 0 0 0
6015.0 0 0 0 0 0 0
6020.0 0 0 0 0 0 0
6025.0 0 0 0 0 0 0
6030.0 0 0 0 0 0 0
6035.0 0 0 0 0 0 0
6040.0 0 0 0 0 0 0
6045.0 0 0 0 0 0 0
6050.0 0 0 0 0 0 0
6055.0 0 0 0 0 0 0
6060.0 0 0 0 0 0 0
6065.0 0 0 0 0 0 0
6070.0 0 0 0 0 0 0
6075.0 0 0 0 0 0 0
6080.0 0 0 0 0 0 0
6085.0 0 0 0 0 0 0
6090.0 0 0 0 0 0 0
6095.0 0 0 0 0 0 0
6100.0 0 0 0 0 0 0
6105.0 0 0 0 0 0 0
6110.0 0 0 0 0 0 0
6115.0 0 0 0 0 0 0
6120.0 0 0 0 0 0 0
6125.0 0 0 0 0 0 0
6130.0 0 0 0 0 0 0
6135.0 0 0 0 0 0 0
6140.0 0 0 0 0 0 0
6145.0 0 0 0 0 0 0
6150.0 0 0 0 0 0 0
6155.0 0 0 0 0 0 0
6160.0 0 0 0 0 0 0
6165.0 0 0 0 0 0 0
6170.0 0 0 0 0 0 0
6175.0 0 0 0 0 0 0
6180.0 0 0 0 0 0 0
6185.0 0 0 0 0 0 0
6190.0 0 0 0 0 0 0
6195.0 0 0 0 0 0 0
6200.0 0 0 0 0 0 0
6205.0 0 0 0 0 0 0
6210.0 0 0 0 0 0 0
6215.0 0 0 0 0 0 0
6220.0 0 0 0 0 0 0
6225.0 0 0 0 0 0 0
6230.0 0 0 0 0 0 0
6235.0 0 0 0 0 0 0
6240.0 0 0 0 0 0 0
6245.0 0 0 0 0 0 0
6250.0 0 0 0 0 0 0
6255.0 0 0 0 0 0 0
6260.0 0 0 0 0 0 0
6265.0 0 0 0 0 0 0
6270.0 0 0 0 0 0 0
6275.0 0 0 0 0 0 0
6280.0 0 0 0 0 0 0
6285.0 0 0 0 0 0 0
6290.0 0 0 0 0 0 0
6295.0 0 0 0 0 0 0
6300.0 0 0 0 0 0 0
6305.0 0 0 0 0 0 0
6310.0 0 0 0 0 0 0
6315.0 0 0 0 0 0 0
6320.0 0 0 0 0 0 0
6325.0 0 0 0 0 0 0
6330.0 0 0 0 0 0 0
6335.0 0 0 0 0 0 0
6340.0 0 0 0 0 0 0
6345.0 0 0 0 0 0 0
6350.0 0 0 0 0 0 0
6355.0 0 0 0 0 0 0
6360.0 0 0 0 0 0 0
6365.0 0 0 0 0 0 0
6370.0 0 0 0 0 0 0
6375.0 0 0 0 0 0 0
6380.0 0 0 0 0 0 0
6385.0 0 0 1 0 0 1
6390.0 0 0 1 0 0 1
6395.0 0 0 1 0 0 1
6400.0 0 0 1 0 0 1
6405.0 0 0 0 0 0 0
6410.0 0 0 0 0 0 0
6415.0 0 1 0 0 0 1
6420.0 0 1 0 0 0 1
6425.0 0 1 1 0 0 2
6430.0 0 0 1 0 0 1
6435.0 0 0 1 0 0 1
6440.0 0 0 1 0 0 1
6445.0 0 1 1 0 0 2
6450.0 0 1 1 0 0 2
6455.0 0 1 0 0 0 1
6460.0 0 1 0 0 0 1
6465.0 0 1 0 0 0 1
6470.0 0 1 0 0 0 1
6475.0 0 1 0 0 0 1
6480.0 0 1 0 0 0 1
6485.0 1 1 0 0 0 2
6490.0 1 0 0 0 0 1
6495.0 0 0 0 0 0 0
6500.0 0 0 0 0 0 0
6505.0 0 0 0 0 0 0
6510.0 0 0 0 0 0 0
6515.0 0 0 0 0 0 0
6520.0 0 0 0 0 0 0
6525.0 0 0 0 0 0 0
6530.0 0 0 0 0 0 0
6535.0 0 0 0 0 0 0
6540.0 0 0 0 0 0 0
6545.0 0 0 0 0 0 0
6550.0 0 0 0 0 0 0
6555.0 0 2 0 1 0 3
6560.0 0 2 0 1 0 3
6565.0 0 2 0 1 0 3
6570.0 0 2 0 1 0 3
6575.0 0 2 0 1 0 3
6580.0 0 1 0 1 0 2
6585.0 0 1 0 0 0 1
6590.0 0 1 0 0 0 1
6595.0 0 1 0 0 0 1
6600.0 0 1 0 1 0 2
6605.0 0 1 0 1 0 2
6610.0 0 1 0 1 0 2
6615.0 0 1 0 0 0 1
6620.0 0 1 0 0 0 1
6625.0 1 1 0 0 0 2
6630.0 1 1 1 0 1 4
6635.0 0 0 1 0 1 2
6640.0 0 0 1 0 1 2
6645.0 0 1 1 0 0 2
6650.0 0 2 1 1 0 4
6655.0 0 2 1 1 0 4
6660.0 0 2 1 1 0 4
6665.0 0 2 0 1 0 3
6670.0 0 2 0 1 0 3
6675.0 0 1 0 1 0 2
6680.0 0 1 0 1 0 2
6685.0 0 0 0 1 0 1
6690.0 0 0 0 1 0 1
6695.0 0 0 0 1 0 1
6700.0 0 0 0 1 0 1
6705.0 0 0 1 1 0 2
6710.0 0 0 1 1 0 2
6715.0 0 0 1 0 0 1
6720.0 0 0 1 0 0 1
6725.0 0 0 1 0 0 1
6730.0 0 0 1 0 0 1
6735.0 0 0 1 0 0 1
6740.0 0 0 0 0 0 0
6745.0 0 0 0 0 0 0
6750.0 0 0 0 0 0 0
6755.0 0 0 0 0 0 0
6760.0 0 0 0 0 0 0
6765.0 0 0 0 0 0 0
6770.0 0 1 0 0 0 1
6775.0 0 1 0 0 0 1
6780.0 0 1 0 0 0 1
6785.0 1 1 0 0 0 2
6790.0 1 1 0 0 0 2
6795.0 0 1 1 0 0 2
6800.0 0 1 1 0 0 2
6805.0 0 1 1 0 0 2
6810.0 0 1 1 0 0 2
6815.0 0 1 1 0 0 2
6820.0 0 1 1 0 0 2
6825.0 0 1 1 0 0 2
6830.0 0 1 1 0 0 2
6835.0 0 1 1 0 0 2
6840.0 0 1 1 0 0 2
6845.0 0 1 1 0 0 2
6850.0 0 1 1 0 0 2
6855.0 0 1 1 0 0 2
6860.0 0 1 0 0 0 1
6865.0 0 1 0 0 0 1
6870.0 0 0 0 0 0 0
6875.0 0 0 1 0 0 1
6880.0 0 0 1 0 0 1
6885.0 1 0 0 0 0 1
6890.0 1 0 0 0 0 1
6895.0 1 0 0 0 0 1
6900.0 1 0 0 0 0 1
6905.0 1 0 0 1 0 2
6910.0 1 0 0 1 0 2
6915.0 2 0 0 0 0 2
6920.0 1 0 1 0 0 2
6925.0 1 0 1 0 0 2
6930.0 1 0 1 0 0 2
6935.0 0 0 1 0 0 1
6940.0 0 0 1 0 0 1
6945.0 1 0 1 0 0 2
6950.0 1 0 1 0 0 2
6955.0 1 0 1 0 0 2
6960.0 1 0 1 0 0 2
6965.0 1 0 1 0 0 2
6970.0 2 0 1 0 0 3
6975.0 2 0 0 0 0 2
6980.0 2 0 0 0 0 2
6985.0 2 0 0 0 0 2
6990.0 2 0 0 0 0 2
6995.0 2 0 0 0 0 2
7000.0 1 0 0 0 0 1
7005.0 1 0 0 0 0 1
7010.0 1 0 0 0 0 1
7015.0 1 0 0 0 0 1
7020.0 1 0 0 0 0 1
7025.0 1 0 0 0 0 1
7030.0 1 0 0 0 0 1
7035.0 1 0 0 0 0 1
7040.0 1 0 0 0 0 1
7045.0 1 0 0 0 0 1
7050.0 1 0 0 0 0 1
7055.0 0 0 0 0 0 0
7060.0 0 0 0 0 0 0
7065.0 0 0 0 0 0 0
7070.0 0 0 0 0 1 1
7075.0 0 0 0 0 1 1
7080.0 0 0 0 0 1 1
7085.0 0 0 0 0 1 1
7090.0 0 0 0 0 1 1
7095.0 0 0 0 0 0 0
7100.0 0 0 0 0 0 0
7105.0 0 0 0 0 0 0
7110.0 0 0 0 0 0 0
7115.0 0 0 0 0 1 1
7120.0 0 0 0 0 1 1
7125.0 0 0 0 0 1 1
7130.0 0 0 0 0 1 1
7135.0 0 0 0 0 1 1
7140.0 0 0 0 0 1 1
7145.0 0 0 0 0 1 1
7150.0 0 0 0 0 1 1
7155.0 0 0 0 0 1 1
7160.0 0 0 0 0 1 1
7165.0 0 0 0 0 1 1
7170.0 0 0 0 0 1 1
7175.0 0 0 0 0 1 1
7180.0 0 0 0 0 1 1
7185.0 0 0 0 0 1 1
7190.0 0 0 0 0 1 1
7195.0 0 0 0 0 1 1
7200.0 0 0 0 0 0 0
7205.0 0 0 0 0 0 0
7210.0 0 0 0 0 0 0
7215.0 0 0 0 0 0 0
7220.0 0 0 0 0 0 0
7225.0 0 0 0 0 0 0
7230.0 0 0 0 0 0 0
7235.0 0 0 0 0 0 0
7240.0 0 0 0 0 0 0
7245.0 0 0 0 0 0 0
7250.0 0 0 0 0 0 0
7255.0 0 0 0 0 0 0
7260.0 0 0 0 0 0 0
7265.0 0 0 0 0 0 0
7270.0 0 0 0 0 0 0
7275.0 0 0 0 0 0 0
7280.0 0 0 0 0 0 0
7285.0 0 0 0 0 0 0
7290.0 0 0 0 0 0 0
7295.0 0 0 0 0 0 0
7300.0 0 0 0 0 0 0
7305.0 0 0 0 0 0 0
7310.0 0 0 0 0 0 0
7315.0 0 0 0 0 0 0
7320.0 0 0 0 0 0 0
7325.0 0 0 0 0 0 0
7330.0 0 0 0 0 0 0
7335.0 0 0 0 0 0 0
7340.0 0 0 0 0 0 0
7345.0 0 0 0 0 0 0
7350.0 0 0 0 0 0 0
7355.0 0 0 0 0 0 0
7360.0 0 0 0 0 0 0
7365.0 0 0 0 0 0 0
7370.0 0 0 0 0 0 0
7375.0 0 0 0 0 0 0
7380.0 0 0 0 0 0 0
7385.0 0 0 0 0 0 0
7390.0 0 0 0 0 0 0
7395.0 0 0 0 0 0 0
7400.0 0 0 0 0 0 0
7405.0 0 0 0 0 0 0
7410.0 0 0 0 0 0 0
7415.0 0 0 0 0 0 0
7420.0 0 0 0 0 0 0
7425.0 0 0 0 0 0 0
7430.0 0 0 0 0 0 0
7435.0 0 0 0 0 0 0
7440.0 0 0 0 0 0 0
7445.0 0 0 0 0 0 0
7450.0 0 0 0 0 0 0
7455.0 0 0 0 0 0 0
7460.0 0 0 0 0 0 0
7465.0 0 0 0 0 0 0
7470.0 0 0 0 0 0 0
7475.0 0 0 0 0 0 0
7480.0 0 0 0 0 0 0
7485.0 0 0 0 0 0 0
7490.0 0 0 0 0 0 0
7495.0 0 0 0 0 0 0
7500.0 0 0 0 0 0 0
7505.0 0 0 0 0 0 0
7510.0 0 0 0 0 0 0
7515.0 0 0 0 0 0 0
7520.0 0 0 0 0 0 0
7525.0 0 0 0 0 0 0
7530.0 0 0 0 0 0 0
7535.0 0 0 0 0 0 0
7540.0 0 0 0 0 0 0
7545.0 0 0 0 0 0 0
7550.0 0 0 0 0 0 0
7555.0 0 0 0 0 0 0
7560.0 0 0 0 0 0 0
7565.0 0 0 0 0 0 0
7570.0 0 0 0 0 0 0
7575.0 0 0 0 0 0 0
7580.0 0 0 0 0 0 0
7585.0 0 0 0 0 0 0
7590.0 0 0 0 0 0 0
7595.0 0 0 0 0 0 0
7600.0 0 0 0 0 0 0
7605.0 0 0 0 0 0 0
7610.0 0 0 0 0 0 0
7615.0 0 0 0 0 0 0
7620.0 0 0 0 0 0 0
7625.0 0 0 0 0 0 0
7630.0 0 0 0 0 0 0
7635.0 0 0 0 0 0 0
7640.0 0 0 0 0 0 0
7645.0 0 0 0 0 0 0
7650.0 0 0 0 0 0 0
7655.0 0 0 0 0 0 0
7660.0 0 0 0 0 0 0
7665.0 0 0 0 0 0 0
7670.0 0 0 0 0 0 0
7675.0 0 0 0 0 0 0
7680.0 0 0 0 0 0 0
7685.0 0 0 0 0 0 0
7690.0 0 0 0 0 0 0
7695.0 0 0 0 0 0 0
7700.0 0 0 0 0 0 0
7705.0 0 0 0 0 0 0
7710.0 0 0 0 0 0 0
7715.0 0 0 0 0 0 0
7720.0 0 0 0 0 0 0
7725.0 0 0 0 0 0 0
7730.0 0 0 0 0 0 0
7735.0 0 1 0 0 0 1
7740.0 0 1 0 0 0 1
7745.0 0 1 0 0 0 1
7750.0 0 1 1 0 0 2
7755.0 0 1 1 0 0 2
7760.0 0 0 1 0 0 1
7765.0 0 0 1 0 0 1
7770.0 0 0 1 0 0 1
7775.0 0 0 1 0 0 1
7780.0 1 0 1 0 0 2
7785.0 1 0 1 0 0 2
7790.0 1 0 1 0 0 2
7795.0 1 0 1 0 0 2
7800.0 1 1 1 0 0 3
7805.0 1 1 1 0 0 3
7810.0 1 1 1 0 0 3
7815.0 1 1 1 0 0 3
7820.0 1 1 1 0 0 3
7825.0 0 1 1 0 0 2
7830.0 0 1 1 0 0 2
7835.0 0 1 0 0 0 1
7840.0 0 1 0 0 0 1
7845.0 0 1 1 0 0 2
7850.0 0 1 1 0 0 2
7855.0 0 1 1 0 1 3
7860.0 0 1 1 0 1 3
7865.0 0 1 1 0 1 3
7870.0 0 1 0 1 1 3
7875.0 0 0 0 1 1 2
7880.0 0 0 0 1 1 2
7885.0 0 0 0 1 1 2
7890.0 0 0 0 1 1 2
7895.0 0 0 0 1 1 2
7900.0 0 0 0 0 1 1
7905.0 0 0 0 0 1 1
7910.0 0 0 0 0 1 1
7915.0 0 0 0 0 1 1
7920.0 0 1 0 0 1 2
7925.0 0 1 0 0 1 2
7930.0 0 1 0 0 0 1
7935.0 0 1 0 0 0 1
7940.0 0 1 0 0 0 1
7945.0 0 1 0 0 0 1
7950.0 0 0 0 0 0 0
7955.0 0 0 0 0 0 0
7960.0 0 0 0 0 0 0
7965.0 0 0 0 0 0 0
7970.0 0 1 0 0 0 1
7975.0 0 1 0 0 0 1
7980.0 0 1 0 0 0 1
7985.0 0 1 0 0 0 1
7990.0 0 0 0 0 0 0
7995.0 0 0 0 0 0 0
8000.0 0 0 0 0 0 0
8005.0 0 0 0 0 0 0
8010.0 0 0 0 0 0 0
8015.0 0 0 0 0 0 0
8020.0 0 1 0 0 0 1
8025.0 0 1 0 0 1 2
8030.0 0 1 0 0 1 2
8035.0 0 1 1 0 1 3
8040.0 0 1 1 0 1 3
8045.0 0 1 1 0 1 3
8050.0 0 1 0 0 1 2
8055.0 1 1 0 0 1 3
8060.0 1 1 0 0 0 2
8065.0 2 1 0 0 0 3
8070.0 2 1 0 0 0 3
8075.0 3 1 0 0 0 4
8080.0 2 1 0 1 0 4
8085.0 2 1 0 1 0 4
8090.0 2 1 0 1 0 4
8095.0 2 1 0 1 0 4
8100.0 2 1 0 1 0 4
8105.0 0 1 0 1 0 2
8110.0 0 1 0 1 0 2
8115.0 0 1 0 1 0 2
8120.0 1 1 1 1 0 4
8125.0 2 0 0 1 0 3
8130.0 2 0 0 1 0 3
8135.0 2 0 0 1 0 3
8140.0 0 0 0 1 0 1
8145.0 1 0 0 0 0 1
8150.0 1 0 1 0 0 2
8155.0 1 0 1 0 0 2
8160.0 1 2 1 0 0 4
8165.0 1 2 1 0 0 4
8170.0 1 2 1 0 0 4
8175.0 0 1 3 0 0 4
8180.0 0 1 3 0 0 4
8185.0 0 1 3 0 0 4
8190.0 0 1 2 0 0 3
8195.0 0 1 2 0 0 3
8200.0 0 0 3 0 0 3
8205.0 0 0 3 0 0 3
8210.0 0 0 3 0 0 3
8215.0 0 0 3 0 0 3
8220.0 0 0 3 0 0 3
8225.0 0 0 3 0 0 3
8230.0 0 0 3 1 0 4
8235.0 0 0 3 1 0 4
8240.0 0 0 3 1 0 4
8245.0 0 0 3 1 0 4
8250.0 0 0 2 1 0 3
8255.0 0 0 2 1 0 3
8260.0 0 0 2 1 0 3
8265.0 0 0 2 1 0 3
8270.0 0 0 2 1 0 3
8275.0 0 0 2 0 0 2
8280.0 0 0 2 0 0 2
8285.0 0 0 2 0 0 2
8290.0 0 0 2 0 0 2
8295.0 0 0 2 0 0 2
8300.0 0 0 2 0 0 2
8305.0 0 0 2 0 0 2
8310.0 0 0 2 0 0 2
8315.0 1 0 2 0 0 3
8320.0 1 0 2 0 0 3
8325.0 1 0 2 0 0 3
8330.0 0 0 2 0 0 2
8335.0 0 1 2 0 0 3
8340.0 0 1 3 0 0 4
8345.0 0 1 3 0 0 4
8350.0 0 1 3 0 0 4
8355.0 0 1 2 0 0 3
8360.0 0 1 2 0 0 3
8365.0 0 0 2 0 0 2
8370.0 0 0 1 0 0 1
8375.0 0 0 1 0 0 1
8380.0 0 0 1 0 0 1
8385.0 0 0 2 0 0 2
8390.0 0 0 2 0 0 2
8395.0 0 0 2 0 0 2
8400.0 0 0 2 0 0 2
8405.0 0 0 1 0 0 1
8410.0 0 0 1 0 0 1
8415.0 0 0 1 0 0 1
8420.0 0 0 1 0 0 1
8425.0 0 0 1 0 0 1
8430.0 0 0 1 0 0 1
8435.0 0 0 1 0 0 1
8440.0 0 0 1 0 0 1
8445.0 0 0 1 0 0 1
8450.0 0 1 0 0 0 1
8455.0 0 1 0 0 0 1
8460.0 0 0 0 0 0 0
8465.0 0 0 0 0 0 0
8470.0 0 0 0 0 0 0
8475.0 0 0 0 0 0 0
8480.0 0 0 0 0 0 0
8485.0 0 0 0 0 0 0
8490.0 0 0 0 0 0 0
8495.0 0 0 0 0 0 0
8500.0 0 0 0 0 0 0
8505.0 0 0 0 0 0 0
8510.0 0 0 0 0 0 0
8515.0 0 0 0 0 0 0
8520.0 0 0 0 0 0 0
8525.0 0 0 0 0 0 0
8530.0 0 0 0 0 0 0
8535.0 0 0 0 0 0 0
8540.0 0 0 0 0 0 0
8545.0 0 0 0 0 0 0
8550.0 0 0 0 0 0 0
8555.0 0 0 0 0 0 0
8560.0 0 0 0 0 0 0
8565.0 0 0 0 0 0 0
8570.0 0 0 0 0 0 0
8575.0 0 0 0 0 0 0
8580.0 0 0 0 0 0 0
8585.0 0 0 0 0 0 0
8590.0 0 0 0 0 0 0
8595.0 0 0 0 0 0 0
8600.0 0 0 0 0 0 0
8605.0 0 0 0 0 0 0
8610.0 0 0 0 0 0 0
8615.0 0 0 0 0 0 0
8620.0 0 0 0 0 0 0
8625.0 0 0 0 0 0 0
8630.0 0 0 0 0 0 0
8635.0 0 0 0 0 0 0
8640.0 0 0 0 0 0 0
8645.0 0 0 0 0 0 0
8650.0 0 0 0 0 0 0
8655.0 0 0 0 0 0 0
8660.0 0 0 0 0 0 0
8665.0 0 0 0 0 0 0
8670.0 0 0 0 0 0 0
8675.0 0 0 0 0 0 0
8680.0 0 0 0 0 0 0
8685.0 0 0 0 0 0 0
8690.0 0 0 0 0 0 0
8695.0 0 0 0 0 0 0
8700.0 0 0 0 0 0 0
8705.0 0 0 0 0 0 0
8710.0 0 0 0 0 0 0
8715.0 0 0 0 0 0 0
8720.0 0 0 0 0 0 0
8725.0 0 0 0 0 0 0
8730.0 0 0 0 0 0 0
8735.0 0 0 0 0 0 0
8740.0 0 0 0 0 0 0
8745.0 0 0 0 0 0 0
8750.0 0 0 0 0 0 0
8755.0 0 0 0 0 0 0
8760.0 0 0 0 0 0 0
8765.0 0 0 0 0 0 0
8770.0 0 0 0 0 0 0
8775.0 0 0 0 0 0 0
8780.0 0 0 0 0 0 0
8785.0 0 0 0 0 0 0
8790.0 0 0 0 0 0 0
8795.0 0 0 0 0 0 0
8800.0 0 0 0 0 0 0
8805.0 0 0 0 0 0 0
8810.0 0 0 0 0 0 0
8815.0 0 0 0 0 0 0
8820.0 0 0 0 0 0 0
8825.0 0 0 0 0 0 0
8830.0 0 0 0 0 0 0
8835.0 0 0 0 0 0 0
8840.0 0 0 0 0 0 0
8845.0 0 0 0 0 0 0
8850.0 0 0 0 0 0 0
8855.0 0 0 0 0 0 0
8860.0 0 0 0 0 0 0
8865.0 0 0 0 0 0 0
8870.0 0 0 0 0 0 0
8875.0 0 0 0 0 0 0
8880.0 0 0 0 0 0 0
8885.0 0 0 0 0 0 0
8890.0 0 0 0 0 0 0
8895.0 0 0 0 0 0 0
8900.0 0 0 0 0 0 0
8905.0 0 0 0 0 0 0
8910.0 0 0 0 0 0 0
8915.0 0 0 0 0 0 0
8920.0 0 0 0 0 0 0
8925.0 0 0 0 0 0 0
8930.0 0 0 0 0 0 0
8935.0 0 0 0 0 0 0
8940.0 0 0 0 0 0 0
8945.0 0 0 0 0 0 0
8950.0 0 0 0 0 0 0
8955.0 0 0 0 0 0 0
8960.0 0 0 0 0 0 0
8965.0 0 0 0 0 0 0
8970.0 0 0 0 0 0 0
8975.0 0 0 0 0 0 0
8980.0 0 0 0 0 0 0
8985.0 0 0 0 0 0 0
8990.0 0 0 0 0 0 0
8995.0 0 0 0 0 0 0
9000.0 0 0 0 0 0 0
9005.0 0 0 0 0 0 0
9010.0 0 0 0 0 0 0
9015.0 0 0 0 0 0 0
9020.0 0 0 0 0 0 0
9025.0 0 0 0 0 0 0
9030.0 0 0 0 0 0 0
9035.0 0 0 0 0 0 0
9040.0 0 0 0 0 0 0
9045.0 0 0 0 0 0 0
9050.0 0 0 0 0 0 0
9055.0 0 0 0 0 0 0
9060.0 0 0 0 0 0 0
9065.0 0 0 0 0 0 0
9070.0 0 0 0 0 0 0
9075.0 0 0 0 0 0 0
9080.0 0 0 0 0 0 0
9085.0 0 0 0 0 0 0
9090.0 0 0 0 0 0 0
9095.0 0 0 0 0 0 0
9100.0 0 0 0 0 0 0
9105.0 0 0 0 0 0 0
9110.0 0 0 0 0 0 0
9115.0 0 0 0 0 0 0
9120.0 0 0 0 0 0 0
9125.0 0 0 0 0 0 0
9130.0 0 0 0 0 0 0
9135.0 0 0 0 0 0 0
9140.0 0 0 0 0 0 0
9145.0 0 0 0 0 0 0
9150.0 0 0 0 0 0 0
9155.0 0 0 1 0 0 1
9160.0 0 0 1 0 0 1
9165.0 0 0 1 0 0 1
9170.0 0 0 1 0 0 1
9175.0 0 0 1 0 0 1
9180.0 0 0 1 0 0 1
9185.0 0 0 0 0 0 0
9190.0 0 0 0 0 0 0
9195.0 0 0 0 0 0 0
9200.0 0 0 0 0 0 0
9205.0 0 0 0 0 0 0
9210.0 1 0 0 0 0 1
9215.0 1 0 0 0 0 1
9220.0 1 0 0 0 0 1
9225.0 1 0 0 0 0 1
9230.0 1 0 0 0 0 1
9235.0 1 0 0 0 0 1
9240.0 1 0 0 0 0 1
9245.0 1 0 0 0 0 1
9250.0 0 0 0 0 0 0
9255.0 0 0 0 0 0 0
9260.0 0 1 0 0 0 1
9265.0 0 1 0 0 0 1
9270.0 0 1 0 0 0 1
9275.0 0 1 0 0 0 1
9280.0 0 1 0 0 0 1
9285.0 0 1 1 0 0 2
9290.0 0 1 1 0 0 2
9295.0 0 0 1 0 0 1
9300.0 0 0 1 0 0 1
9305.0 0 0 0 0 0 0
9310.0 0 0 0 0 0 0
9315.0 0 0 0 0 0 0
9320.0 0 0 0 0 0 0
9325.0 0 0 0 0 0 0
9330.0 0 0 0 0 0 0
9335.0 1 0 0 0 0 1
9340.0 1 0 0 0 0 1
9345.0 1 0 0 0 0 1
9350.0 1 0 0 0 0 1
9355.0 1 0 0 0 0 1
9360.0 1 0 0 0 0 1
9365.0 1 0 0 0 0 1
9370.0 1 0 0 1 0 2
9375.0 2 0 0 1 0 3
9380.0 1 0 0 2 0 3
9385.0 1 0 1 2 0 4
9390.0 1 0 1 2 0 4
9395.0 1 0 1 2 0 4
9400.0 1 0 2 1 0 4
9405.0 1 0 2 1 0 4
9410.0 1 0 2 1 0 4
9415.0 0 0 3 1 0 4
9420.0 0 0 3 0 0 3
9425.0 0 0 2 0 0 2
9430.0 0 0 2 0 0 2
9435.0 0 0 2 0 0 2
9440.0 0 0 2 0 0 2
9445.0 0 0 2 0 0 2
9450.0 0 0 2 0 0 2
9455.0 0 0 1 0 0 1
9460.0 0 0 1 0 0 1
9465.0 1 0 0 0 0 1
9470.0 1 0 0 0 0 1
9475.0 1 0 0 0 0 1
9480.0 1 0 0 0 0 1
9485.0 1 0 0 0 0 1
9490.0 1 0 0 0 0 1
9495.0 0 1 0 0 0 1
9500.0 0 2 1 0 0 3
9505.0 0 1 1 0 0 2
9510.0 0 1 1 0 0 2
9515.0 1 1 1 0 0 3
9520.0 1 1 0 1 0 3
9525.0 2 0 0 1 0 3
9530.0 2 0 0 1 0 3
9535.0 1 0 0 2 0 3
9540.0 1 0 0 2 0 3
9545.0 1 0 0 2 0 3
9550.0 1 0 0 2 0 3
9555.0 1 0 0 0 0 1
9560.0 1 0 0 0 1 2
9565.0 1 0 0 0 1 2
9570.0 1 0 0 0 1 2
9575.0 0 0 1 1 1 3
9580.0 0 0 1 1 1 3
9585.0 0 0 1 1 1 3
9590.0 0 1 0 1 0 2
9595.0 0 1 0 1 0 2
9600.0 0 1 1 0 0 2
9605.0 1 1 1 0 0 3
9610.0 1 1 0 0 0 2
9615.0 1 2 0 0 0 3
9620.0 1 2 0 0 0 3
9625.0 0 2 1 0 0 3
9630.0 0 2 1 0 0 3
9635.0 0 1 1 0 0 2
9640.0 0 1 1 0 0 2
9645.0 0 0 1 0 1 2
9650.0 0 0 1 0 1 2
9655.0 0 0 1 0 1 2
9660.0 0 0 1 0 0 1
9665.0 0 1 1 0 0 2
9670.0 0 1 1 0 0 2
9675.0 0 1 1 0 0 2
9680.0 0 1 1 0 0 2
9685.0 0 1 2 0 0 3
9690.0 0 2 2 0 0 4
9695.0 0 1 2 0 0 3
9700.0 0 1 2 0 0 3
9705.0 0 1 2 0 0 3
9710.0 0 1 1 0 0 2
9715.0 0 1 1 0 0 2
9720.0 0 1 0 0 0 1
9725.0 0 1 0 0 0 1
9730.0 0 1 0 0 0 1
9735.0 0 1 0 0 0 1
9740.0 0 1 0 0 0 1
9745.0 0 1 0 0 0 1
9750.0 0 1 0 0 0 1
9755.0 0 1 0 0 0 1
9760.0 0 2 0 0 0 2
9765.0 0 2 0 0 0 2
9770.0 0 2 0 0 0 2
9775.0 0 2 0 0 1 3
9780.0 0 2 0 0 1 3
9785.0 0 2 0 0 1 3
9790.0 0 2 0 0 1 3
9795.0 0 1 0 1 0 2
9800.0 0 0 0 1 0 1
9805.0 0 0 0 1 0 1
9810.0 0 0 1 1 0 2
9815.0 0 0 1 1 0 2
9820.0 1 0 1 1 0 3
9825.0 1 0 1 1 0 3
9830.0 1 0 1 1 0 3
9835.0 1 0 1 1 0 3
9840.0 1 0 0 1 0 2
9845.0 0 0 0 1 0 1
9850.0 0 0 0 1 0 1
9855.0 0 0 0 1 0 1
9860.0 0 1 0 0 0 1
9865.0 0 1 0 0 0 1
9870.0 0 1 0 0 0 1
9875.0 0 0 0 0 0 0
9880.0 0 0 0 0 0 0
9885.0 0 0 0 0 0 0
9890.0 0 0 0 0 0 0
9895.0 0 0 0 0 0 0
9900.0 0 0 0 0 1 1
9905.0 0 0 0 0 1 1
9910.0 0 0 0 0 1 1
9915.0 0 0 0 0 1 1
9920.0 0 0 0 0 1 1
9925.0 1 0 0 0 1 2
9930.0 1 0 0 0 1 2
9935.0 1 0 0 0 1 2
9940.0 0 1 0 0 1 2
9945.0 0 1 0 0 0 1
9950.0 0 1 0 0 0 1
9955.0 0 1 0 0 0 1
9960.0 0 1 0 0 0 1
9965.0 0 1 0 0 0 1
9970.0 0 1 0 0 0 1
9975.0 0 1 0 0 0 1
9980.0 0 1 0 0 0 1
9985.0 0 0 0 0 0 0
9990.0 0 0 0 0 0 0
9995.0 0 0 0 0 0 0
10000.0 0 0 0 0 0 0
10005.0 0 0 0 0 0 0
10010.0 0 0 0 0 0 0
10015.0 0 0 0 0 0 0
10020.0 0 0 0 0 0 0
10025.0 0 0 0 0 0 0
10030.0 0 0 0 0 0 0
10035.0 0 0 0 0 0 0
10040.0 0 0 0 0 0 0
10045.0 0 0 0 0 0 0
10050.0 0 0 0 0 0 0
10055.0 0 0 0 0 0 0
10060.0 0 0 0 0 0 0
10065.0 0 0 0 0 0 0
10070.0 0 0 0 0 0 0
10075.0 0 0 0 0 0 0
10080.0 0 0 0 0 0 0
10085.0 0 0 0 0 0 0
10090.0 0 0 0 0 0 0
10095.0 0 0 0 0 0 0
10100.0 0 0 0 0 0 0
10105.0 0 0 0 0 0 0
10110.0 0 0 0 0 0 0
10115.0 0 0 0 0 0 0
10120.0 0 0 0 0 0 0
10125.0 0 0 0 0 0 0
10130.0 0 0 0 0 0 0
10135.0 0 0 0 0 0 0
10140.0 0 0 0 0 0 0
10145.0 0 0 0 0 0 0
10150.0 0 0 0 0 0 0
10155.0 0 0 0 0 0 0
10160.0 0 0 0 0 0 0
10165.0 0 0 0 0 0 0
10170.0 0 0 0 0 0 0
10175.0 0 0 0 0 0 0
10180.0 0 0 0 0 0 0
10185.0 0 0 0 0 0 0
10190.0 0 0 0 0 0 0
10195.0 0 0 0 0 0 0
10200.0 0 0 0 0 0 0
10205.0 0 0 0 0 0 0
10210.0 0 0 0 0 0 0
10215.0 0 0 0 0 0 0
10220.0 0 0 0 0 0 0
10225.0 0 0 0 0 0 0
10230.0 0 0 0 0 0 0
10235.0 0 0 0 0 0 0
10240.0 0 0 0 0 0 0
10245.0 0 0 0 0 0 0
10250.0 0 0 0 0 0 0
10255.0 0 0 0 0 0 0
10260.0 0 0 0 0 0 0
10265.0 0 0 0 0 0 0
10270.0 0 0 0 0 0 0
10275.0 0 0 0 0 0 0
10280.0 0 0 0 0 0 0
10285.0 0 0 0 0 0 0
10290.0 0 0 0 0 0 0
10295.0 0 0 0 0 0 0
10300.0 0 0 0 0 0 0
10305.0 0 0 0 0 0 0
10310.0 0 0 0 0 0 0
10315.0 0 0 0 0 0 0
10320.0 0 0 0 0 0 0
10325.0 0 0 0 0 0 0
10330.0 0 0 0 0 0 0
10335.0 0 0 0 0 0 0
10340.0 0 0 0 0 0 0
10345.0 0 0 0 0 0 0
10350.0 0 0 0 0 0 0
10355.0 0 0 0 0 0 0
10360.0 0 0 0 0 0 0
10365.0 0 0 0 0 0 0
10370.0 0 0 0 0 0 0
10375.0 0 0 0 0 0 0
10380.0 0 0 0 0 0 0
10385.0 0 0 0 0 0 0
10390.0 0 0 0 0 0 0
10395.0 0 0 0 0 0 0
10400.0 0 0 0 0 0 0
10405.0 0 0 0 0 0 0
10410.0 0 0 0 0 0 0
10415.0 0 0 0 0 0 0
10420.0 0 0 0 0 0 0
10425.0 0 0 0 0 0 0
10430.0 0 0 0 0 0 0
10435.0 0 0 0 0 0 0
10440.0 0 0 0 0 0 0
10445.0 0 0 0 0 0 0
10450.0 0 0 0 0 0 0
10455.0 0 0 0 0 0 0
10460.0 0 0 0 0 0 0
10465.0 0 0 0 0 0 0
10470.0 0 0 0 0 0 0
10475.0 0 0 0 0 0 0
10480.0 0 0 0 0 0 0
10485.0 0 0 0 0 0 0
10490.0 0 0 0 0 0 0
10495.0 0 0 0 0 0 0
10500.0 0 0 0 0 0 0
10505.0 0 0 0 0 0 0
10510.0 0 0 0 0 0 0
10515.0 0 0 0 0 0 0
10520.0 1 0 0 0 0 1
10525.0 1 0 0 0 0 1
10530.0 1 0 0 0 0 1
10535.0 1 0 0 0 0 1
10540.0 1 0 0 0 0 1
10545.0 1 0 0 0 0 1
10550.0 1 0 0 0 0 1
10555.0 1 0 0 0 0 1
10560.0 1 0 0 0 0 1
10565.0 1 0 0 0 0 1
10570.0 1 0 0 0 0 1
10575.0 1 0 0 0 0 1
10580.0 1 0 0 0 0 1
10585.0 1 0 0 0 0 1
10590.0 1 0 0 0 0 1
10595.0 1 0 0 0 0 1
10600.0 1 0 0 0 0 1
10605.0 1 0 0 0 0 1
10610.0 1 0 0 0 0 1
10615.0 1 0 0 0 0 1
10620.0 1 0 0 0 0 1
10625.0 1 0 0 0 0 1
10630.0 1 0 0 0 0 1
10635.0 1 0 0 0 0 1
10640.0 1 0 0 0 0 1
10645.0 1 0 0 0 0 1
10650.0 1 0 0 0 0 1
10655.0 1 0 0 0 0 1
10660.0 0 0 0 0 0 0
10665.0 0 0 0 0 0 0
10670.0 0 0 0 0 0 0
10675.0 0 0 0 0 0 0
10680.0 0 0 0 0 1 1
10685.0 0 0 0 0 1 1
10690.0 0 0 0 0 1 1
10695.0 0 0 0 0 1 1
10700.0 0 0 1 0 1 2
10705.0 0 0 1 0 1 2
10710.0 0 0 1 0 1 2
10715.0 0 1 0 0 1 2
10720.0 0 1 0 0 1 2
10725.0 0 1 0 0 1 2
10730.0 0 1 0 0 1 2
10735.0 1 1 0 0 1 3
10740.0 1 1 0 0 1 3
10745.0 1 1 0 0 1 3
10750.0 0 1 1 0 1 3
10755.0 0 1 1 0 1 3
10760.0 0 1 1 0 0 2
10765.0 0 1 1 0 0 2
10770.0 0 1 1 0 0 2
10775.0 0 1 1 0 0 2
10780.0 0 1 1 0 0 2
10785.0 0 0 2 0 0 2
10790.0 0 0 1 0 0 1
10795.0 0 0 1 0 0 1
10800.0 0 0 2 0 0 2
10805.0 0 0 2 0 0 2
10810.0 0 1 2 0 0 3
10815.0 0 1 2 0 0 3
10820.0 0 2 2 0 0 4
10825.0 0 2 1 0 0 3
10830.0 0 2 1 0 0 3
10835.0 0 1 1 0 0 2
10840.0 0 1 1 0 0 2
10845.0 0 2 1 0 0 3
10850.0 0 2 1 0 0 3
10855.0 0 2 1 0 0 3
10860.0 0 2 1 0 0 3
10865.0 0 1 0 0 0 1
10870.0 0 1 1 0 0 2
10875.0 0 1 1 0 0 2
10880.0 0 1 1 0 0 2
10885.0 0 1 1 0 0 2
10890.0 0 1 1 0 0 2
10895.0 0 1 1 0 0 2
10900.0 0 1 1 0 0 2
10905.0 0 1 1 0 0 2
10910.0 0 1 1 0 0 2
10915.0 0 1 1 0 0 2
10920.0 0 1 1 0 0 2
10925.0 0 1 1 0 0 2
10930.0 0 0 1 0 0 1
10935.0 0 0 0 0 0 0
10940.0 0 0 0 0 0 0
10945.0 0 0 0 0 0 0
10950.0 0 0 0 0 0 0
10955.0 0 0 0 0 0 0
10960.0 0 0 0 0 0 0
10965.0 0 0 0 0 0 0
10970.0 0 0 0 0 0 0
10975.0 0 0 0 0 0 0
10980.0 0 0 0 1 0 1
10985.0 1 0 0 1 0 2
10990.0 1 0 0 0 0 1
10995.0 1 0 0 0 0 1
11000.0 1 0 0 0 0 1
11005.0 1 0 0 0 0 1
11010.0 1 0 0 0 0 1
11015.0 1 0 0 0 0 1
11020.0 2 0 0 0 0 2
11025.0 2 0 0 0 0 2
11030.0 1 0 0 0 0 1
11035.0 1 0 0 0 0 1
11040.0 1 0 0 0 0 1
11045.0 1 0 0 0 0 1
11050.0 1 0 0 0 0 1
11055.0 1 0 0 0 0 1
11060.0 1 0 0 0 0 1
11065.0 1 0 0 0 0 1
11070.0 0 1 0 0 0 1
11075.0 0 1 1 0 0 2
11080.0 0 1 1 0 0 2
11085.0 0 1 1 0 0 2
11090.0 0 1 1 0 0 2
11095.0 0 1 1 0 0 2
11100.0 1 1 1 0 0 3
11105.0 2 0 1 0 0 3
11110.0 2 0 1 0 0 3
11115.0 2 0 1 0 0 3
11120.0 2 0 1 0 0 3
11125.0 2 0 1 0 0 3
11130.0 1 1 1 0 0 3
11135.0 1 1 0 0 0 2
11140.0 1 1 0 0 0 2
11145.0 1 1 0 1 0 3
11150.0 1 1 0 1 0 3
11155.0 0 1 0 2 0 3
11160.0 0 1 0 2 0 3
11165.0 0 1 0 2 0 3
11170.0 0 1 0 2 0 3
11175.0 0 1 0 2 0 3
11180.0 0 1 0 2 0 3
11185.0 0 1 0 1 0 2
11190.0 0 1 0 0 0 1
11195.0 0 1 0 1 0 2
11200.0 0 0 1 0 0 1
11205.0 0 0 1 0 0 1
11210.0 0 0 1 0 0 1
11215.0 0 0 1 0 0 1
11220.0 0 0 0 0 0 0
11225.0 0 0 0 0 0 0
11230.0 0 0 0 0 0 0
11235.0 0 1 1 0 0 2
11240.0 0 1 1 0 0 2
11245.0 0 1 1 0 0 2
11250.0 0 1 1 0 0 2
11255.0 0 0 1 1 0 2
11260.0 0 0 0 1 0 1
11265.0 0 0 0 1 0 1
11270.0 0 0 0 1 0 1
11275.0 0 0 0 1 0 1
11280.0 0 0 0 1 0 1
11285.0 0 0 0 1 0 1
11290.0 1 0 0 1 0 2
11295.0 1 0 0 1 0 2
11300.0 0 0 0 1 0 1
11305.0 0 0 0 1 0 1
11310.0 0 0 0 0 0 0
11315.0 0 0 0 0 0 0
11320.0 0 0 0 0 0 0
11325.0 0 0 0 0 0 0
11330.0 0 0 0 0 0 0
11335.0 0 0 0 0 0 0
11340.0 0 0 0 0 0 0
11345.0 0 0 0 0 0 0
11350.0 0 0 0 0 0 0
11355.0 0 0 0 0 0 0
11360.0 0 0 0 0 0 0
11365.0 0 0 0 0 0 0
11370.0 0 0 0 0 0 0
11375.0 0 0 0 0 0 0
11380.0 0 0 0 0 0 0
11385.0 0 0 0 0 0 0
11390.0 0 0 0 0 0 0
11395.0 0 0 0 0 0 0
11400.0 0 0 0 0 0 0
11405.0 0 0 0 0 0 0
11410.0 0 0 0 0 0 0
11415.0 0 0 0 0 0 0
11420.0 0 0 0 0 0 0
11425.0 0 0 0 0 0 0
11430.0 0 0 0 0 0 0
11435.0 0 0 0 0 0 0
11440.0 0 0 0 0 0 0
11445.0 0 0 0 0 0 0
11450.0 0 0 0 0 0 0
11455.0 0 0 0 0 0 0
11460.0 0 0 0 0 0 0
11465.0 0 0 0 0 0 0
11470.0 0 0 0 0 0 0
11475.0 0 0 0 0 0 0
11480.0 0 0 0 0 0 0
11485.0 0 0 0 0 0 0
11490.0 0 0 0 0 0 0
11495.0 0 0 0 0 0 0
11500.0 0 0 0 0 0 0
11505.0 0 0 0 0 0 0
11510.0 0 0 0 0 0 0
11515.0 0 0 0 0 0 0
11520.0 0 0 0 0 0 0
11525.0 0 0 0 0 0 0
11530.0 0 0 0 0 0 0
11535.0 0 0 0 0 0 0
11540.0 0 0 0 0 0 0
11545.0 0 0 0 0 0 0
11550.0 0 0 0 0 0 0
11555.0 0 0 0 0 0 0
11560.0 0 0 0 0 0 0
11565.0 0 0 0 0 0 0
11570.0 0 0 0 0 0 0
11575.0 0 0 0 0 0 0
11580.0 0 0 0 0 0 0
11585.0 0 0 0 0 0 0
11590.0 0 0 0 0 0 0
11595.0 0 0 0 0 0 0
11600.0 0 0 0 0 0 0
11605.0 0 0 0 0 0 0
11610.0 0 0 0 0 0 0
11615.0 0 0 0 0 0 0
11620.0 0 0 0 0 0 0
11625.0 0 0 0 0 0 0
11630.0 0 0 0 0 0 0
11635.0 0 0 0 0 0 0
11640.0 0 0 0 0 0 0
11645.0 0 0 0 0 0 0
11650.0 0 0 0 0 0 0
11655.0 0 0 0 0 0 0
11660.0 0 0 0 0 0 0
11665.0 0 0 0 0 0 0
11670.0 0 0 0 0 0 0
11675.0 0 0 0 0 0 0
11680.0 0 0 0 0 0 0
11685.0 0 0 0 0 0 0
11690.0 0 0 0 0 0 0
11695.0 0 0 0 0 0 0
11700.0 0 0 0 0 0 0
11705.0 0 0 0 0 0 0
11710.0 0 0 0 0 0 0
11715.0 0 0 0 0 0 0
11720.0 0 0 0 0 0 0
11725.0 0 0 0 0 0 0
11730.0 0 0 0 0 0 0
11735.0 0 0 0 0 0 0
11740.0 0 0 0 0 0 0
11745.0 0 0 0 0 0 0
11750.0 0 0 0 0 0 0
11755.0 0 0 0 0 0 0
11760.0 0 0 0 0 0 0
11765.0 0 0 0 0 0 0
11770.0 0 0 0 0 0 0
11775.0 0 0 0 0 0 0
11780.0 0 0 0 0 0 0
11785.0 0 0 0 0 0 0
11790.0 0 0 0 0 0 0
11795.0 0 0 0 0 0 0
11800.0 0 0 0 0 0 0
11805.0 0 0 0 0 0 0
11810.0 0 0 0 0 0 0
11815.0 0 0 0 0 0 0
11820.0 0 0 0 0 0 0
11825.0 0 0 0 0 0 0
11830.0 0 0 0 0 0 0
11835.0 0 0 0 0 0 0
11840.0 0 0 0 0 0 0
11845.0 0 0 0 0 0 0
11850.0 0 0 0 0 0 0
11855.0 0 0 0 0 0 0
11860.0 0 0 0 0 0 0
11865.0 0 0 0 0 0 0
11870.0 0 0 0 0 0 0
11875.0 0 0 0 0 0 0
11880.0 0 0 1 0 0 1
11885.0 0 0 1 0 0 1
11890.0 0 0 1 0 0 1
11895.0 0 0 1 0 0 1
11900.0 0 0 1 0 0 1
11905.0 0 0 1 0 0 1
11910.0 0 1 1 0 0 2
11915.0 0 1 1 0 0 2
11920.0 0 2 1 0 0 3
11925.0 0 2 0 1 0 3
11930.0 0 2 0 1 0 3
11935.0 0 2 0 1 0 3
11940.0 0 2 0 1 0 3
11945.0 0 2 0 1 0 3
11950.0 0 2 0 1 0 3
11955.0 0 1 0 1 0 2
11960.0 1 1 0 0 0 2
11965.0 1 1 0 0 0 2
11970.0 0 1 0 1 0 2
11975.0 0 0 1 1 0 2
11980.0 0 0 1 1 0 2
11985.0 0 0 1 1 0 2
11990.0 0 0 1 1 0 2
11995.0 0 0 1 1 0 2
12000.0 0 0 1 1 0 2
12005.0 0 0 1 1 0 2
12010.0 1 0 1 0 0 2
12015.0 1 0 1 0 0 2
12020.0 1 0 1 0 0 2
12025.0 1 0 1 0 0 2
12030.0 1 0 2 0 0 3
12035.0 1 0 2 0 0 3
12040.0 0 0 3 0 0 3
12045.0 0 0 3 0 0 3
12050.0 0 0 2 0 0 2
12055.0 0 0 2 0 0 2
12060.0 0 0 2 0 0 2
12065.0 0 0 2 0 0 2
12070.0 0 0 2 0 0 2
12075.0 0 0 2 0 0 2
12080.0 0 0 2 0 0 2
12085.0 0 0 2 0 0 2
12090.0 0 0 2 0 0 2
12095.0 1 0 1 0 0 2
12100.0 1 0 1 0 0 2
12105.0 1 0 1 1 0 3
12110.0 1 0 1 1 0 3
12115.0 1 0 1 1 0 3
12120.0 1 1 0 1 0 3
12125.0 1 1 0 1 0 3
12130.0 0 1 0 2 0 3
12135.0 0 1 0 2 0 3
12140.0 0 0 0 2 0 2
12145.0 0 0 0 2 0 2
12150.0 0 0 0 2 0 2
12155.0 0 0 0 2 0 2
12160.0 0 0 0 2 0 2
12165.0 0 0 0 2 0 2
12170.0 0 0 0 2 0 2
12175.0 0 0 0 2 0 2
12180.0 0 0 0 2 0 2
12185.0 0 0 0 2 0 2
12190.0 0 0 0 2 0 2
12195.0 0 0 0 2 0 2
12200.0 0 0 0 1 0 1
12205.0 0 0 0 1 0 1
12210.0 0 1 0 1 0 2
12215.0 1 1 0 0 0 2
12220.0 1 1 0 0 0 2
12225.0 0 1 0 1 0 2
12230.0 0 1 0 1 0 2
12235.0 0 1 0 1 0 2
12240.0 0 1 0 1 0 2
12245.0 0 1 0 1 0 2
12250.0 0 1 0 0 0 1
12255.0 0 1 0 0 0 1
12260.0 0 1 0 0 0 1
12265.0 0 2 0 0 0 2
12270.0 0 2 0 0 0 2
12275.0 0 1 0 0 0 1
12280.0 0 1 0 0 0 1
12285.0 0 1 0 0 0 1
12290.0 0 1 0 0 0 1
12295.0 0 1 0 0 0 1
12300.0 0 1 0 0 0 1
12305.0 0 1 0 0 0 1
12310.0 0 1 0 0 0 1
12315.0 0 1 0 0 0 1
12320.0 0 1 0 0 0 1
12325.0 0 1 0 0 0 1
12330.0 0 1 0 0 0 1
12335.0 0 1 0 0 0 1
12340.0 0 1 0 0 0 1
12345.0 0 2 0 0 0 2
12350.0 0 2 0 0 0 2
12355.0 0 2 0 0 0 2
12360.0 0 2 1 0 0 3
12365.0 1 2 1 0 0 4
12370.0 1 2 1 0 0 4
12375.0 1 2 1 0 0 4
12380.0 0 2 1 0 0 3
12385.0 0 2 1 0 0 3
12390.0 0 2 1 0 0 3
12395.0 0 1 0 0 0 1
12400.0 0 1 0 0 0 1
12405.0 0 1 0 0 0 1
12410.0 0 2 0 0 0 2
12415.0 0 2 0 0 0 2
12420.0 0 2 0 0 0 2
12425.0 0 2 0 1 0 3
12430.0 0 1 0 1 0 2
12435.0 0 1 0 1 0 2
12440.0 0 1 0 1 0 2
12445.0 0 1 0 1 0 2
12450.0 0 1 1 1 0 3
12455.0 0 1 1 1 0 3
12460.0 0 1 1 1 0 3
12465.0 0 1 2 1 0 4
12470.0 0 1 2 1 0 4
12475.0 0 1 2 1 0 4
12480.0 0 1 2 1 0 4
12485.0 0 1 2 1 1 5
12490.0 0 1 2 1 1 5
12495.0 0 2 1 1 0 4
12500.0 0 2 1 1 0 4
12505.0 0 2 1 1 0 4
12510.0 0 2 1 1 0 4
12515.0 0 2 1 0 0 3
12520.0 0 1 2 0 0 3
12525.0 1 0 2 0 0 3
12530.0 1 0 2 0 0 3
12535.0 1 0 0 0 0 1
12540.0 1 0 0 0 0 1
12545.0 1 0 0 0 0 1
12550.0 2 0 1 0 0 3
12555.0 3 0 1 0 0 4
12560.0 3 0 0 0 0 3
12565.0 2 0 0 0 0 2
12570.0 2 0 0 0 0 2
12575.0 2 0 0 0 0 2
12580.0 2 0 0 0 0 2
12585.0 2 0 0 0 0 2
12590.0 2 0 0 0 0 2
12595.0 2 0 0 0 0 2
12600.0 2 0 1 0 0 3
12605.0 0 0 1 0 0 1
12610.0 0 0 1 0 0 1
12615.0 0 0 1 0 0 1
12620.0 0 0 1 0 0 1
12625.0 0 0 1 0 0 1
12630.0 0 0 1 0 0 1
12635.0 0 0 1 0 0 1
12640.0 0 0 0 0 0 0
12645.0 0 0 0 0 0 0
12650.0 0 0 0 0 0 0
12655.0 0 0 0 0 0 0
12660.0 0 0 0 0 0 0
12665.0 0 0 0 0 0 0
12670.0 0 0 0 0 0 0
12675.0 0 0 0 0 0 0
12680.0 0 0 0 0 0 0
12685.0 0 1 0 0 0 1
12690.0 0 2 0 0 0 2
12695.0 0 2 0 0 0 2
12700.0 0 2 1 0 0 3
12705.0 0 2 1 0 0 3
12710.0 0 2 1 0 0 3
12715.0 0 2 1 0 0 3
12720.0 0 1 0 0 0 1
12725.0 0 0 0 0 0 0
12730.0 0 0 0 0 0 0
12735.0 0 0 1 0 0 1
12740.0 0 0 2 0 0 2
12745.0 0 0 2 0 0 2
12750.0 0 0 2 0 0 2
12755.0 0 1 1 0 0 2
12760.0 1 1 0 0 0 2
12765.0 0 1 0 0 0 1
12770.0 0 1 0 0 0 1
12775.0 0 1 0 0 0 1
12780.0 0 1 0 0 0 1
12785.0 0 0 0 0 0 0
12790.0 0 0 0 0 0 0
12795.0 0 0 0 0 0 0
12800.0 0 0 0 0 0 0
12805.0 0 0 0 0 0 0
12810.0 0 0 0 0 0 0
12815.0 0 0 0 0 0 0
12820.0 0 0 0 0 0 0
12825.0 0 0 0 0 0 0
12830.0 0 0 0 0 0 0
12835.0 0 0 0 0 0 0
12840.0 0 0 0 0 0 0
12845.0 0 0 0 0 0 0
12850.0 0 0 0 0 0 0
12855.0 0 0 0 0 0 0
12860.0 0 0 0 0 0 0
12865.0 0 0 0 0 0 0
12870.0 0 0 0 0 0 0
12875.0 0 0 0 0 0 0
12880.0 0 0 0 0 0 0
12885.0 0 0 0 0 0 0
12890.0 0 0 0 0 0 0
12895.0 0 0 0 0 0 0
12900.0 0 0 0 0 0 0
12905.0 0 0 0 0 0 0
12910.0 0 0 0 0 0 0
12915.0 0 0 0 0 0 0
12920.0 0 0 0 0 0 0
12925.0 0 0 0 0 0 0
12930.0 0 0 0 0 0 0
12935.0 0 0 0 0 0 0
12940.0 0 0 0 0 0 0
12945.0 0 0 0 0 0 0
12950.0 0 0 0 0 0 0
12955.0 0 0 0 0 0 0
12960.0 0 0 0 0 0 0
12965.0 0 0 0 0 0 0
12970.0 0 0 0 0 0 0
12975.0 0 0 0 0 0 0
12980.0 0 0 0 0 0 0
12985.0 0 0 0 0 0 0
12990.0 0 0 0 0 0 0
12995.0 0 0 0 0 0 0
13000.0 0 0 0 0 0 0
13005.0 0 0 0 0 0 0
13010.0 0 0 0 0 0 0
13015.0 0 0 0 0 0 0
13020.0 0 0 0 0 0 0
13025.0 0 0 0 0 0 0
13030.0 0 0 0 0 0 0
13035.0 0 0 0 0 0 0
13040.0 0 0 0 0 0 0
13045.0 0 0 0 0 0 0
13050.0 0 0 0 0 0 0
13055.0 0 0 0 0 0 0
13060.0 0 0 0 0 0 0
13065.0 0 0 0 0 0 0
13070.0 0 0 0 0 0 0
13075.0 0 0 0 0 0 0
13080.0 0 0 0 0 0 0
13085.0 0 0 0 0 0 0
13090.0 0 0 0 0 0 0
13095.0 0 0 0 0 0 0
13100.0 0 0 0 0 0 0
13105.0 0 0 0 0 0 0
13110.0 0 0 0 0 0 0
13115.0 0 0 0 0 0 0
13120.0 0 0 0 0 0 0
13125.0 0 0 0 0 0 0
13130.0 0 0 0 0 0 0
13135.0 0 0 0 0 0 0
13140.0 0 0 0 0 0 0
13145.0 0 0 0 0 0 0
13150.0 0 0 0 0 0 0
13155.0 0 0 0 0 0 0
13160.0 0 0 0 0 0 0
13165.0 0 0 0 0 0 0
13170.0 0 0 0 0 0 0
13175.0 0 0 0 0 0 0
13180.0 0 0 0 0 0 0
13185.0 0 0 0 0 0 0
13190.0 0 0 0 0 0 0
13195.0 0 0 0 0 0 0
13200.0 0 0 0 0 0 0
13205.0 0 0 0 0 0 0
13210.0 0 0 0 0 0 0
13215.0 0 0 0 0 0 0
13220.0 0 0 0 0 0 0
13225.0 0 0 0 0 0 0
13230.0 0 0 0 0 0 0
13235.0 0 0 0 0 0 0
13240.0 0 0 0 0 0 0
13245.0 0 0 0 0 0 0
13250.0 0 0 0 0 0 0
13255.0 0 0 0 0 0 0
13260.0 0 0 0 0 0 0
13265.0 0 0 0 0 0 0
13270.0 0 0 0 0 0 0
13275.0 0 0 0 0 0 0
13280.0 0 0 0 0 0 0
13285.0 0 0 0 0 0 0
13290.0 0 0 0 0 0 0
13295.0 0 0 0 0 0 0
13300.0 0 0 0 0 0 0
13305.0 0 0 0 0 0 0
13310.0 0 0 0 0 0 0
13315.0 0 0 0 0 0 0
13320.0 0 0 0 0 0 0
13325.0 0 0 0 0 0 0
13330.0 0 0 0 0 0 0
13335.0 0 0 0 0 0 0
13340.0 0 0 0 0 0 0
13345.0 0 0 0 0 0 0
13350.0 0 0 0 0 0 0
13355.0 0 0 0 0 0 0
13360.0 0 0 0 0 0 0
13365.0 0 0 0 0 0 0
13370.0 0 0 0 0 0 0
13375.0 0 0 0 0 0 0
13380.0 0 0 0 0 0 0
13385.0 0 0 0 0 0 0
13390.0 0 1 0 0 0 1
13395.0 0 1 0 0 0 1
13400.0 0 1 0 0 0 1
13405.0 0 2 0 0 0 2
13410.0 0 2 0 0 0 2
13415.0 0 2 0 0 0 2
13420.0 0 2 0 0 0 2
13425.0 0 2 0 0 0 2
13430.0 0 2 0 0 0 2
13435.0 0 2 0 0 0 2
13440.0 0 1 1 0 0 2
13445.0 0 1 1 0 0 2
13450.0 0 1 1 0 0 2
13455.0 0 1 1 0 0 2
13460.0 0 0 0 0 0 0
13465.0 0 0 0 0 0 0
13470.0 0 0 1 0 0 1
13475.0 0 0 1 0 0 1
13480.0 0 0 1 0 0 1
13485.0 0 1 1 0 0 2
13490.0 0 1 1 0 0 2
13495.0 0 1 1 0 0 2
13500.0 0 1 2 0 0 3
13505.0 0 1 2 0 0 3
13510.0 0 1 2 0 0 3
13515.0 0 0 2 0 0 2
13520.0 0 0 2 0 0 2
13525.0 0 0 2 0 0 2
13530.0 0 1 2 0 0 3
13535.0 0 1 2 0 0 3
13540.0 0 1 2 0 0 3
13545.0 0 1 2 0 0 3
13550.0 0 1 2 0 0 3
13555.0 1 0 2 0 0 3
13560.0 1 0 2 0 0 3
13565.0 1 0 2 0 0 3
13570.0 0 1 1 0 0 2
13575.0 0 1 1 0 0 2
13580.0 0 1 1 0 0 2
13585.0 1 1 0 0 0 2
13590.0 1 1 0 0 0 2
13595.0 1 1 0 0 0 2
13600.0 1 1 0 0 0 2
13605.0 2 1 0 0 0 3
13610.0 2 1 0 0 0 3
13615.0 2 1 0 0 0 3
13620.0 1 1 0 0 0 2
13625.0 1 1 0 1 0 3
13630.0 0 1 0 2 0 3
13635.0 0 1 0 2 0 3
13640.0 0 1 0 2 0 3
13645.0 0 1 0 1 1 3
13650.0 0 1 0 1 1 3
13655.0 0 1 0 1 1 3
13660.0 0 1 0 0 1 2
13665.0 0 1 0 0 1 2
13670.0 0 1 0 0 1 2
13675.0 0 1 0 0 1 2
13680.0 0 0 1 0 1 2
13685.0 0 0 1 0 2 3
13690.0 0 1 0 0 2 3
13695.0 0 1 0 0 1 2
13700.0 0 1 0 0 1 2
13705.0 0 1 0 0 1 2
13710.0 0 1 0 0 1 2
13715.0 0 1 1 0 1 3
13720.0 0 1 1 0 1 3
13725.0 0 1 1 0 1 3
13730.0 0 1 1 0 1 3
13735.0 0 1 1 0 1 3
13740.0 0 1 1 0 1 3
13745.0 0 1 1 0 1 3
13750.0 1 0 1 0 1 3
13755.0 1 0 1 0 1 3
13760.0 1 0 1 0 1 3
13765.0 0 0 0 1 1 2
13770.0 0 0 0 1 1 2
13775.0 0 0 1 1 1 3
13780.0 1 0 1 1 0 3
13785.0 1 0 1 1 0 3
13790.0 1 0 1 1 0 3
13795.0 0 0 1 2 0 3
13800.0 0 0 2 1 0 3
13805.0 0 0 2 1 0 3
13810.0 0 0 2 1 0 3
13815.0 0 1 2 2 0 5
13820.0 0 1 2 2 0 5
13825.0 1 1 2 1 0 5
13830.0 1 1 2 1 0 5
13835.0 1 0 1 0 0 2
13840.0 0 0 1 0 0 1
13845.0 0 0 1 0 0 1
13850.0 0 0 1 0 0 1
13855.0 0 0 1 0 0 1
13860.0 0 0 1 0 0 1
13865.0 1 0 0 0 0 1
13870.0 1 0 0 0 0 1
13875.0 1 0 0 0 0 1
13880.0 3 0 0 0 0 3
13885.0 3 0 0 0 0 3
13890.0 3 0 0 0 0 3
13895.0 3 0 0 0 0 3
13900.0 2 0 0 1 0 3
13905.0 2 0 0 1 0 3
13910.0 2 0 0 1 0 3
13915.0 1 0 0 1 0 2
13920.0 1 0 0 1 0 2
13925.0 1 0 0 1 0 2
13930.0 1 0 0 1 0 2
13935.0 1 0 0 1 0 2
13940.0 1 0 0 1 0 2
13945.0 2 1 0 0 0 3
13950.0 2 1 0 0 0 3
13955.0 2 1 0 0 0 3
13960.0 2 1 0 0 0 3
13965.0 2 1 0 1 0 4
13970.0 2 1 0 1 0 4
13975.0 2 1 0 1 0 4
13980.0 2 2 0 1 0 5
13985.0 2 2 0 1 0 5
13990.0 1 2 0 1 0 4
13995.0 1 2 0 1 0 4
14000.0 1 2 0 1 0 4
14005.0 1 2 0 1 0 4
14010.0 1 2 1 0 0 4
14015.0 1 2 1 0 0 4
14020.0 1 1 1 0 0 3
14025.0 1 1 2 0 0 4
14030.0 1 1 2 0 0 4
14035.0 1 0 2 0 0 3
14040.0 1 1 2 0 0 4
14045.0 2 1 1 0 0 4
14050.0 2 1 1 0 0 4
14055.0 2 1 1 0 0 4
14060.0 2 2 1 0 0 5
14065.0 2 2 1 0 0 5
14070.0 2 2 1 0 0 5
14075.0 2 2 1 0 0 5
14080.0 1 2 1 0 0 4
14085.0 1 2 0 0 0 3
14090.0 0 2 0 1 0 3
14095.0 0 2 0 1 0 3
14100.0 0 1 1 0 0 2
14105.0 0 1 1 0 0 2
14110.0 0 1 1 0 0 2
14115.0 0 1 1 0 0 2
14120.0 0 1 0 1 0 2
14125.0 0 1 0 1 0 2
14130.0 0 1 1 1 0 3
14135.0 0 2 1 0 0 3
14140.0 0 1 1 0 0 2
14145.0 0 1 1 0 0 2
14150.0 0 1 1 0 0 2
14155.0 0 1 1 0 0 2
14160.0 0 1 1 0 0 2
14165.0 0 1 1 0 0 2
14170.0 0 0 2 0 0 2
14175.0 0 0 2 0 0 2
14180.0 0 0 1 0 0 1
14185.0 0 0 1 0 0 1
14190.0 0 0 1 0 1 2
14195.0 0 0 0 0 1 1
14200.0 0 0 0 0 1 1
14205.0 0 0 0 0 1 1
14210.0 0 0 0 0 1 1
14215.0 0 0 0 0 1 1
14220.0 0 0 0 0 1 1
14225.0 0 0 0 0 1 1
14230.0 0 0 0 0 1 1
14235.0 0 0 0 0 1 1
14240.0 0 0 0 0 1 1
14245.0 0 1 0 0 0 1
14250.0 0 1 0 0 0 1
14255.0 0 1 0 0 0 1
14260.0 0 1 0 0 0 1
14265.0 0 1 0 0 0 1
14270.0 0 0 0 0 0 0
14275.0 0 0 0 0 0 0
14280.0 0 0 0 0 0 0
14285.0 0 0 0 0 0 0
14290.0 0 0 0 1 0 1
14295.0 0 0 0 1 0 1
14300.0 0 0 0 1 0 1
14305.0 0 0 0 1 0 1
14310.0 0 0 0 1 0 1
14315.0 0 0 0 1 0 1
14320.0 0 0 0 1 0 1
14325.0 0 0 0 1 0 1
14330.0 0 0 0 1 0 1
14335.0 0 0 0 1 0 1
14340.0 0 0 0 1 0 1
14345.0 0 0 0 0 0 0
14350.0 0 0 0 0 0 0
14355.0 0 0 0 0 0 0
14360.0 0 0 0 0 0 0
14365.0 0 0 0 0 0 0
14370.0 0 0 1 0 0 1
14375.0 0 0 1 0 0 1
14380.0 0 0 1 0 0 1
14385.0 0 0 1 0 0 1
14390.0 0 0 1 0 0 1
14395.0 0 0 1 0 0 1
