5.0 0 0 0 0 0 0
10.0 0 0 0 0 0 0
15.0 0 0 0 0 0 0
20.0 0 0 0 0 0 0
25.0 0 0 0 0 0 0
30.0 0 0 0 0 0 0
35.0 0 0 0 0 0 0
40.0 0 0 0 0 0 0
45.0 0 0 0 0 0 0
50.0 0 0 0 0 0 0
55.0 0 0 0 0 0 0
60.0 0 0 0 0 0 0
65.0 0 0 0 0 0 0
70.0 0 0 0 0 0 0
75.0 0 0 0 0 0 0
80.0 0 0 0 0 0 0
85.0 0 0 0 0 0 0
90.0 0 0 0 0 0 0
95.0 0 0 0 0 0 0
100.0 0 0 0 0 0 0
105.0 0 0 0 0 0 0
110.0 0 0 0 0 0 0
115.0 0 0 0 0 0 0
120.0 0 0 0 0 0 0
125.0 0 0 0 0 0 0
130.0 0 0 0 0 0 0
135.0 0 0 0 0 0 0
140.0 0 0 0 0 0 0
145.0 0 0 0 0 0 0
150.0 0 0 0 0 0 0
155.0 0 0 0 0 0 0
160.0 0 0 0 0 0 0
165.0 0 0 0 0 0 0
170.0 0 0 0 0 0 0
175.0 0 0 0 0 0 0
180.0 0 0 0 0 0 0
185.0 0 0 0 0 0 0
190.0 0 0 0 0 0 0
195.0 0 0 0 0 0 0
200.0 0 0 0 0 0 0
205.0 0 0 0 0 0 0
210.0 0 0 0 0 0 0
215.0 0 0 0 0 0 0
220.0 0 0 0 0 0 0
225.0 0 0 0 0 0 0
230.0 0 0 0 0 0 0
235.0 0 0 0 0 0 0
240.0 0 0 0 0 0 0
245.0 0 0 0 0 0 0
250.0 0 0 0 0 0 0
255.0 0 0 0 0 0 0
260.0 0 0 0 0 0 0
265.0 0 0 0 0 0 0
270.0 0 0 0 0 0 0
275.0 0 0 0 0 0 0
280.0 0 0 0 0 0 0
285.0 0 0 0 0 0 0
290.0 0 0 0 0 0 0
295.0 0 0 0 0 0 0
300.0 0 0 0 0 0 0
305.0 0 0 0 0 0 0
310.0 0 0 0 0 0 0
315.0 0 0 0 0 0 0
320.0 0 0 0 0 0 0
325.0 0 0 0 0 0 0
330.0 0 0 0 0 0 0
335.0 0 0 0 0 0 0
340.0 0 1 1 0 0 2
345.0 0 2 1 0 0 3
350.0 0 2 1 0 0 3
355.0 1 3 0 1 0 5
360.0 1 3 0 1 0 5
365.0 1 3 0 1 1 6
370.0 0 3 1 1 1 6
375.0 0 3 2 1 1 7
380.0 0 2 3 1 2 8
385.0 1 4 3 2 2 12
390.0 1 4 2 3 2 12
395.0 2 4 4 2 1 13
400.0 3 4 3 2 1 13
405.0 4 4 5 1 1 15
410.0 5 4 5 1 2 17
415.0 5 3 6 2 4 20
420.0 7 4 8 3 4 26
425.0 8 4 9 3 4 28
430.0 7 4 9 3 6 29
435.0 7 4 8 4 6 29
440.0 9 7 14 3 6 39
445.0 8 9 15 2 5 39
450.0 10 11 15 6 5 47
455.0 12 11 14 6 4 47
460.0 12 15 14 8 6 55
465.0 15 16 14 8 8 61
470.0 19 19 19 6 9 72
475.0 21 22 20 6 8 77
480.0 25 22 18 6 9 80
485.0 26 22 23 6 8 85
490.0 24 26 21 7 9 87
495.0 21 29 25 8 8 91
500.0 18 30 26 9 9 92
505.0 18 36 27 9 9 99
510.0 18 37 29 10 9 103
515.0 19 40 29 14 8 110
520.0 21 34 32 18 11 116
525.0 25 31 36 17 11 120
530.0 27 27 33 18 12 117
535.0 29 27 36 19 14 125
540.0 27 24 37 20 16 124
545.0 33 28 41 18 19 139
550.0 37 27 42 18 18 142
555.0 36 26 41 19 17 139
560.0 43 24 40 18 18 143
565.0 42 28 47 18 17 152
570.0 40 26 46 17 19 148
575.0 43 28 50 18 18 157
580.0 44 29 51 19 17 160
585.0 43 31 54 21 17 166
590.0 40 34 58 21 15 168
595.0 40 30 58 21 16 165
600.0 40 31 57 24 15 167
605.0 38 39 45 29 14 165
610.0 39 44 53 28 14 178
615.0 36 48 60 28 13 185
620.0 36 48 66 26 17 193
625.0 38 46 69 26 19 198
630.0 37 43 61 25 19 185
635.0 42 40 60 24 20 186
640.0 39 39 56 27 20 181
645.0 40 37 55 25 19 176
650.0 39 39 55 25 21 179
655.0 38 39 49 24 21 171
660.0 42 36 54 24 20 176
665.0 45 40 55 18 20 178
670.0 45 39 63 18 20 185
675.0 49 38 61 21 16 185
680.0 47 38 62 21 14 182
685.0 48 41 61 21 14 185
690.0 44 42 57 17 14 174
695.0 47 43 53 14 15 172
700.0 45 40 43 15 17 160
705.0 44 38 36 14 14 146
710.0 39 41 37 16 13 146
715.0 40 43 38 19 12 152
720.0 37 42 39 16 10 144
725.0 35 43 39 19 10 146
730.0 27 40 41 26 11 145
735.0 30 40 43 22 11 146
740.0 29 40 42 24 11 146
745.0 32 37 38 20 11 138
750.0 24 35 36 19 8 122
755.0 25 32 39 16 9 121
760.0 26 36 37 13 10 122
765.0 31 33 40 10 8 122
770.0 34 31 43 10 8 126
775.0 35 30 42 15 7 129
780.0 40 29 46 17 7 139
785.0 39 29 45 16 9 138
790.0 35 30 46 17 10 138
795.0 34 29 46 15 12 136
800.0 32 29 47 13 12 133
805.0 37 30 42 11 13 133
810.0 35 29 45 15 10 134
815.0 31 33 41 16 13 134
820.0 29 33 42 16 13 133
825.0 28 32 36 16 15 127
830.0 26 30 39 14 16 125
835.0 29 32 36 14 16 127
840.0 31 31 38 16 14 130
845.0 28 35 41 17 16 137
850.0 33 34 42 19 19 147
855.0 33 36 43 20 17 149
860.0 33 38 41 18 15 145
865.0 37 36 40 22 11 146
870.0 40 35 40 23 11 149
875.0 38 34 32 26 12 142
880.0 40 32 36 24 12 144
885.0 37 40 36 25 12 150
890.0 37 45 36 27 13 158
895.0 38 40 40 24 13 155
900.0 43 47 38 22 13 163
905.0 46 46 38 24 16 170
910.0 40 48 41 26 13 168
915.0 43 50 37 30 10 170
920.0 42 46 39 30 14 171
925.0 42 52 34 28 15 171
930.0 47 41 32 26 15 161
935.0 48 48 33 24 17 170
940.0 46 45 34 23 19 167
945.0 44 46 37 20 21 168
950.0 41 45 39 19 22 166
955.0 38 46 42 22 23 171
960.0 44 46 41 23 23 177
965.0 50 43 43 23 20 179
970.0 49 42 42 24 23 180
975.0 44 39 39 24 24 170
980.0 45 37 39 25 27 173
985.0 45 32 49 23 23 172
990.0 45 31 53 23 23 175
995.0 44 30 56 22 24 176
1000.0 44 30 54 21 22 171
1005.0 43 37 53 19 19 171
1010.0 43 42 50 18 21 174
1015.0 42 43 50 19 22 176
1020.0 44 38 50 18 24 174
1025.0 37 36 53 16 24 166
1030.0 42 35 54 16 25 172
1035.0 46 36 57 19 28 186
1040.0 46 38 54 17 28 183
1045.0 45 44 56 23 28 196
1050.0 45 51 58 21 30 205
1055.0 38 54 53 20 33 198
1060.0 37 49 53 21 30 190
1065.0 38 48 53 21 33 193
1070.0 40 43 47 23 30 183
1075.0 41 41 44 21 29 176
1080.0 40 46 43 21 28 178
1085.0 37 48 48 19 32 184
1090.0 37 50 54 21 28 190
1095.0 40 52 56 19 27 194
1100.0 44 48 55 22 25 194
1105.0 42 48 50 25 27 192
1110.0 44 46 52 24 26 192
1115.0 43 52 54 26 26 201
1120.0 43 52 57 24 26 202
1125.0 39 58 57 24 25 203
1130.0 40 56 56 19 21 192
1135.0 42 55 62 19 22 200
1140.0 44 53 65 21 21 204
1145.0 39 51 61 20 20 191
1150.0 42 50 63 21 19 195
1155.0 40 47 62 24 21 194
1160.0 41 54 59 22 23 199
1165.0 43 54 60 21 24 202
1170.0 46 54 59 25 23 207
1175.0 48 44 66 21 21 200
1180.0 49 46 62 22 18 197
1185.0 56 46 51 20 19 192
1190.0 55 50 52 17 20 194
1195.0 50 44 51 17 17 179
1200.0 47 40 49 15 16 167
1205.0 45 36 51 14 16 162
1210.0 39 37 49 17 15 157
1215.0 38 34 46 19 13 150
1220.0 34 37 46 19 13 149
1225.0 35 37 48 20 11 151
1230.0 34 34 43 19 10 140
1235.0 35 35 40 19 10 139
1240.0 40 31 40 20 11 142
1245.0 32 28 36 17 9 122
1250.0 31 24 32 13 9 109
1255.0 23 16 36 15 7 97
1260.0 22 12 30 15 7 86
1265.0 20 10 29 15 6 80
1270.0 18 12 25 14 5 74
1275.0 13 14 24 10 5 66
1280.0 7 11 26 9 6 59
1285.0 4 13 24 9 4 54
1290.0 7 16 21 8 4 56
1295.0 7 16 16 5 2 46
1300.0 8 14 10 5 1 38
1305.0 7 9 9 5 1 31
1310.0 6 8 9 4 1 28
1315.0 5 5 7 4 1 22
1320.0 4 6 7 3 1 21
1325.0 4 6 7 3 1 21
1330.0 4 4 4 4 1 17
1335.0 3 4 5 3 1 16
1340.0 2 4 2 3 1 12
1345.0 1 3 2 3 1 10
1350.0 3 4 2 2 1 12
1355.0 3 4 2 2 1 12
1360.0 3 3 2 2 1 11
1365.0 1 2 3 2 0 8
1370.0 1 2 2 1 0 6
1375.0 1 2 1 0 0 4
1380.0 1 1 1 0 0 3
1385.0 0 1 1 0 0 2
1390.0 0 1 1 0 0 2
1395.0 0 0 1 0 0 1
1400.0 0 0 1 0 0 1
1405.0 0 0 1 0 0 1
1410.0 0 1 0 0 0 1
1415.0 0 1 0 0 0 1
1420.0 0 1 0 0 0 1
1425.0 0 0 0 0 0 0
1430.0 0 0 0 0 0 0
1435.0 0 0 0 0 0 0
