5.0 0 0 0 0 0 0
10.0 0 0 0 0 0 0
15.0 0 0 0 0 0 0
20.0 0 0 0 0 0 0
25.0 0 0 0 0 0 0
30.0 0 0 0 0 0 0
35.0 0 0 0 0 0 0
40.0 0 0 0 0 0 0
45.0 0 0 0 0 0 0
50.0 0 0 0 0 0 0
55.0 0 0 0 0 0 0
60.0 0 0 0 0 0 0
65.0 0 0 0 0 0 0
70.0 0 0 0 0 0 0
75.0 0 0 0 0 0 0
80.0 0 0 0 0 0 0
85.0 0 0 0 0 0 0
90.0 0 0 0 0 0 0
95.0 0 0 0 0 0 0
100.0 0 0 0 0 0 0
105.0 0 0 0 0 0 0
110.0 0 0 0 0 0 0
115.0 0 0 0 0 0 0
120.0 0 0 0 0 0 0
125.0 0 0 0 0 0 0
130.0 0 0 0 0 0 0
135.0 0 0 0 0 0 0
140.0 0 0 0 0 0 0
145.0 0 0 0 0 0 0
150.0 0 0 0 0 0 0
155.0 0 0 0 0 0 0
160.0 0 0 0 0 0 0
165.0 0 0 0 0 0 0
170.0 0 0 0 0 0 0
175.0 0 0 0 0 0 0
180.0 0 0 0 0 0 0
185.0 0 0 0 0 0 0
190.0 0 0 0 0 0 0
195.0 0 0 0 0 0 0
200.0 0 0 0 0 0 0
205.0 0 0 0 0 0 0
210.0 0 0 0 0 0 0
215.0 0 0 0 0 0 0
220.0 0 0 0 0 0 0
225.0 0 0 0 0 0 0
230.0 0 0 0 0 0 0
235.0 0 0 0 0 0 0
240.0 0 0 0 0 0 0
245.0 0 0 0 0 0 0
250.0 0 1 0 0 0 1
255.0 0 1 0 0 0 1
260.0 0 1 0 0 0 1
265.0 0 0 0 0 0 0
270.0 0 0 0 0 0 0
275.0 0 0 0 0 0 0
280.0 0 0 0 0 0 0
285.0 0 0 1 0 0 1
290.0 0 0 1 0 0 1
295.0 0 0 1 0 0 1
300.0 0 0 1 0 0 1
305.0 0 0 1 0 0 1
310.0 0 0 1 0 0 1
315.0 0 0 1 0 0 1
320.0 0 0 1 0 0 1
325.0 0 0 2 0 0 2
330.0 0 0 2 0 0 2
335.0 0 0 2 0 0 2
340.0 0 0 2 0 0 2
345.0 0 0 2 0 1 3
350.0 0 0 2 0 1 3
355.0 0 0 0 0 1 1
360.0 0 0 1 0 1 2
365.0 0 0 1 0 1 2
370.0 0 0 2 0 1 3
375.0 0 0 2 0 0 2
380.0 0 0 3 0 0 3
385.0 1 0 4 1 1 7
390.0 1 1 4 1 1 8
395.0 2 2 4 2 1 11
400.0 2 2 4 2 2 12
405.0 4 2 4 2 3 15
410.0 4 2 4 2 3 15
415.0 4 2 3 2 3 14
420.0 3 3 3 4 3 16
425.0 4 3 3 4 3 17
430.0 6 3 3 4 5 21
435.0 6 3 3 3 5 20
440.0 6 3 2 4 5 20
445.0 7 4 2 4 5 22
450.0 5 6 3 4 5 23
455.0 4 7 4 5 4 24
460.0 3 8 5 7 5 28
465.0 3 8 8 7 4 30
470.0 3 10 10 6 4 33
475.0 5 12 11 5 4 37
480.0 5 12 11 5 5 38
485.0 5 13 13 4 5 40
490.0 6 10 13 4 4 37
495.0 7 10 13 4 4 38
500.0 9 12 12 3 4 40
505.0 9 11 14 3 4 41
510.0 12 9 15 3 4 43
515.0 14 10 14 3 4 45
520.0 12 14 13 6 5 50
525.0 8 17 18 8 5 56
530.0 6 20 15 10 4 55
535.0 10 20 18 10 6 64
540.0 10 19 18 10 6 63
545.0 10 19 17 13 6 65
550.0 12 17 17 13 7 66
555.0 8 13 23 13 6 63
560.0 8 13 23 13 6 63
565.0 12 13 21 14 6 66
570.0 11 17 19 12 4 63
575.0 14 18 16 11 4 63
580.0 12 17 13 15 5 62
585.0 12 16 14 15 6 63
590.0 12 14 13 16 6 61
595.0 12 16 14 17 7 66
600.0 13 18 13 16 6 66
605.0 12 21 15 15 6 69
610.0 13 20 14 15 8 70
615.0 12 23 16 15 8 74
620.0 11 23 20 12 8 74
625.0 13 21 21 11 7 73
630.0 14 17 21 12 6 70
635.0 14 20 22 11 5 72
640.0 16 19 20 11 5 71
645.0 18 14 19 11 10 72
650.0 20 15 19 9 10 73
655.0 21 16 20 7 10 74
660.0 21 17 19 7 10 74
665.0 22 16 15 9 10 72
670.0 18 15 19 8 10 70
675.0 12 16 23 6 8 65
680.0 14 12 23 4 8 61
685.0 13 13 22 5 8 61
690.0 14 14 20 6 9 63
695.0 14 15 22 8 7 66
700.0 14 18 19 8 7 66
705.0 13 20 21 6 5 65
710.0 12 15 23 4 3 57
715.0 12 13 19 5 3 52
720.0 12 12 19 7 2 52
725.0 13 10 19 6 3 51
730.0 13 10 15 7 3 48
735.0 16 7 16 7 4 50
740.0 14 12 18 6 4 54
745.0 15 12 21 4 4 56
750.0 12 11 19 6 5 53
755.0 10 11 17 6 5 49
760.0 11 12 17 6 5 51
765.0 10 13 16 6 5 50
770.0 9 12 19 3 5 48
775.0 9 12 19 3 6 49
780.0 6 12 19 4 5 46
785.0 6 12 17 4 5 44
790.0 8 15 18 3 5 49
795.0 12 14 19 6 5 56
800.0 11 14 19 6 5 55
805.0 11 13 18 5 3 50
810.0 9 11 16 5 3 44
815.0 11 13 17 5 2 48
820.0 11 14 16 5 2 48
825.0 11 13 16 5 4 49
830.0 14 13 18 7 5 57
835.0 14 13 16 7 6 56
840.0 16 15 15 8 6 60
845.0 19 16 14 8 6 63
850.0 18 14 15 8 6 61
855.0 19 14 16 9 7 65
860.0 18 16 15 9 7 65
865.0 12 15 16 12 8 63
870.0 15 15 17 13 8 68
875.0 16 15 16 11 9 67
880.0 16 15 15 11 8 65
885.0 16 16 13 7 9 61
890.0 18 16 13 8 9 64
895.0 17 15 17 9 8 66
900.0 17 17 17 7 6 64
905.0 16 22 17 6 6 67
910.0 17 22 17 6 5 67
915.0 18 20 21 6 3 68
920.0 15 21 18 5 3 62
925.0 17 24 17 6 3 67
930.0 17 23 20 7 3 70
935.0 19 22 19 7 3 70
940.0 17 21 22 7 4 71
945.0 19 21 20 8 4 72
950.0 21 22 19 13 5 80
955.0 19 17 18 14 6 74
960.0 18 18 18 15 6 75
965.0 18 18 18 13 5 72
970.0 18 16 18 12 5 69
975.0 19 19 22 12 5 77
980.0 21 24 20 11 5 81
985.0 23 24 18 13 4 82
990.0 23 17 16 13 5 74
995.0 21 15 17 11 6 70
1000.0 21 9 14 14 6 64
1005.0 19 9 14 14 7 63
1010.0 18 12 13 12 6 61
1015.0 23 15 11 8 6 63
1020.0 23 17 14 9 6 69
1025.0 23 19 16 8 6 72
1030.0 19 20 17 13 7 76
1035.0 18 19 17 12 7 73
1040.0 21 17 18 9 7 72
1045.0 20 18 19 11 8 76
1050.0 20 20 18 11 6 75
1055.0 21 16 19 11 7 74
1060.0 21 15 20 11 7 74
1065.0 22 19 18 9 7 75
1070.0 21 20 18 12 7 78
1075.0 17 21 22 9 8 77
1080.0 15 21 23 9 10 78
1085.0 15 18 27 8 10 78
1090.0 14 18 29 9 10 80
1095.0 16 18 31 10 9 84
1100.0 19 14 33 11 8 85
1105.0 19 15 34 12 7 87
1110.0 18 13 34 12 7 84
1115.0 19 12 35 11 7 84
1120.0 17 15 34 11 6 83
1125.0 17 19 35 10 6 87
1130.0 17 20 36 8 5 86
1135.0 19 12 35 8 7 81
1140.0 18 15 34 10 6 83
1145.0 18 14 34 11 5 82
1150.0 18 14 37 11 5 85
1155.0 14 17 36 13 4 84
1160.0 16 19 31 14 4 84
1165.0 15 19 31 12 4 81
1170.0 13 16 30 10 5 74
1175.0 9 16 31 12 5 73
1180.0 9 13 28 12 7 69
1185.0 11 13 26 8 6 64
1190.0 12 12 25 9 5 63
1195.0 10 15 23 11 4 63
1200.0 13 16 22 11 3 65
1205.0 13 17 21 9 4 64
1210.0 12 14 21 9 4 60
1215.0 9 14 19 8 4 54
1220.0 7 12 22 6 5 52
1225.0 7 13 23 7 5 55
1230.0 9 11 18 9 6 53
1235.0 11 12 14 7 5 49
1240.0 8 10 10 7 5 40
1245.0 12 9 9 3 5 38
1250.0 9 10 12 5 4 40
1255.0 6 9 11 5 4 35
1260.0 6 7 10 5 3 31
1265.0 7 4 10 4 3 28
1270.0 5 4 9 3 3 24
1275.0 5 5 9 3 3 25
1280.0 5 5 8 3 3 24
1285.0 4 5 8 3 3 23
1290.0 5 4 6 2 2 19
1295.0 5 4 5 2 2 18
1300.0 8 4 3 1 2 18
1305.0 7 1 2 0 2 12
1310.0 5 0 1 0 2 8
1315.0 4 0 0 0 2 6
1320.0 4 0 1 0 3 8
1325.0 3 0 2 1 3 9
1330.0 3 0 3 1 2 9
1335.0 3 0 2 3 1 9
1340.0 4 0 2 2 2 10
1345.0 3 0 3 1 2 9
1350.0 3 1 1 1 2 8
1355.0 3 1 1 1 2 8
1360.0 2 1 0 1 2 6
1365.0 2 1 0 1 1 5
1370.0 1 1 0 0 1 3
1375.0 0 0 0 1 1 2
1380.0 0 0 0 1 1 2
1385.0 0 0 0 1 1 2
1390.0 0 0 0 1 1 2
1395.0 0 0 0 1 1 2
1400.0 0 0 0 1 0 1
1405.0 0 0 0 1 0 1
1410.0 0 0 0 1 0 1
1415.0 0 0 0 1 0 1
1420.0 0 0 0 1 0 1
1425.0 0 0 0 1 0 1
1430.0 0 0 0 1 0 1
1435.0 0 0 0 0 0 0
