5.0 0 0 0 0 0 0
10.0 0 0 0 0 0 0
15.0 0 0 0 0 0 0
20.0 0 0 0 0 0 0
25.0 0 0 0 0 0 0
30.0 0 0 0 0 0 0
35.0 0 0 0 0 0 0
40.0 0 0 0 0 0 0
45.0 0 0 0 0 0 0
50.0 0 0 0 0 0 0
55.0 0 0 0 0 0 0
60.0 0 0 0 0 0 0
65.0 0 0 0 0 0 0
70.0 0 0 0 0 0 0
75.0 0 0 0 0 0 0
80.0 0 0 0 0 0 0
85.0 0 0 0 0 0 0
90.0 0 0 0 0 0 0
95.0 0 0 0 0 0 0
100.0 0 0 0 0 0 0
105.0 0 0 0 0 0 0
110.0 0 0 0 0 0 0
115.0 0 0 0 0 0 0
120.0 0 0 0 0 0 0
125.0 0 0 0 0 0 0
130.0 0 0 0 0 0 0
135.0 0 0 0 0 0 0
140.0 0 0 0 0 0 0
145.0 0 0 0 0 0 0
150.0 0 0 0 0 0 0
155.0 0 0 0 0 0 0
160.0 0 0 0 0 0 0
165.0 0 0 0 0 0 0
170.0 0 0 0 0 0 0
175.0 0 0 0 0 0 0
180.0 0 0 0 0 0 0
185.0 0 0 0 0 0 0
190.0 0 0 0 0 0 0
195.0 0 0 0 0 0 0
200.0 0 0 0 0 0 0
205.0 0 0 0 0 0 0
210.0 0 0 0 0 0 0
215.0 0 0 0 0 0 0
220.0 0 0 0 0 0 0
225.0 0 0 0 0 0 0
230.0 0 0 0 0 0 0
235.0 0 0 0 0 0 0
240.0 0 0 0 0 0 0
245.0 0 0 0 0 0 0
250.0 0 0 0 0 0 0
255.0 0 0 0 0 0 0
260.0 0 0 0 0 0 0
265.0 0 0 0 0 0 0
270.0 0 0 0 0 0 0
275.0 0 0 0 0 0 0
280.0 0 0 0 0 0 0
285.0 0 0 0 0 0 0
290.0 0 0 0 0 0 0
295.0 0 0 0 0 0 0
300.0 0 0 0 0 0 0
305.0 0 0 0 0 0 0
310.0 0 0 0 0 0 0
315.0 0 0 1 0 0 1
320.0 0 0 1 0 0 1
325.0 1 0 1 0 0 2
330.0 1 0 1 0 0 2
335.0 1 0 1 0 0 2
340.0 1 1 0 0 0 2
345.0 1 1 0 0 0 2
350.0 1 1 0 0 0 2
355.0 1 0 0 0 0 1
360.0 1 0 0 0 0 1
365.0 1 0 0 1 0 2
370.0 1 0 0 1 0 2
375.0 1 0 0 1 0 2
380.0 2 1 0 0 0 3
385.0 2 3 0 0 0 5
390.0 1 3 1 0 0 5
395.0 1 3 1 0 0 5
400.0 1 2 1 0 0 4
405.0 1 2 1 0 0 4
410.0 2 3 1 0 0 6
415.0 2 3 1 0 0 6
420.0 1 2 1 0 0 4
425.0 1 3 2 0 0 6
430.0 1 4 2 1 0 8
435.0 2 4 0 1 0 7
440.0 3 3 2 2 0 10
445.0 2 3 2 4 0 11
450.0 2 3 2 4 0 11
455.0 3 3 1 4 0 11
460.0 3 3 2 4 0 12
465.0 4 5 2 5 0 16
470.0 5 6 3 4 0 18
475.0 5 6 3 4 1 19
480.0 5 4 4 5 1 19
485.0 6 4 6 5 1 22
490.0 6 4 8 5 1 24
495.0 7 4 13 5 1 30
500.0 10 4 15 5 1 35
505.0 12 3 15 4 1 35
510.0 11 4 11 5 2 33
515.0 10 7 12 5 3 37
520.0 10 8 12 4 3 37
525.0 11 7 10 4 3 35
530.0 12 8 9 5 3 37
535.0 12 9 13 6 3 43
540.0 10 10 13 6 3 42
545.0 12 10 15 5 3 45
550.0 12 9 16 7 3 47
555.0 12 12 14 7 3 48
560.0 13 13 13 9 3 51
565.0 14 12 13 9 3 51
570.0 17 14 18 9 3 61
575.0 18 14 20 9 3 64
580.0 17 15 21 9 5 67
585.0 15 16 25 10 5 71
590.0 15 18 25 9 6 73
595.0 17 18 22 9 7 73
600.0 17 18 16 9 7 67
605.0 20 17 11 9 7 64
610.0 22 18 11 9 6 66
615.0 18 18 14 7 8 65
620.0 18 19 14 10 8 69
625.0 18 18 16 12 9 73
630.0 17 18 17 11 7 70
635.0 19 18 17 8 8 70
640.0 18 18 16 8 8 68
645.0 18 19 17 7 7 68
650.0 17 20 16 5 6 64
655.0 14 17 14 6 6 57
660.0 13 19 13 5 6 56
665.0 12 18 18 5 7 60
670.0 11 17 18 4 7 57
675.0 10 17 18 5 7 57
680.0 9 15 21 6 9 60
685.0 7 18 18 7 11 61
690.0 8 22 15 8 10 63
695.0 9 20 20 9 7 65
700.0 8 20 18 8 7 61
705.0 9 20 18 8 8 63
710.0 11 21 18 8 8 66
715.0 10 22 17 7 9 65
720.0 10 22 19 8 9 68
725.0 8 18 16 12 9 63
730.0 10 19 17 9 9 64
735.0 11 18 17 8 9 63
740.0 10 17 18 7 8 60
745.0 12 13 21 7 8 61
750.0 12 11 20 9 8 60
755.0 10 11 19 9 8 57
760.0 7 14 19 10 6 56
765.0 5 11 16 9 8 49
770.0 3 14 15 8 7 47
775.0 6 14 17 9 7 53
780.0 6 16 12 10 8 52
785.0 9 13 12 9 8 51
790.0 11 11 12 9 9 52
795.0 11 14 10 7 8 50
800.0 11 16 9 8 8 52
805.0 10 17 13 7 7 54
810.0 12 14 14 5 8 53
815.0 13 11 14 5 8 51
820.0 14 12 15 7 8 56
825.0 13 11 17 8 8 57
830.0 13 13 21 8 7 62
835.0 11 10 21 8 7 57
840.0 11 9 21 8 7 56
845.0 8 13 21 8 6 56
850.0 9 16 20 8 6 59
855.0 7 15 21 6 6 55
860.0 12 19 16 5 7 59
865.0 11 17 14 5 8 55
870.0 12 15 13 7 9 56
875.0 17 14 14 8 8 61
880.0 16 15 15 10 8 64
885.0 14 14 19 12 8 67
890.0 17 14 17 13 8 69
895.0 18 15 19 12 7 71
900.0 16 16 19 11 6 68
905.0 15 16 17 10 8 66
910.0 14 18 14 10 7 63
915.0 12 19 16 10 8 65
920.0 13 21 15 10 9 68
925.0 14 20 15 10 9 68
930.0 12 22 17 11 10 72
935.0 17 23 13 6 9 68
940.0 16 18 12 8 14 68
945.0 17 19 15 6 14 71
950.0 18 21 15 5 14 73
955.0 16 18 15 6 12 67
960.0 14 19 17 7 12 69
965.0 15 21 15 8 12 71
970.0 16 20 15 7 12 70
975.0 16 20 15 4 12 67
980.0 12 18 17 4 12 63
985.0 11 20 16 5 11 63
990.0 12 24 18 5 9 68
995.0 14 22 20 4 12 72
1000.0 13 23 21 6 12 75
1005.0 13 15 20 6 12 66
1010.0 14 14 22 7 11 68
1015.0 13 17 21 6 10 67
1020.0 13 18 20 6 10 67
1025.0 17 21 23 4 10 75
1030.0 16 21 22 3 10 72
1035.0 16 19 22 4 9 70
1040.0 15 17 23 7 8 70
1045.0 15 16 19 9 7 66
1050.0 13 19 20 9 4 65
1055.0 16 17 21 11 4 69
1060.0 18 17 20 10 3 68
1065.0 19 15 22 10 4 70
1070.0 21 18 18 8 4 69
1075.0 22 17 17 11 3 70
1080.0 24 15 19 9 5 72
1085.0 23 13 19 10 6 71
1090.0 24 15 21 13 5 78
1095.0 23 13 18 14 5 73
1100.0 24 15 21 14 5 79
1105.0 21 14 20 15 6 76
1110.0 21 18 21 13 6 79
1115.0 21 17 23 13 6 80
1120.0 24 17 21 14 6 82
1125.0 22 14 23 14 6 79
1130.0 26 15 25 11 5 82
1135.0 25 13 26 14 5 83
1140.0 23 11 29 15 7 85
1145.0 20 15 25 13 8 81
1150.0 21 14 26 12 10 83
1155.0 22 10 24 10 11 77
1160.0 20 13 22 10 12 77
1165.0 20 16 22 9 12 79
1170.0 22 12 24 7 12 77
1175.0 24 12 18 6 11 71
1180.0 22 13 16 6 11 68
1185.0 22 17 15 8 8 70
1190.0 21 19 13 10 7 70
1195.0 19 16 16 10 6 67
1200.0 15 16 18 10 6 65
1205.0 14 13 18 10 6 61
1210.0 14 14 18 8 5 59
1215.0 13 16 17 8 5 59
1220.0 9 18 17 8 6 58
1225.0 11 19 16 11 6 63
1230.0 13 16 13 9 4 55
1235.0 16 17 11 6 4 54
1240.0 12 17 9 5 3 46
1245.0 13 10 9 6 3 41
1250.0 11 12 9 5 3 40
1255.0 11 10 10 5 2 38
1260.0 9 8 9 5 3 34
1265.0 6 8 7 6 2 29
1270.0 6 7 10 3 2 28
1275.0 3 6 9 5 2 25
1280.0 3 4 9 6 3 25
1285.0 4 3 9 6 3 25
1290.0 5 4 7 4 4 24
1295.0 5 3 8 3 4 23
1300.0 4 3 7 2 4 20
1305.0 4 2 6 0 4 16
1310.0 4 2 3 0 2 11
1315.0 4 2 1 0 2 9
1320.0 4 1 0 0 2 7
1325.0 4 1 1 0 3 9
1330.0 4 1 1 0 2 8
1335.0 4 0 1 0 3 8
1340.0 3 0 1 0 3 7
1345.0 2 0 2 0 2 6
1350.0 2 0 2 0 1 5
1355.0 2 0 2 0 1 5
1360.0 2 0 2 0 1 5
1365.0 2 0 2 0 1 5
1370.0 2 0 2 0 1 5
1375.0 2 0 2 0 1 5
1380.0 1 0 2 0 1 4
1385.0 0 0 2 0 1 3
1390.0 0 0 2 0 1 3
1395.0 0 0 2 0 1 3
1400.0 0 0 2 0 1 3
1405.0 0 0 2 0 0 2
1410.0 0 0 0 0 0 0
1415.0 0 0 0 0 0 0
1420.0 0 0 0 0 0 0
1425.0 0 0 0 0 0 0
1430.0 0 0 0 0 0 0
1435.0 0 0 0 0 0 0
