5.0 0 0 0 0 0 0
10.0 0 0 0 0 0 0
15.0 0 0 0 0 0 0
20.0 0 0 0 0 0 0
25.0 0 0 0 0 0 0
30.0 0 0 0 0 0 0
35.0 0 0 0 0 0 0
40.0 0 0 0 0 0 0
45.0 0 0 0 0 0 0
50.0 0 0 0 0 0 0
55.0 0 0 0 0 0 0
60.0 0 0 0 0 0 0
65.0 0 0 0 0 0 0
70.0 0 0 0 0 0 0
75.0 0 0 0 0 0 0
80.0 0 0 0 0 0 0
85.0 0 0 0 0 0 0
90.0 0 0 0 0 0 0
95.0 0 0 0 0 0 0
100.0 0 0 0 0 0 0
105.0 0 0 0 0 0 0
110.0 0 0 0 0 0 0
115.0 0 0 0 0 0 0
120.0 0 0 0 0 0 0
125.0 0 0 0 0 0 0
130.0 0 0 0 0 0 0
135.0 0 0 0 0 0 0
140.0 0 0 0 0 0 0
145.0 0 0 0 0 0 0
150.0 0 0 0 0 0 0
155.0 0 0 0 0 0 0
160.0 0 0 0 0 0 0
165.0 0 0 0 0 0 0
170.0 0 0 0 0 0 0
175.0 0 0 0 0 0 0
180.0 0 0 0 0 0 0
185.0 0 0 0 0 0 0
190.0 0 0 0 0 0 0
195.0 0 0 0 0 0 0
200.0 0 0 0 0 0 0
205.0 0 0 0 0 0 0
210.0 0 0 0 0 0 0
215.0 0 0 0 0 0 0
220.0 0 0 0 0 0 0
225.0 0 0 0 0 0 0
230.0 0 0 0 0 0 0
235.0 0 0 0 1 0 1
240.0 0 0 0 1 0 1
245.0 0 0 0 1 0 1
250.0 0 0 0 1 0 1
255.0 0 0 0 1 0 1
260.0 0 0 0 1 0 1
265.0 0 0 0 1 0 1
270.0 0 0 0 1 0 1
275.0 0 0 1 1 0 2
280.0 0 0 1 1 0 2
285.0 0 0 1 1 0 2
290.0 0 0 1 1 0 2
295.0 1 0 3 1 0 5
300.0 1 0 4 1 0 6
305.0 1 0 5 1 1 8
310.0 1 0 5 1 1 8
315.0 1 0 5 1 1 8
320.0 1 0 7 1 1 10
325.0 2 0 8 1 1 12
330.0 3 0 8 1 1 13
335.0 4 0 7 2 2 15
340.0 4 0 7 2 2 15
345.0 6 1 5 2 2 16
350.0 6 3 5 2 3 19
355.0 4 4 4 1 3 16
360.0 4 6 7 1 4 22
365.0 3 8 8 2 4 25
370.0 2 7 8 1 4 22
375.0 3 9 7 2 4 25
380.0 4 10 6 2 5 27
385.0 6 12 8 1 4 31
390.0 9 11 7 2 5 34
395.0 10 13 9 2 4 38
400.0 9 15 11 2 6 43
405.0 9 12 8 3 7 39
410.0 8 14 10 3 7 42
415.0 8 18 14 3 6 49
420.0 11 19 17 1 7 55
425.0 13 20 19 2 7 61
430.0 16 24 21 3 8 72
435.0 17 27 24 5 8 81
440.0 16 26 22 7 8 79
445.0 20 31 27 9 9 96
450.0 22 34 27 13 12 108
455.0 25 39 34 13 12 123
460.0 31 43 36 13 13 136
465.0 32 43 41 15 15 146
470.0 34 45 47 18 14 158
475.0 34 44 49 22 15 164
480.0 35 45 49 24 19 172
485.0 39 57 53 21 18 188
490.0 44 54 54 22 21 195
495.0 49 48 57 23 24 201
500.0 50 61 68 23 25 227
505.0 57 70 73 23 28 251
510.0 64 66 74 27 31 262
515.0 66 70 81 34 30 281
520.0 69 78 80 35 34 296
525.0 73 84 82 35 37 311
530.0 73 79 87 38 41 318
535.0 75 82 94 38 42 331
540.0 65 84 106 42 45 342
545.0 66 93 106 46 47 358
550.0 70 92 109 51 43 365
555.0 72 94 109 59 45 379
560.0 78 98 120 57 44 397
565.0 83 106 121 56 48 414
570.0 89 110 137 57 50 443
575.0 94 121 139 59 51 464
580.0 98 128 146 63 51 486
585.0 98 134 153 57 51 493
590.0 103 134 161 56 46 500
595.0 105 137 165 60 46 513
600.0 107 137 161 61 51 517
605.0 118 131 171 61 57 538
610.0 122 124 173 59 56 534
615.0 120 131 168 64 56 539
620.0 123 136 159 75 54 547
625.0 123 137 158 77 55 550
630.0 136 142 153 66 56 553
635.0 139 140 155 66 53 553
640.0 143 136 166 63 50 558
645.0 144 138 172 66 51 571
650.0 134 138 178 66 52 568
655.0 124 136 179 71 50 560
660.0 118 141 184 70 50 563
665.0 113 141 179 75 51 559
670.0 112 139 176 76 52 555
675.0 117 141 172 76 55 561
680.0 117 133 172 82 52 556
685.0 108 142 171 79 52 552
690.0 116 140 163 68 51 538
695.0 119 143 167 61 56 546
700.0 120 143 157 62 56 538
705.0 109 141 155 63 53 521
710.0 95 134 150 70 50 499
715.0 99 129 144 70 50 492
720.0 100 126 144 73 53 496
725.0 98 120 141 63 52 474
730.0 93 122 143 64 53 475
735.0 96 123 137 66 50 472
740.0 98 115 138 69 50 470
745.0 86 108 129 73 48 444
750.0 89 103 132 73 48 445
755.0 93 106 122 72 47 440
760.0 85 107 126 65 51 434
765.0 83 103 123 66 54 429
770.0 84 97 121 65 49 416
775.0 85 93 123 63 47 411
780.0 89 97 119 64 49 418
785.0 87 102 119 63 49 420
790.0 89 106 129 63 47 434
795.0 91 98 125 65 49 428
800.0 96 94 121 62 50 423
805.0 89 90 121 61 49 410
810.0 96 95 121 52 49 413
815.0 92 89 123 49 51 404
820.0 95 97 127 49 53 421
825.0 92 104 115 57 51 419
830.0 92 113 126 54 49 434
835.0 88 120 128 59 51 446
840.0 91 124 129 59 51 454
845.0 90 131 128 62 52 463
850.0 93 132 132 61 51 469
855.0 93 130 144 63 50 480
860.0 90 129 139 62 54 474
865.0 95 127 136 58 52 468
870.0 89 129 139 56 52 465
875.0 93 128 136 53 52 462
880.0 98 126 134 57 53 468
885.0 97 125 136 60 50 468
890.0 95 126 144 61 47 473
895.0 99 124 145 57 47 472
900.0 112 125 144 56 48 485
905.0 104 133 152 59 48 496
910.0 106 137 151 62 48 504
915.0 111 133 147 65 48 504
920.0 117 125 151 64 48 505
925.0 111 117 151 67 51 497
930.0 108 121 156 69 56 510
935.0 111 113 154 74 56 508
940.0 110 112 151 77 59 509
945.0 122 123 148 82 61 536
950.0 117 123 158 82 61 541
955.0 121 130 145 80 63 539
960.0 116 139 137 75 62 529
965.0 110 140 133 64 63 510
970.0 116 133 132 64 64 509
975.0 123 141 140 65 65 534
980.0 127 134 147 70 62 540
985.0 117 136 150 67 63 533
990.0 117 131 152 71 63 534
995.0 119 129 158 72 61 539
1000.0 117 135 153 71 69 545
1005.0 117 123 154 73 77 544
1010.0 126 127 152 71 77 553
1015.0 130 113 156 80 75 554
1020.0 133 121 153 71 69 547
1025.0 120 127 158 65 63 533
1030.0 124 146 158 65 64 557
1035.0 120 143 162 75 66 566
1040.0 122 139 160 67 70 558
1045.0 116 134 157 69 68 544
1050.0 117 148 160 66 70 561
1055.0 120 154 169 63 70 576
1060.0 117 155 177 70 70 589
1065.0 129 144 182 67 74 596
1070.0 132 137 184 65 73 591
1075.0 122 139 190 70 74 595
1080.0 117 136 182 70 73 578
1085.0 117 136 191 66 77 587
1090.0 118 144 189 72 77 600
1095.0 115 143 182 80 73 593
1100.0 116 142 188 82 77 605
1105.0 118 138 182 86 75 599
1110.0 118 130 182 89 73 592
1115.0 120 130 174 89 81 594
1120.0 131 129 182 78 82 602
1125.0 133 130 183 79 80 605
1130.0 128 138 198 77 81 622
1135.0 136 134 198 73 82 623
1140.0 137 134 199 69 80 619
1145.0 139 133 196 72 81 621
1150.0 151 144 191 68 88 642
1155.0 146 144 182 71 82 625
1160.0 136 138 183 75 87 619
1165.0 136 127 178 80 85 606
1170.0 127 136 160 89 84 596
1175.0 121 127 144 83 80 555
1180.0 117 115 149 80 78 539
1185.0 121 115 151 80 75 542
1190.0 121 102 145 80 71 519
1195.0 129 101 152 75 67 524
1200.0 129 99 139 68 65 500
1205.0 132 99 132 65 60 488
1210.0 117 97 128 65 58 465
1215.0 115 92 122 64 54 447
1220.0 105 95 126 62 50 438
1225.0 102 99 111 61 49 422
1230.0 90 94 98 53 46 381
1235.0 88 89 90 48 48 363
1240.0 71 80 91 44 45 331
1245.0 64 78 85 42 40 309
1250.0 54 77 87 43 39 300
1255.0 51 77 76 43 35 282
1260.0 54 63 72 40 29 258
1265.0 52 62 66 37 27 244
1270.0 53 52 72 29 26 232
1275.0 48 46 57 25 21 197
1280.0 46 36 56 20 19 177
1285.0 40 38 48 19 15 160
1290.0 35 39 47 20 13 154
1295.0 36 34 44 18 14 146
1300.0 33 30 44 18 13 138
1305.0 26 32 41 19 13 131
1310.0 18 28 31 22 12 111
1315.0 16 22 26 19 12 95
1320.0 15 22 26 15 10 88
1325.0 12 21 26 11 10 80
1330.0 13 21 25 12 8 79
1335.0 12 17 25 8 5 67
1340.0 10 11 21 9 4 55
1345.0 8 9 16 13 4 50
1350.0 7 7 14 9 4 41
1355.0 6 8 11 9 4 38
1360.0 6 9 10 6 5 36
1365.0 5 11 10 4 5 35
1370.0 4 9 11 4 4 32
1375.0 1 5 12 5 3 26
1380.0 0 5 9 5 3 22
1385.0 0 5 5 5 3 18
1390.0 0 1 4 5 3 13
1395.0 0 0 5 4 2 11
1400.0 0 0 4 4 2 10
1405.0 0 0 3 3 2 8
1410.0 0 0 3 3 3 9
1415.0 2 0 2 1 2 7
1420.0 2 0 2 1 2 7
1425.0 2 0 1 0 1 4
1430.0 1 0 1 0 1 3
1435.0 1 0 2 0 1 4
