5.0 0 0 0 0 0 0
10.0 0 0 0 0 0 0
15.0 0 0 0 0 0 0
20.0 0 0 0 0 0 0
25.0 0 0 0 0 0 0
30.0 0 0 0 0 0 0
35.0 0 0 0 0 0 0
40.0 0 0 0 0 0 0
45.0 0 0 0 0 0 0
50.0 0 0 0 0 0 0
55.0 0 0 0 0 0 0
60.0 0 0 0 0 0 0
65.0 0 0 0 0 0 0
70.0 0 0 0 0 0 0
75.0 0 0 0 0 0 0
80.0 0 0 0 0 0 0
85.0 0 0 0 0 0 0
90.0 0 0 0 0 0 0
95.0 0 0 0 0 0 0
100.0 0 0 0 0 0 0
105.0 0 0 0 0 0 0
110.0 0 0 0 0 0 0
115.0 0 0 0 0 0 0
120.0 0 0 0 0 0 0
125.0 0 0 0 0 0 0
130.0 0 0 0 0 0 0
135.0 0 0 0 0 0 0
140.0 0 0 0 0 0 0
145.0 0 0 0 0 0 0
150.0 0 0 0 0 0 0
155.0 0 0 0 0 0 0
160.0 0 0 0 0 0 0
165.0 0 0 0 0 0 0
170.0 0 0 0 0 0 0
175.0 0 0 0 0 0 0
180.0 0 0 0 0 0 0
185.0 0 0 0 0 0 0
190.0 0 0 0 0 0 0
195.0 0 0 0 0 0 0
200.0 0 0 0 0 0 0
205.0 0 0 0 0 0 0
210.0 0 0 0 0 0 0
215.0 0 0 0 0 0 0
220.0 0 0 0 0 0 0
225.0 0 0 0 0 0 0
230.0 0 0 0 0 0 0
235.0 0 0 0 0 0 0
240.0 0 0 0 0 0 0
245.0 0 0 0 0 0 0
250.0 0 0 0 0 0 0
255.0 0 0 0 0 0 0
260.0 0 0 0 0 0 0
265.0 0 0 0 0 0 0
270.0 0 0 0 0 0 0
275.0 0 0 0 0 0 0
280.0 0 0 0 0 0 0
285.0 0 0 0 0 0 0
290.0 0 0 0 0 0 0
295.0 0 0 0 0 0 0
300.0 0 0 0 0 0 0
305.0 0 0 0 0 0 0
310.0 0 0 0 0 0 0
315.0 0 0 0 0 0 0
320.0 0 0 0 0 0 0
325.0 0 0 0 0 0 0
330.0 0 0 0 0 0 0
335.0 0 0 0 0 0 0
340.0 0 0 0 0 0 0
345.0 0 0 0 0 0 0
350.0 0 0 0 1 0 1
355.0 0 0 0 1 0 1
360.0 0 0 0 1 0 1
365.0 1 0 0 1 0 2
370.0 1 0 0 1 0 2
375.0 1 0 0 1 0 2
380.0 1 0 0 0 0 1
385.0 1 0 0 0 0 1
390.0 1 0 0 0 0 1
395.0 0 1 1 0 0 2
400.0 0 1 1 0 0 2
405.0 0 1 1 0 0 2
410.0 1 1 0 0 0 2
415.0 1 0 0 0 0 1
420.0 1 0 0 0 0 1
425.0 0 0 1 0 0 1
430.0 0 0 1 0 0 1
435.0 0 0 1 0 0 1
440.0 0 0 1 0 0 1
445.0 0 0 0 0 0 0
450.0 0 0 0 0 0 0
455.0 0 0 0 0 0 0
460.0 0 0 0 0 0 0
465.0 0 0 0 0 0 0
470.0 0 1 0 0 0 1
475.0 0 1 0 0 0 1
480.0 0 2 0 0 0 2
485.0 0 1 1 0 0 2
490.0 0 0 1 0 1 2
495.0 0 2 0 0 1 3
500.0 0 2 0 0 1 3
505.0 1 2 0 0 1 4
510.0 1 3 0 1 1 6
515.0 1 3 0 2 1 7
520.0 1 4 0 2 1 8
525.0 0 3 1 2 1 7
530.0 0 3 1 2 1 7
535.0 0 3 0 3 1 7
540.0 0 3 0 3 1 7
545.0 0 2 0 4 1 7
550.0 0 2 1 3 1 7
555.0 0 2 1 3 1 7
560.0 0 2 1 3 0 6
565.0 0 1 1 4 0 6
570.0 0 1 1 4 0 6
575.0 0 1 1 3 0 5
580.0 1 1 2 2 0 6
585.0 1 1 2 2 0 6
590.0 1 1 3 2 0 7
595.0 2 2 4 2 0 10
600.0 2 2 4 2 0 10
605.0 1 4 4 2 1 12
610.0 1 4 4 2 3 14
615.0 1 4 5 2 3 15
620.0 2 3 5 2 3 15
625.0 1 3 5 2 3 14
630.0 1 2 5 1 3 12
635.0 1 2 5 1 3 12
640.0 1 2 5 1 4 13
645.0 2 1 4 2 4 13
650.0 2 0 5 2 4 13
655.0 1 1 5 2 4 13
660.0 2 2 5 2 4 15
665.0 2 3 4 2 2 13
670.0 2 3 4 3 2 14
675.0 4 1 3 2 2 12
680.0 4 1 2 3 2 12
685.0 3 1 2 3 3 12
690.0 5 0 4 2 2 13
695.0 4 0 4 2 2 12
700.0 4 0 4 1 2 11
705.0 4 0 5 2 2 13
710.0 3 1 3 2 2 11
715.0 2 1 4 2 2 11
720.0 2 1 2 2 2 9
725.0 1 1 1 1 2 6
730.0 1 1 2 2 2 8
735.0 1 1 2 2 1 7
740.0 1 1 2 1 2 7
745.0 1 1 2 1 2 7
750.0 2 2 2 1 2 9
755.0 2 2 3 1 1 9
760.0 2 2 3 1 1 9
765.0 2 1 3 1 1 8
770.0 2 1 3 1 1 8
775.0 3 2 3 1 1 10
780.0 3 2 3 1 0 9
785.0 2 1 5 2 0 10
790.0 4 1 5 2 0 12
795.0 4 2 6 2 0 14
800.0 3 2 4 1 0 10
805.0 4 0 3 0 0 7
810.0 3 0 2 0 0 5
815.0 3 1 2 0 0 6
820.0 3 1 2 0 0 6
825.0 5 1 2 1 0 9
830.0 4 1 3 1 0 9
835.0 3 1 4 1 0 9
840.0 3 0 5 1 1 10
845.0 3 3 6 1 1 14
850.0 3 3 6 1 1 14
855.0 3 4 5 2 1 15
860.0 4 2 6 2 1 15
865.0 3 3 6 2 1 15
870.0 2 3 6 3 2 16
875.0 2 3 8 2 2 17
880.0 2 3 7 2 2 16
885.0 2 4 5 2 1 14
890.0 2 3 5 3 1 14
895.0 2 3 5 4 1 15
900.0 2 4 4 3 1 14
905.0 2 3 3 2 1 11
910.0 2 4 4 2 1 13
915.0 2 4 4 3 1 14
920.0 2 4 5 4 1 16
925.0 2 4 3 4 1 14
930.0 1 2 3 4 1 11
935.0 2 1 2 4 1 10
940.0 2 3 2 4 1 12
945.0 2 4 1 4 1 12
950.0 3 2 4 3 1 13
955.0 3 2 4 4 2 15
960.0 4 1 6 3 2 16
965.0 3 2 7 3 2 17
970.0 5 2 6 2 2 17
975.0 5 2 6 2 2 17
980.0 4 2 7 1 2 16
985.0 4 3 9 1 3 20
990.0 4 3 7 1 3 18
995.0 3 3 8 2 3 19
1000.0 4 4 7 2 3 20
1005.0 4 6 8 2 4 24
1010.0 4 6 9 2 2 23
1015.0 5 6 8 2 2 23
1020.0 4 6 8 2 3 23
1025.0 4 6 9 2 2 23
1030.0 3 5 9 3 2 22
1035.0 4 5 6 2 2 19
1040.0 4 4 5 2 2 17
1045.0 3 4 4 2 2 15
1050.0 3 4 5 2 2 16
1055.0 4 2 7 2 2 17
1060.0 4 2 8 2 2 18
1065.0 5 2 7 3 1 18
1070.0 6 4 7 3 1 21
1075.0 6 4 8 2 1 21
1080.0 7 5 8 2 1 23
1085.0 7 4 9 2 1 23
1090.0 8 6 9 1 1 25
1095.0 7 6 10 1 1 25
1100.0 8 6 9 1 2 26
1105.0 6 7 9 1 2 25
1110.0 5 7 9 1 2 24
1115.0 4 7 8 2 2 23
1120.0 5 8 7 3 3 26
1125.0 4 7 7 3 3 24
1130.0 4 10 5 2 4 25
1135.0 4 9 7 3 3 26
1140.0 5 10 6 4 3 28
1145.0 4 11 6 3 3 27
1150.0 4 9 6 3 3 25
1155.0 3 9 8 1 2 23
1160.0 4 7 8 1 3 23
1165.0 4 5 8 1 2 20
1170.0 4 4 10 1 2 21
1175.0 3 5 9 2 2 21
1180.0 1 5 8 2 2 18
1185.0 1 4 8 2 2 17
1190.0 3 4 7 2 1 17
1195.0 4 5 7 2 1 19
1200.0 4 5 7 2 1 19
1205.0 3 3 7 3 1 17
1210.0 3 3 7 3 1 17
1215.0 3 4 7 3 1 18
1220.0 3 3 7 4 1 18
1225.0 3 3 6 4 1 17
1230.0 3 3 5 4 1 16
1235.0 3 4 5 3 1 16
1240.0 4 4 5 2 0 15
1245.0 3 4 5 2 0 14
1250.0 4 1 5 2 0 12
1255.0 2 1 5 2 0 10
1260.0 3 1 3 1 0 8
1265.0 3 2 3 1 0 9
1270.0 4 3 0 0 0 7
1275.0 4 3 1 0 0 8
1280.0 2 4 0 0 0 6
1285.0 2 3 0 0 0 5
1290.0 3 3 0 0 0 6
1295.0 3 2 0 0 0 5
1300.0 3 2 0 0 0 5
1305.0 1 2 1 0 0 4
1310.0 1 2 1 0 0 4
1315.0 1 1 2 0 0 4
1320.0 1 1 2 0 0 4
1325.0 1 1 2 0 0 4
1330.0 0 0 3 1 0 4
1335.0 0 0 2 1 0 3
1340.0 0 1 1 1 0 3
1345.0 0 0 2 1 0 3
1350.0 0 1 2 1 0 4
1355.0 0 1 2 1 0 4
1360.0 0 1 1 1 0 3
1365.0 0 0 1 1 0 2
1370.0 0 0 1 1 0 2
1375.0 0 0 1 0 0 1
1380.0 0 0 1 0 0 1
1385.0 0 0 1 0 0 1
1390.0 0 0 1 0 0 1
1395.0 0 1 0 0 0 1
1400.0 0 1 0 0 0 1
1405.0 0 1 0 0 0 1
1410.0 0 0 1 0 0 1
1415.0 0 0 1 0 0 1
1420.0 0 0 1 0 0 1
1425.0 0 0 1 0 0 1
1430.0 0 0 1 0 0 1
1435.0 0 0 1 0 0 1
