5.0 0 0 0 0 0 0
10.0 0 0 0 0 0 0
15.0 0 0 0 0 0 0
20.0 0 0 0 0 0 0
25.0 0 0 0 0 0 0
30.0 0 0 0 0 0 0
35.0 0 0 0 0 0 0
40.0 0 0 0 0 0 0
45.0 0 0 0 0 0 0
50.0 0 0 0 0 0 0
55.0 0 0 0 0 0 0
60.0 0 0 0 0 0 0
65.0 0 0 0 0 0 0
70.0 0 0 0 0 0 0
75.0 0 0 0 0 0 0
80.0 0 0 0 0 0 0
85.0 0 0 0 0 0 0
90.0 0 0 0 0 0 0
95.0 0 0 0 0 0 0
100.0 0 0 0 0 0 0
105.0 0 0 0 0 0 0
110.0 0 0 0 0 0 0
115.0 0 0 0 0 0 0
120.0 0 0 0 0 0 0
125.0 0 0 0 0 0 0
130.0 0 0 0 0 0 0
135.0 0 0 0 0 0 0
140.0 0 0 0 0 0 0
145.0 0 0 0 0 0 0
150.0 0 0 0 0 0 0
155.0 0 0 0 0 0 0
160.0 0 0 0 0 0 0
165.0 0 0 0 0 0 0
170.0 0 0 0 0 0 0
175.0 0 0 0 0 0 0
180.0 0 0 0 0 0 0
185.0 0 0 0 0 0 0
190.0 0 0 0 0 0 0
195.0 0 0 0 0 0 0
200.0 0 0 0 0 0 0
205.0 0 0 0 0 0 0
210.0 0 0 0 0 0 0
215.0 0 0 0 0 0 0
220.0 0 0 0 0 0 0
225.0 0 0 0 0 0 0
230.0 0 0 0 0 0 0
235.0 0 0 0 0 0 0
240.0 0 0 0 0 0 0
245.0 0 0 0 0 0 0
250.0 0 0 0 0 0 0
255.0 0 0 0 0 0 0
260.0 0 0 0 0 0 0
265.0 0 0 0 0 0 0
270.0 0 0 0 0 0 0
275.0 0 0 0 0 0 0
280.0 0 0 0 0 0 0
285.0 0 0 0 0 0 0
290.0 0 0 0 0 0 0
295.0 0 0 0 0 0 0
300.0 0 0 1 0 0 1
305.0 0 0 1 0 0 1
310.0 0 0 0 0 0 0
315.0 0 0 0 0 0 0
320.0 0 0 0 0 0 0
325.0 0 0 0 0 0 0
330.0 1 0 0 1 0 2
335.0 1 0 0 1 0 2
340.0 1 1 0 0 0 2
345.0 2 1 0 0 0 3
350.0 2 1 0 0 0 3
355.0 2 1 0 0 0 3
360.0 2 3 0 0 0 5
365.0 2 3 0 0 1 6
370.0 2 3 0 0 1 6
375.0 2 2 1 1 1 7
380.0 1 2 3 2 1 9
385.0 2 1 4 2 1 10
390.0 2 3 4 2 1 12
395.0 2 3 4 2 1 12
400.0 2 3 5 3 2 15
405.0 2 4 6 2 2 16
410.0 2 6 7 2 2 19
415.0 4 8 6 1 2 21
420.0 5 8 7 2 3 25
425.0 3 7 8 2 2 22
430.0 3 6 8 2 3 22
435.0 4 8 8 2 4 26
440.0 4 7 9 4 4 28
445.0 4 7 12 5 4 32
450.0 3 8 10 4 4 29
455.0 5 9 11 6 4 35
460.0 7 7 13 7 4 38
465.0 9 8 14 7 5 43
470.0 11 7 13 6 5 42
475.0 12 6 14 5 5 42
480.0 15 7 15 4 6 47
485.0 14 8 16 4 7 49
490.0 14 8 17 5 7 51
495.0 14 6 20 6 8 54
500.0 19 7 19 6 8 59
505.0 19 13 17 6 9 64
510.0 23 16 17 6 8 70
515.0 21 15 18 7 8 69
520.0 24 18 17 6 10 75
525.0 23 21 17 6 10 77
530.0 23 22 21 6 9 81
535.0 20 27 24 5 8 84
540.0 21 25 24 7 8 85
545.0 18 25 25 10 10 88
550.0 20 26 29 11 10 96
555.0 23 28 27 11 10 99
560.0 22 30 27 14 7 100
565.0 19 30 36 16 6 107
570.0 19 27 42 20 5 113
575.0 21 33 41 20 7 122
580.0 23 33 39 21 7 123
585.0 25 37 40 19 9 130
590.0 24 34 46 20 10 134
595.0 24 34 45 21 10 134
600.0 25 35 44 25 10 139
605.0 27 37 44 23 10 141
610.0 28 30 50 23 11 142
615.0 29 28 49 25 11 142
620.0 27 27 47 22 10 133
625.0 29 31 42 22 9 133
630.0 30 36 45 22 9 142
635.0 32 34 43 20 9 138
640.0 33 33 43 19 11 139
645.0 32 34 44 17 9 136
650.0 26 34 46 19 10 135
655.0 27 33 50 18 9 137
660.0 23 31 56 18 9 137
665.0 23 30 53 20 9 135
670.0 26 27 49 19 9 130
675.0 26 33 44 22 10 135
680.0 21 36 41 26 8 132
685.0 20 37 44 28 7 136
690.0 22 33 43 29 6 133
695.0 18 40 35 27 5 125
700.0 23 43 32 24 4 126
705.0 23 37 36 22 5 123
710.0 25 31 37 21 5 119
715.0 28 31 36 22 5 122
720.0 25 31 31 22 4 113
725.0 24 27 33 19 6 109
730.0 31 28 32 18 5 114
735.0 30 24 32 19 4 109
740.0 32 28 31 19 5 115
745.0 32 28 31 16 6 113
750.0 29 29 34 13 5 110
755.0 30 28 36 12 6 112
760.0 27 21 39 12 7 106
765.0 24 26 38 12 7 107
770.0 21 27 34 10 7 99
775.0 22 27 37 12 8 106
780.0 25 28 37 13 10 113
785.0 26 27 36 9 10 108
790.0 25 28 36 9 10 108
795.0 23 29 37 10 9 108
800.0 24 26 35 11 8 104
805.0 26 25 35 15 9 110
810.0 29 25 34 16 10 114
815.0 31 23 33 18 10 115
820.0 26 22 35 21 9 113
825.0 29 20 31 22 9 111
830.0 28 21 31 23 10 113
835.0 27 24 29 24 8 112
840.0 25 24 32 23 9 113
845.0 19 22 39 25 10 115
850.0 20 28 38 25 11 122
855.0 23 29 35 22 13 122
860.0 26 29 32 18 12 117
865.0 25 29 35 18 13 120
870.0 26 28 38 15 12 119
875.0 27 28 34 16 12 117
880.0 27 30 34 17 13 121
885.0 32 27 37 16 15 127
890.0 34 30 38 12 15 129
895.0 30 32 39 14 16 131
900.0 35 30 39 13 16 133
905.0 35 33 39 18 17 142
910.0 34 34 41 17 21 147
915.0 31 33 45 21 18 148
920.0 31 37 46 22 17 153
925.0 32 36 48 25 18 159
930.0 29 32 48 23 20 152
935.0 28 29 47 27 21 152
940.0 28 33 46 30 21 158
945.0 29 33 50 28 21 161
950.0 29 32 50 29 21 161
955.0 25 32 50 33 21 161
960.0 24 36 47 30 18 155
965.0 30 36 45 29 20 160
970.0 30 35 41 33 19 158
975.0 32 38 38 27 21 156
980.0 25 36 41 26 20 148
985.0 28 36 38 20 17 139
990.0 28 41 36 18 18 141
995.0 27 43 39 17 17 143
1000.0 21 45 43 19 17 145
1005.0 21 48 41 17 16 143
1010.0 21 42 44 18 20 145
1015.0 21 44 40 19 21 145
1020.0 20 47 39 24 22 152
1025.0 23 45 40 22 17 147
1030.0 25 37 37 23 15 137
1035.0 24 39 35 25 13 136
1040.0 24 36 35 26 14 135
1045.0 24 35 38 26 14 137
1050.0 24 38 39 20 16 137
1055.0 28 36 43 22 14 143
1060.0 33 35 42 21 16 147
1065.0 31 31 43 21 17 143
1070.0 38 33 42 17 17 147
1075.0 36 31 47 16 20 150
1080.0 39 35 41 19 19 153
1085.0 41 33 50 14 17 155
1090.0 40 31 56 15 16 158
1095.0 40 28 56 18 15 157
1100.0 44 26 53 21 17 161
1105.0 44 29 47 22 15 157
1110.0 43 30 49 25 15 162
1115.0 39 32 55 27 14 167
1120.0 40 36 57 26 18 177
1125.0 40 34 58 22 17 171
1130.0 39 32 61 24 18 174
1135.0 38 33 60 26 17 174
1140.0 39 33 57 23 14 166
1145.0 37 27 59 21 18 162
1150.0 39 30 58 20 16 163
1155.0 41 36 54 21 19 171
1160.0 43 35 48 22 20 168
1165.0 41 32 48 20 17 158
1170.0 40 34 43 20 19 156
1175.0 37 35 41 20 20 153
1180.0 37 41 38 19 19 154
1185.0 32 46 38 20 20 156
1190.0 34 44 35 18 16 147
1195.0 28 42 38 19 17 144
1200.0 25 40 40 16 13 134
1205.0 25 33 40 15 15 128
1210.0 26 30 41 15 13 125
1215.0 27 28 37 15 14 121
1220.0 26 24 38 13 11 112
1225.0 24 27 35 13 9 108
1230.0 21 28 34 13 9 105
1235.0 20 22 34 13 9 98
1240.0 22 20 33 11 11 97
1245.0 18 19 31 12 11 91
1250.0 18 21 26 13 10 88
1255.0 17 20 27 12 11 87
1260.0 18 19 23 12 11 83
1265.0 20 14 19 11 11 75
1270.0 19 13 20 10 11 73
1275.0 12 12 22 13 9 68
1280.0 9 10 19 14 7 59
1285.0 11 10 17 12 5 55
1290.0 12 11 15 11 5 54
1295.0 9 9 13 9 5 45
1300.0 6 9 14 7 3 39
1305.0 7 8 14 5 4 38
1310.0 6 6 12 5 4 33
1315.0 6 5 11 3 4 29
1320.0 10 5 9 2 3 29
1325.0 11 2 8 1 3 25
1330.0 8 2 8 1 3 22
1335.0 6 3 8 1 3 21
1340.0 3 2 8 2 1 16
1345.0 2 3 7 2 2 16
1350.0 1 1 6 2 2 12
1355.0 2 1 3 2 2 10
1360.0 2 1 4 2 2 11
1365.0 2 1 5 1 2 11
1370.0 3 1 4 1 2 11
1375.0 3 0 4 0 2 9
1380.0 3 0 4 0 2 9
1385.0 2 0 4 1 2 9
1390.0 2 0 4 1 2 9
1395.0 2 0 3 1 2 8
1400.0 1 1 2 1 1 6
1405.0 0 0 2 1 1 4
1410.0 0 0 1 1 1 3
1415.0 1 1 1 1 1 5
1420.0 0 1 1 0 1 3
1425.0 0 1 1 0 1 3
1430.0 0 1 0 1 1 3
1435.0 0 1 0 1 1 3
