5.0 0 0 0 0 0 0
10.0 0 0 0 0 0 0
15.0 0 0 0 0 0 0
20.0 0 0 0 0 0 0
25.0 0 0 0 0 0 0
30.0 0 0 0 0 0 0
35.0 0 0 0 0 0 0
40.0 0 0 0 0 0 0
45.0 0 0 0 0 0 0
50.0 0 0 0 0 0 0
55.0 0 0 0 0 0 0
60.0 0 0 0 0 0 0
65.0 0 0 0 0 0 0
70.0 0 0 0 0 0 0
75.0 0 0 0 0 0 0
80.0 0 0 0 0 0 0
85.0 0 0 0 0 0 0
90.0 0 0 0 0 0 0
95.0 0 0 0 0 0 0
100.0 0 0 0 0 0 0
105.0 0 0 0 0 0 0
110.0 0 0 0 0 0 0
115.0 0 0 0 0 0 0
120.0 0 0 0 0 0 0
125.0 0 0 0 0 0 0
130.0 0 0 0 0 0 0
135.0 0 0 0 0 0 0
140.0 0 0 0 0 0 0
145.0 0 0 0 0 0 0
150.0 0 0 0 0 0 0
155.0 0 0 0 0 0 0
160.0 0 0 0 0 0 0
165.0 0 0 0 0 0 0
170.0 0 0 0 0 0 0
175.0 0 0 1 0 0 1
180.0 0 0 1 0 0 1
185.0 0 0 1 0 0 1
190.0 0 1 0 0 0 1
195.0 0 1 0 0 0 1
200.0 0 1 0 0 0 1
205.0 0 1 0 0 0 1
210.0 0 0 0 0 0 0
215.0 0 0 0 0 0 0
220.0 0 0 0 0 0 0
225.0 0 0 0 0 0 0
230.0 0 0 0 0 0 0
235.0 1 0 0 0 0 1
240.0 1 0 0 0 0 1
245.0 1 0 0 0 0 1
250.0 1 0 0 0 0 1
255.0 1 0 0 0 0 1
260.0 2 0 0 0 0 2
265.0 2 0 0 0 0 2
270.0 2 0 0 0 0 2
275.0 2 1 0 0 0 3
280.0 2 1 0 0 0 3
285.0 2 1 0 0 0 3
290.0 2 2 0 0 0 4
295.0 2 2 1 0 0 5
300.0 2 2 1 1 0 6
305.0 2 2 1 1 0 6
310.0 2 2 1 1 0 6
315.0 1 2 1 2 0 6
320.0 1 2 2 2 0 7
325.0 1 0 3 2 1 7
330.0 1 3 3 2 1 10
335.0 1 4 4 3 1 13
340.0 1 3 6 3 1 14
345.0 1 4 5 3 1 14
350.0 3 5 6 3 1 18
355.0 5 4 6 2 2 19
360.0 5 5 5 1 2 18
365.0 8 4 9 1 2 24
370.0 7 7 11 2 2 29
375.0 7 7 11 4 2 31
380.0 8 8 12 4 3 35
385.0 8 9 15 4 3 39
390.0 7 12 16 5 3 43
395.0 9 13 16 5 4 47
400.0 11 15 15 6 5 52
405.0 11 16 16 6 6 55
410.0 13 15 14 7 6 55
415.0 16 16 16 8 8 64
420.0 17 14 20 10 8 69
425.0 19 16 23 10 9 77
430.0 21 19 24 12 8 84
435.0 21 19 26 13 8 87
440.0 26 22 27 12 9 96
445.0 29 26 34 13 9 111
450.0 31 27 39 15 10 122
455.0 31 28 40 16 11 126
460.0 28 39 47 16 13 143
465.0 30 42 52 19 12 155
470.0 33 51 53 21 13 171
475.0 34 52 60 24 13 183
480.0 40 53 59 29 14 195
485.0 38 55 63 32 16 204
490.0 43 63 65 35 21 227
495.0 51 66 75 35 23 250
500.0 63 75 76 34 22 270
505.0 62 77 79 37 26 281
510.0 64 76 81 34 28 283
515.0 66 82 82 27 33 290
520.0 67 92 81 31 33 304
525.0 73 97 84 31 37 322
530.0 78 98 87 37 40 340
535.0 83 95 95 39 42 354
540.0 86 95 101 42 45 369
545.0 87 93 109 48 50 387
550.0 83 96 108 54 52 393
555.0 90 102 117 58 53 420
560.0 90 106 115 57 50 418
565.0 95 107 119 60 51 432
570.0 96 113 123 66 47 445
575.0 98 117 121 62 49 447
580.0 97 121 122 64 48 452
585.0 88 122 124 62 48 444
590.0 84 123 132 64 50 453
595.0 90 140 139 72 49 490
600.0 99 142 144 73 56 514
605.0 105 146 146 72 56 525
610.0 108 141 146 70 51 516
615.0 119 141 157 63 51 531
620.0 127 143 143 66 51 530
625.0 126 138 141 65 48 518
630.0 124 138 143 62 49 516
635.0 128 137 137 72 46 520
640.0 120 131 140 80 49 520
645.0 122 132 141 84 47 526
650.0 122 134 146 82 44 528
655.0 118 137 149 77 49 530
660.0 115 123 154 85 48 525
665.0 115 119 148 80 46 508
670.0 123 129 155 73 46 526
675.0 123 134 159 79 48 543
680.0 125 133 160 76 45 539
685.0 123 120 152 76 41 512
690.0 118 123 141 69 44 495
695.0 114 126 146 65 46 497
700.0 115 128 144 65 45 497
705.0 121 132 147 64 47 511
710.0 126 132 142 55 48 503
715.0 127 121 141 52 55 496
720.0 118 120 136 50 52 476
725.0 101 121 135 53 50 460
730.0 94 112 138 51 48 443
735.0 88 116 138 53 49 444
740.0 89 114 137 52 46 438
745.0 92 121 126 47 39 425
750.0 88 118 117 57 37 417
755.0 89 110 119 55 35 408
760.0 89 110 120 57 33 409
765.0 95 105 115 58 35 408
770.0 95 111 117 58 35 416
775.0 96 105 113 56 40 410
780.0 93 108 108 49 37 395
785.0 92 105 111 49 38 395
790.0 96 97 115 50 43 401
795.0 95 100 120 49 45 409
800.0 86 110 121 49 49 415
805.0 90 108 115 45 51 409
810.0 82 105 122 48 50 407
815.0 92 110 133 52 47 434
820.0 94 106 138 55 52 445
825.0 99 106 134 57 51 447
830.0 100 117 134 53 51 455
835.0 102 116 141 55 50 464
840.0 101 125 144 53 48 471
845.0 95 127 148 56 46 472
850.0 95 125 152 58 43 473
855.0 99 131 150 58 40 478
860.0 98 129 140 56 39 462
865.0 103 126 141 67 34 471
870.0 99 134 134 69 34 470
875.0 103 138 132 66 30 469
880.0 104 136 129 68 32 469
885.0 96 137 147 69 34 483
890.0 92 131 154 72 33 482
895.0 87 139 160 73 37 496
900.0 90 132 155 67 40 484
905.0 93 132 143 63 44 475
910.0 92 132 140 68 45 477
915.0 99 134 145 65 46 489
920.0 108 122 149 66 45 490
925.0 112 121 142 67 45 487
930.0 111 118 146 70 43 488
935.0 116 124 141 71 44 496
940.0 121 122 148 74 46 511
945.0 117 129 142 71 47 506
950.0 115 119 141 70 50 495
955.0 111 120 138 76 52 497
960.0 111 122 138 71 54 496
965.0 100 118 138 75 48 479
970.0 102 121 134 84 43 484
975.0 101 119 123 89 44 476
980.0 103 124 119 83 46 475
985.0 105 117 125 83 47 477
990.0 114 123 116 81 53 487
995.0 114 119 120 73 52 478
1000.0 118 119 123 72 52 484
1005.0 115 117 140 71 54 497
1010.0 117 116 146 71 54 504
1015.0 115 113 145 77 56 506
1020.0 115 111 152 75 64 517
1025.0 118 105 156 79 58 516
1030.0 115 110 162 79 58 524
1035.0 115 118 159 87 63 542
1040.0 114 126 161 83 65 549
1045.0 120 122 163 81 66 552
1050.0 123 123 172 81 68 567
1055.0 123 126 176 78 64 567
1060.0 118 135 169 78 64 564
1065.0 131 129 170 75 64 569
1070.0 140 128 176 69 67 580
1075.0 137 135 173 71 68 584
1080.0 131 134 180 70 69 584
1085.0 131 143 178 73 67 592
1090.0 126 147 184 79 69 605
1095.0 128 152 166 81 69 596
1100.0 139 158 170 79 65 611
1105.0 152 156 172 76 64 620
1110.0 154 153 175 76 69 627
1115.0 150 148 176 82 68 624
1120.0 147 150 168 87 66 618
1125.0 139 152 167 80 66 604
1130.0 137 150 174 84 70 615
1135.0 138 164 165 90 68 625
1140.0 139 175 164 98 65 641
1145.0 136 177 171 96 60 640
1150.0 138 182 177 91 56 644
1155.0 137 181 169 88 57 632
1160.0 126 189 167 93 60 635
1165.0 132 187 152 88 58 617
1170.0 121 187 155 90 66 619
1175.0 124 163 159 92 63 601
1180.0 135 159 148 86 67 595
1185.0 126 162 149 79 67 583
1190.0 116 143 146 80 68 553
1195.0 112 138 149 81 68 548
1200.0 104 131 151 77 62 525
1205.0 103 125 153 74 59 514
1210.0 97 115 147 74 55 488
1215.0 98 114 145 69 53 479
1220.0 103 109 141 67 50 470
1225.0 98 108 132 60 53 451
1230.0 98 97 115 56 50 416
1235.0 82 98 109 55 49 393
1240.0 85 94 105 53 49 386
1245.0 81 82 95 52 45 355
1250.0 73 84 95 41 42 335
1255.0 73 72 96 38 43 322
1260.0 58 69 90 36 39 292
1265.0 58 65 78 33 37 271
1270.0 55 68 66 34 36 259
1275.0 49 61 65 31 35 241
1280.0 44 51 65 35 28 223
1285.0 34 45 58 31 25 193
1290.0 29 39 51 24 20 163
1295.0 23 37 47 22 16 145
1300.0 22 38 35 19 13 127
1305.0 15 31 37 13 12 108
1310.0 15 23 39 13 12 102
1315.0 17 20 30 13 12 92
1320.0 18 19 23 10 13 83
1325.0 15 15 19 12 11 72
1330.0 11 11 20 11 10 63
1335.0 11 11 18 10 9 59
1340.0 9 12 16 7 4 48
1345.0 8 12 13 5 3 41
1350.0 7 14 11 5 3 40
1355.0 7 15 10 4 4 40
1360.0 7 14 9 1 4 35
1365.0 7 10 9 1 4 31
1370.0 5 11 8 1 4 29
1375.0 5 8 5 2 5 25
1380.0 4 8 4 2 4 22
1385.0 4 7 3 2 4 20
1390.0 2 8 5 2 4 21
1395.0 3 7 4 0 3 17
1400.0 3 7 3 0 2 15
1405.0 3 4 2 0 2 11
1410.0 3 2 3 0 2 10
1415.0 3 2 2 0 3 10
1420.0 2 2 2 0 1 7
1425.0 1 2 2 0 0 5
1430.0 1 2 3 0 0 6
1435.0 1 1 3 0 0 5
