5.0 0 0 0 0 0 0
10.0 0 0 0 0 0 0
15.0 0 0 0 0 0 0
20.0 0 0 0 0 0 0
25.0 0 0 0 0 0 0
30.0 0 0 0 0 0 0
35.0 0 0 0 0 0 0
40.0 0 0 0 0 0 0
45.0 0 0 0 0 0 0
50.0 0 0 0 0 0 0
55.0 0 0 0 0 0 0
60.0 0 0 0 0 0 0
65.0 0 0 0 0 0 0
70.0 0 0 0 0 0 0
75.0 0 0 0 0 0 0
80.0 0 0 0 0 0 0
85.0 0 0 0 0 0 0
90.0 0 0 0 0 0 0
95.0 0 0 0 0 0 0
100.0 0 0 0 0 0 0
105.0 0 0 0 0 0 0
110.0 0 0 0 0 0 0
115.0 0 0 0 0 0 0
120.0 0 0 0 0 0 0
125.0 0 0 0 0 0 0
130.0 0 0 0 0 0 0
135.0 0 0 0 0 0 0
140.0 0 0 0 0 0 0
145.0 0 0 0 0 0 0
150.0 0 0 0 0 0 0
155.0 0 0 0 0 0 0
160.0 0 0 0 0 0 0
165.0 0 0 0 0 0 0
170.0 0 0 0 0 0 0
175.0 0 0 0 0 0 0
180.0 0 0 0 0 0 0
185.0 0 0 0 0 0 0
190.0 0 0 0 0 0 0
195.0 0 0 0 0 0 0
200.0 0 0 0 0 0 0
205.0 0 0 0 0 0 0
210.0 0 0 0 0 0 0
215.0 0 0 0 0 0 0
220.0 0 0 0 0 0 0
225.0 0 0 0 0 0 0
230.0 0 0 0 0 0 0
235.0 0 0 0 0 0 0
240.0 0 0 0 0 0 0
245.0 0 0 0 0 0 0
250.0 0 0 0 0 0 0
255.0 0 0 0 0 0 0
260.0 0 0 0 0 0 0
265.0 0 0 0 0 0 0
270.0 0 0 0 0 0 0
275.0 0 0 0 0 0 0
280.0 0 0 0 0 0 0
285.0 0 0 0 0 0 0
290.0 0 0 1 0 0 1
295.0 0 0 1 0 0 1
300.0 0 0 1 0 0 1
305.0 0 0 1 0 0 1
310.0 0 0 1 0 0 1
315.0 0 0 1 0 1 2
320.0 0 0 1 0 1 2
325.0 0 0 1 0 1 2
330.0 0 0 0 0 1 1
335.0 0 0 0 0 1 1
340.0 0 0 1 0 1 2
345.0 0 0 3 0 1 4
350.0 1 0 3 0 1 5
355.0 2 0 3 0 1 6
360.0 2 0 3 0 1 6
365.0 2 1 3 0 1 7
370.0 2 1 2 1 1 7
375.0 1 1 3 1 1 7
380.0 1 1 3 1 1 7
385.0 3 2 3 1 1 10
390.0 3 2 2 1 1 9
395.0 7 1 2 2 2 14
400.0 7 2 3 2 2 16
405.0 5 7 6 2 2 22
410.0 5 9 8 2 3 27
415.0 4 9 8 3 3 27
420.0 4 10 7 3 3 27
425.0 4 9 7 3 3 26
430.0 5 12 10 2 3 32
435.0 6 13 12 2 3 36
440.0 9 15 15 3 3 45
445.0 9 15 12 4 3 43
450.0 9 16 13 5 2 45
455.0 7 16 15 5 2 45
460.0 8 18 14 5 1 46
465.0 12 20 13 5 4 54
470.0 13 18 13 7 5 56
475.0 10 17 16 7 6 56
480.0 12 20 16 9 5 62
485.0 18 22 13 12 5 70
490.0 17 23 18 12 4 74
495.0 16 24 17 13 5 75
500.0 17 28 22 14 5 86
505.0 17 31 18 13 6 85
510.0 18 30 21 13 6 88
515.0 16 32 23 12 5 88
520.0 16 29 28 15 7 95
525.0 12 33 30 15 7 97
530.0 16 36 34 15 8 109
535.0 14 35 31 19 10 109
540.0 18 33 31 17 11 110
545.0 24 33 31 20 11 119
550.0 26 32 33 21 13 125
555.0 28 34 34 22 16 134
560.0 31 32 34 20 16 133
565.0 37 31 43 20 16 147
570.0 34 34 40 19 15 142
575.0 35 36 42 23 14 150
580.0 36 39 37 26 15 153
585.0 37 36 39 25 14 151
590.0 38 39 36 26 17 156
595.0 35 41 41 24 19 160
600.0 36 42 44 22 20 164
605.0 38 43 43 24 18 166
610.0 34 40 44 22 19 159
615.0 32 43 47 22 18 162
620.0 35 41 49 20 16 161
625.0 40 43 51 19 17 170
630.0 40 44 52 19 17 172
635.0 38 43 56 17 18 172
640.0 33 43 57 16 17 166
645.0 36 48 57 15 15 171
650.0 37 53 54 16 13 173
655.0 34 54 57 17 13 175
660.0 34 51 65 16 15 181
665.0 34 50 63 16 15 178
670.0 40 41 68 13 13 175
675.0 38 42 63 16 13 172
680.0 31 40 57 18 14 160
685.0 25 43 62 22 16 168
690.0 26 45 58 24 16 169
695.0 27 37 58 24 13 159
700.0 32 34 58 21 12 157
705.0 38 34 59 19 12 162
710.0 41 37 56 19 13 166
715.0 38 41 56 16 14 165
720.0 38 41 53 18 13 163
725.0 32 41 52 15 11 151
730.0 38 43 49 16 11 157
735.0 37 41 47 15 10 150
740.0 36 39 40 15 9 139
745.0 32 39 38 18 9 136
750.0 32 41 39 15 10 137
755.0 31 44 38 14 9 136
760.0 36 44 36 17 9 142
765.0 34 44 36 16 11 141
770.0 38 43 32 17 13 143
775.0 31 39 31 16 11 128
780.0 33 37 29 17 10 126
785.0 31 40 32 18 10 131
790.0 30 39 31 18 12 130
795.0 28 39 32 17 12 128
800.0 29 43 35 19 11 137
805.0 33 42 34 19 11 139
810.0 35 46 40 20 10 151
815.0 31 48 44 19 11 153
820.0 27 44 41 23 12 147
825.0 29 42 41 21 13 146
830.0 36 41 36 26 15 154
835.0 38 41 34 26 14 153
840.0 39 44 34 23 16 156
845.0 39 45 32 24 16 156
850.0 37 40 32 22 15 146
855.0 32 40 34 24 17 147
860.0 32 36 40 23 15 146
865.0 23 37 44 21 16 141
870.0 23 37 42 19 16 137
875.0 25 42 48 17 16 148
880.0 26 46 42 17 15 146
885.0 28 46 45 16 18 153
890.0 25 40 49 19 20 153
895.0 30 38 46 19 21 154
900.0 36 32 45 22 22 157
905.0 38 30 42 23 20 153
910.0 38 32 51 24 20 165
915.0 37 28 54 24 21 164
920.0 37 27 51 23 22 160
925.0 36 31 51 22 23 163
930.0 32 34 55 24 22 167
935.0 33 34 55 21 21 164
940.0 34 43 54 23 20 174
945.0 29 45 57 21 19 171
950.0 29 44 54 23 19 169
955.0 35 44 49 25 17 170
960.0 35 45 54 24 18 176
965.0 33 48 50 28 17 176
970.0 35 51 46 26 16 174
975.0 32 50 46 27 16 171
980.0 31 49 48 25 14 167
985.0 36 46 49 24 13 168
990.0 32 43 53 27 18 173
995.0 38 45 49 29 19 180
1000.0 35 50 49 27 18 179
1005.0 40 42 44 28 19 173
1010.0 42 36 45 29 20 172
1015.0 43 38 41 27 22 171
1020.0 45 38 41 28 25 177
1025.0 43 40 47 31 24 185
1030.0 41 44 47 31 19 182
1035.0 41 50 47 28 17 183
1040.0 41 51 44 27 19 182
1045.0 45 51 40 30 17 183
1050.0 45 55 43 28 16 187
1055.0 43 49 44 26 18 180
1060.0 41 52 49 33 18 193
1065.0 38 54 46 34 22 194
1070.0 42 53 53 36 22 206
1075.0 44 52 58 35 21 210
1080.0 41 51 62 33 21 208
1085.0 36 60 62 28 24 210
1090.0 38 66 63 23 22 212
1095.0 41 66 59 19 23 208
1100.0 47 63 63 17 23 213
1105.0 50 54 61 18 21 204
1110.0 54 53 61 16 20 204
1115.0 55 58 61 17 21 212
1120.0 54 61 58 18 21 212
1125.0 50 65 55 23 20 213
1130.0 47 72 58 26 17 220
1135.0 42 71 63 29 19 224
1140.0 42 68 61 28 19 218
1145.0 47 63 56 24 16 206
1150.0 47 60 53 23 17 200
1155.0 45 59 53 25 19 201
1160.0 45 55 52 23 23 198
1165.0 40 56 56 24 24 200
1170.0 49 52 57 20 24 202
1175.0 44 49 54 16 26 189
1180.0 42 49 52 18 24 185
1185.0 42 56 44 16 20 178
1190.0 37 57 42 15 19 170
1195.0 37 57 41 17 18 170
1200.0 37 52 45 14 19 167
1205.0 32 50 52 16 18 168
1210.0 31 53 49 19 17 169
1215.0 31 45 50 16 15 157
1220.0 32 47 47 16 14 156
1225.0 32 40 48 15 15 150
1230.0 30 40 45 17 15 147
1235.0 29 35 45 13 14 136
1240.0 30 32 38 10 11 121
1245.0 33 29 36 8 9 115
1250.0 32 29 32 7 8 108
1255.0 28 20 29 12 7 96
1260.0 26 19 29 11 7 92
1265.0 26 19 28 11 6 90
1270.0 23 20 24 9 4 80
1275.0 21 19 21 8 3 72
1280.0 20 20 20 5 4 69
1285.0 22 19 20 6 4 71
1290.0 18 18 18 9 4 67
1295.0 18 14 16 9 2 59
1300.0 21 14 14 6 4 59
1305.0 15 16 13 3 2 49
1310.0 16 13 10 2 2 43
1315.0 16 10 7 3 2 38
1320.0 10 8 8 4 2 32
1325.0 9 7 5 5 2 28
1330.0 7 6 7 5 2 27
1335.0 7 5 7 5 1 25
1340.0 6 4 7 5 1 23
1345.0 3 3 6 2 0 14
1350.0 3 3 4 2 0 12
1355.0 3 3 4 2 0 12
1360.0 4 1 5 1 0 11
1365.0 3 1 2 2 0 8
1370.0 2 1 2 1 0 6
1375.0 1 1 2 1 0 5
1380.0 0 1 1 1 0 3
1385.0 0 0 1 0 1 2
1390.0 0 0 1 0 2 3
1395.0 0 0 0 0 1 1
1400.0 0 0 0 0 1 1
1405.0 0 0 0 0 0 0
1410.0 0 0 0 0 0 0
1415.0 0 1 0 0 0 1
1420.0 0 1 0 0 0 1
1425.0 0 1 0 0 0 1
1430.0 0 1 0 0 0 1
1435.0 0 1 0 0 0 1
