5.0 0 0 0 0 0 0
10.0 0 0 0 0 0 0
15.0 0 0 0 0 0 0
20.0 0 0 0 0 0 0
25.0 0 0 0 0 0 0
30.0 0 0 0 0 0 0
35.0 0 0 0 0 0 0
40.0 0 0 0 0 0 0
45.0 0 0 0 0 0 0
50.0 0 0 0 0 0 0
55.0 0 0 0 0 0 0
60.0 0 0 0 0 0 0
65.0 0 0 0 0 0 0
70.0 0 0 0 0 0 0
75.0 0 0 0 0 0 0
80.0 0 0 0 0 0 0
85.0 0 0 0 0 0 0
90.0 0 0 0 0 0 0
95.0 0 0 0 0 0 0
100.0 0 0 0 0 0 0
105.0 0 0 0 0 0 0
110.0 0 0 0 0 0 0
115.0 0 0 0 0 0 0
120.0 0 0 0 0 0 0
125.0 0 0 0 0 0 0
130.0 0 0 0 0 0 0
135.0 0 0 0 0 0 0
140.0 0 0 0 0 0 0
145.0 0 0 0 0 0 0
150.0 0 0 0 0 0 0
155.0 0 0 0 0 0 0
160.0 0 0 0 0 0 0
165.0 0 0 0 0 0 0
170.0 0 0 0 0 0 0
175.0 0 0 0 0 0 0
180.0 0 0 0 0 0 0
185.0 0 0 0 0 0 0
190.0 0 0 0 0 0 0
195.0 0 0 0 0 0 0
200.0 0 0 0 0 0 0
205.0 0 0 0 0 0 0
210.0 0 0 0 0 0 0
215.0 0 0 0 0 0 0
220.0 0 0 0 0 0 0
225.0 0 0 0 0 0 0
230.0 0 0 0 0 0 0
235.0 0 0 0 0 0 0
240.0 0 0 0 0 0 0
245.0 0 0 0 0 0 0
250.0 0 0 0 0 0 0
255.0 0 0 0 0 0 0
260.0 0 0 0 0 0 0
265.0 0 0 0 0 0 0
270.0 0 0 0 0 0 0
275.0 0 1 0 0 0 1
280.0 0 1 0 0 0 1
285.0 0 1 0 0 0 1
290.0 0 1 0 0 1 2
295.0 0 0 0 0 1 1
300.0 0 0 0 0 1 1
305.0 0 0 0 0 1 1
310.0 0 0 0 0 1 1
315.0 0 0 1 0 1 2
320.0 0 1 1 0 1 3
325.0 1 1 1 0 1 4
330.0 1 2 1 0 1 5
335.0 1 2 1 0 1 5
340.0 1 2 2 1 1 7
345.0 0 2 2 1 1 6
350.0 0 1 2 1 1 5
355.0 1 0 0 2 1 4
360.0 1 0 0 2 1 4
365.0 2 1 1 2 1 7
370.0 2 1 1 2 1 7
375.0 3 1 3 2 0 9
380.0 3 3 4 2 0 12
385.0 2 3 4 2 0 11
390.0 2 4 4 2 0 12
395.0 3 4 5 2 1 15
400.0 4 3 7 3 1 18
405.0 4 3 7 4 2 20
410.0 5 4 10 4 3 26
415.0 5 4 8 4 3 24
420.0 6 5 6 4 2 23
425.0 6 6 5 4 2 23
430.0 7 7 6 4 2 26
435.0 5 9 6 5 3 28
440.0 6 6 8 5 5 30
445.0 8 9 10 5 5 37
450.0 7 13 13 5 6 44
455.0 9 13 15 6 6 49
460.0 10 16 16 5 5 52
465.0 11 17 16 4 5 53
470.0 12 16 19 4 6 57
475.0 12 17 23 4 6 62
480.0 10 16 22 6 7 61
485.0 9 17 24 6 7 63
490.0 11 17 24 6 7 65
495.0 11 15 27 7 9 69
500.0 13 14 25 8 8 68
505.0 18 18 22 8 8 74
510.0 18 19 20 9 9 75
515.0 16 20 24 10 12 82
520.0 16 20 31 12 12 91
525.0 15 19 29 17 12 92
530.0 14 21 29 20 14 98
535.0 19 21 30 18 14 102
540.0 22 26 25 18 13 104
545.0 21 31 25 12 17 106
550.0 21 33 27 12 19 112
555.0 20 35 27 14 20 116
560.0 22 34 30 17 21 124
565.0 20 31 38 16 22 127
570.0 25 33 41 18 21 138
575.0 31 37 40 20 18 146
580.0 38 35 41 22 18 154
585.0 35 35 45 24 21 160
590.0 30 33 48 26 20 157
595.0 28 38 48 27 22 163
600.0 34 37 45 23 22 161
605.0 34 37 52 19 21 163
610.0 37 38 50 22 17 164
615.0 40 41 47 23 18 169
620.0 40 41 46 25 19 171
625.0 38 41 45 25 22 171
630.0 34 37 47 24 23 165
635.0 34 42 43 25 22 166
640.0 33 43 38 23 18 155
645.0 35 38 40 23 17 153
650.0 35 36 45 20 19 155
655.0 39 32 40 20 20 151
660.0 42 32 42 23 19 158
665.0 42 32 39 24 17 154
670.0 40 32 46 24 19 161
675.0 40 36 41 25 20 162
680.0 35 36 39 23 22 155
685.0 33 34 36 26 21 150
690.0 35 33 37 25 19 149
695.0 34 33 37 26 18 148
700.0 32 33 38 23 18 144
705.0 35 36 36 21 17 145
710.0 36 36 31 21 16 140
715.0 35 31 31 23 16 136
720.0 33 27 35 19 17 131
725.0 35 26 33 17 19 130
730.0 33 26 30 17 18 124
735.0 34 28 32 15 15 124
740.0 32 25 29 12 17 115
745.0 30 21 31 10 18 110
750.0 26 26 31 14 21 118
755.0 21 25 32 14 20 112
760.0 21 23 34 13 19 110
765.0 21 21 32 10 20 104
770.0 19 19 32 14 21 105
775.0 12 18 35 15 21 101
780.0 15 20 34 14 18 101
785.0 16 22 34 13 16 101
790.0 18 22 25 8 16 89
795.0 20 24 25 7 14 90
800.0 26 22 24 10 13 95
805.0 25 22 23 12 14 96
810.0 27 22 24 13 14 100
815.0 28 22 24 13 13 100
820.0 26 24 25 14 13 102
825.0 26 23 21 15 15 100
830.0 24 26 24 14 16 104
835.0 22 23 24 12 17 98
840.0 26 25 18 12 17 98
845.0 25 24 19 12 18 98
850.0 26 23 19 14 20 102
855.0 27 27 19 15 18 106
860.0 29 27 22 17 18 113
865.0 27 28 24 17 18 114
870.0 27 26 25 20 18 116
875.0 26 27 31 18 19 121
880.0 25 34 31 20 20 130
885.0 21 37 28 22 20 128
890.0 24 36 25 21 19 125
895.0 26 33 29 20 18 126
900.0 20 29 34 24 19 126
905.0 20 33 34 22 20 129
910.0 24 33 39 22 20 138
915.0 25 31 39 20 20 135
920.0 25 27 40 21 20 133
925.0 23 27 45 19 24 138
930.0 21 26 43 19 25 134
935.0 20 20 40 17 25 122
940.0 26 23 39 14 22 124
945.0 30 26 42 16 23 137
950.0 33 25 46 17 26 147
955.0 32 26 47 17 25 147
960.0 28 25 45 18 25 141
965.0 25 26 46 19 24 140
970.0 28 25 50 18 24 145
975.0 28 26 48 16 28 146
980.0 29 28 48 15 28 148
985.0 28 34 45 15 30 152
990.0 24 31 45 13 28 141
995.0 25 30 40 14 28 137
1000.0 26 33 40 15 26 140
1005.0 27 33 40 17 29 146
1010.0 28 30 46 17 30 151
1015.0 32 35 43 15 28 153
1020.0 31 36 42 16 26 151
1025.0 32 34 42 18 24 150
1030.0 31 32 44 20 23 150
1035.0 32 28 49 17 23 149
1040.0 33 31 44 15 23 146
1045.0 34 28 43 16 25 146
1050.0 38 26 42 21 25 152
1055.0 37 22 46 23 24 152
1060.0 37 22 48 22 22 151
1065.0 37 24 45 22 18 146
1070.0 33 24 41 23 19 140
1075.0 38 25 42 24 19 148
1080.0 35 23 48 28 20 154
1085.0 34 29 49 26 22 160
1090.0 36 32 49 27 23 167
1095.0 36 36 44 25 22 163
1100.0 36 43 42 23 21 165
1105.0 38 47 38 17 21 161
1110.0 36 49 37 20 21 163
1115.0 35 52 39 18 19 163
1120.0 31 50 32 18 19 150
1125.0 32 44 33 19 19 147
1130.0 34 46 35 21 19 155
1135.0 36 48 35 25 17 161
1140.0 35 47 37 29 16 164
1145.0 27 47 38 32 15 159
1150.0 31 47 38 31 14 161
1155.0 37 45 36 27 14 159
1160.0 37 41 36 23 13 150
1165.0 41 38 41 22 15 157
1170.0 39 35 51 20 15 160
1175.0 44 39 52 17 13 165
1180.0 44 39 51 16 13 163
1185.0 42 37 48 16 13 156
1190.0 39 34 55 14 14 156
1195.0 37 31 51 16 13 148
1200.0 34 31 53 15 12 145
1205.0 32 28 49 17 13 139
1210.0 34 26 40 17 11 128
1215.0 33 21 43 17 12 126
1220.0 31 20 38 18 11 118
1225.0 30 19 35 20 9 113
1230.0 29 22 35 19 7 112
1235.0 23 23 35 14 8 103
1240.0 26 17 31 12 8 94
1245.0 28 14 31 9 8 90
1250.0 26 15 24 10 8 83
1255.0 17 13 23 14 7 74
1260.0 12 12 15 14 7 60
1265.0 11 13 14 13 6 57
1270.0 12 13 14 12 5 56
1275.0 14 13 13 11 5 56
1280.0 15 11 11 12 5 54
1285.0 15 10 11 9 5 50
1290.0 13 8 11 7 4 43
1295.0 10 8 12 6 3 39
1300.0 7 8 12 5 3 35
1305.0 4 7 10 4 3 28
1310.0 4 6 10 4 3 27
1315.0 3 4 8 4 2 21
1320.0 3 3 9 3 2 20
1325.0 2 2 6 2 2 14
1330.0 2 1 7 1 2 13
1335.0 1 1 7 1 3 13
1340.0 0 1 6 1 3 11
1345.0 0 2 4 1 2 9
1350.0 0 2 5 1 1 9
1355.0 0 2 4 1 1 8
1360.0 0 2 3 0 1 6
1365.0 0 2 3 0 0 5
1370.0 0 2 3 0 0 5
1375.0 0 1 1 0 0 2
1380.0 0 1 1 0 0 2
1385.0 0 1 2 0 0 3
1390.0 0 1 1 0 0 2
1395.0 0 1 1 0 0 2
1400.0 0 1 1 0 0 2
1405.0 0 1 0 0 0 1
1410.0 0 2 0 0 0 2
1415.0 0 2 0 0 0 2
1420.0 0 0 0 0 0 0
1425.0 0 0 0 0 0 0
1430.0 0 0 1 0 0 1
1435.0 0 0 1 0 0 1
