5.0 0 0 0 0 0 0
10.0 0 0 0 0 0 0
15.0 0 0 0 0 0 0
20.0 0 0 0 0 0 0
25.0 0 0 0 0 0 0
30.0 0 0 0 0 0 0
35.0 0 0 0 0 0 0
40.0 0 0 0 0 0 0
45.0 0 0 0 0 0 0
50.0 0 0 0 0 0 0
55.0 0 0 0 0 0 0
60.0 0 0 0 0 0 0
65.0 0 0 0 0 0 0
70.0 0 0 0 0 0 0
75.0 0 0 0 0 0 0
80.0 0 0 0 0 0 0
85.0 0 0 0 0 0 0
90.0 0 0 0 0 0 0
95.0 0 0 0 0 0 0
100.0 0 0 0 0 0 0
105.0 0 0 0 0 0 0
110.0 0 0 0 0 0 0
115.0 0 0 0 0 0 0
120.0 0 0 0 0 0 0
125.0 0 0 0 0 0 0
130.0 0 0 0 0 0 0
135.0 0 0 0 0 0 0
140.0 0 0 0 0 0 0
145.0 0 0 0 0 0 0
150.0 0 0 0 0 0 0
155.0 0 0 0 0 0 0
160.0 0 0 0 0 0 0
165.0 0 0 0 0 0 0
170.0 0 0 0 0 0 0
175.0 0 0 0 0 0 0
180.0 0 0 0 0 0 0
185.0 0 0 0 0 0 0
190.0 0 0 0 0 0 0
195.0 0 0 0 0 0 0
200.0 0 0 0 0 0 0
205.0 0 0 0 0 0 0
210.0 0 0 0 0 0 0
215.0 0 0 0 0 0 0
220.0 0 0 0 0 0 0
225.0 0 0 0 0 0 0
230.0 0 0 0 0 0 0
235.0 0 0 0 0 0 0
240.0 0 0 0 0 0 0
245.0 0 0 0 0 0 0
250.0 0 0 0 0 0 0
255.0 0 0 0 0 0 0
260.0 0 0 0 0 0 0
265.0 0 0 0 0 0 0
270.0 0 0 0 0 0 0
275.0 0 0 0 0 0 0
280.0 0 0 0 1 0 1
285.0 0 0 0 1 0 1
290.0 0 0 1 1 0 2
295.0 0 0 1 1 0 2
300.0 1 0 1 0 0 2
305.0 1 0 0 0 0 1
310.0 1 0 0 0 0 1
315.0 1 0 0 0 0 1
320.0 1 0 0 0 0 1
325.0 1 0 0 0 0 1
330.0 1 0 0 0 0 1
335.0 1 0 0 1 0 2
340.0 1 0 0 1 1 3
345.0 1 0 0 1 1 3
350.0 2 0 0 0 1 3
355.0 2 1 1 0 1 5
360.0 2 1 1 0 0 4
365.0 1 1 1 0 0 3
370.0 2 1 1 0 0 4
375.0 2 1 1 0 0 4
380.0 2 1 1 0 0 4
385.0 2 1 1 0 0 4
390.0 2 2 1 0 0 5
395.0 3 2 1 1 0 7
400.0 2 2 1 3 0 8
405.0 2 3 1 3 1 10
410.0 2 3 2 4 1 12
415.0 3 3 2 4 1 13
420.0 3 3 2 5 1 14
425.0 3 4 4 2 1 14
430.0 3 3 6 3 1 16
435.0 4 3 7 5 1 20
440.0 4 3 7 5 1 20
445.0 5 2 6 6 1 20
450.0 5 3 6 5 1 20
455.0 5 3 8 5 1 22
460.0 4 3 10 5 2 24
465.0 4 3 10 6 2 25
470.0 6 4 8 5 1 24
475.0 6 6 6 5 1 24
480.0 7 8 7 5 1 28
485.0 8 8 7 5 2 30
490.0 8 8 7 5 2 30
495.0 8 8 8 4 2 30
500.0 8 11 9 4 2 34
505.0 8 11 10 4 3 36
510.0 11 14 8 4 3 40
515.0 9 15 11 5 3 43
520.0 9 18 10 6 4 47
525.0 9 17 14 9 5 54
530.0 13 17 15 7 6 58
535.0 16 16 18 6 6 62
540.0 16 15 21 6 6 64
545.0 17 14 21 5 6 63
550.0 17 13 22 6 7 65
555.0 13 16 21 10 7 67
560.0 12 18 20 10 7 67
565.0 13 15 18 10 7 63
570.0 13 17 19 11 6 66
575.0 12 17 15 12 5 61
580.0 14 15 17 12 6 64
585.0 14 13 20 12 6 65
590.0 15 15 16 13 7 66
595.0 20 15 18 13 7 73
600.0 19 17 18 13 9 76
605.0 21 17 20 15 7 80
610.0 21 15 22 14 8 80
615.0 24 17 18 14 9 82
620.0 22 16 18 13 7 76
625.0 20 17 18 12 6 73
630.0 20 15 19 15 7 76
635.0 19 13 20 13 7 72
640.0 14 11 22 16 5 68
645.0 16 11 22 17 5 71
650.0 14 13 23 16 5 71
655.0 14 13 23 16 6 72
660.0 14 16 19 14 6 69
665.0 12 15 22 10 7 66
670.0 12 13 22 11 6 64
675.0 12 15 20 10 7 64
680.0 12 15 20 10 8 65
685.0 13 13 19 11 8 64
690.0 11 11 19 13 8 62
695.0 13 11 20 13 5 62
700.0 11 6 20 13 5 55
705.0 12 6 20 14 6 58
710.0 10 5 22 16 5 58
715.0 10 11 18 11 5 55
720.0 9 13 19 9 6 56
725.0 10 13 18 7 7 55
730.0 10 13 17 4 8 52
735.0 11 13 12 4 8 48
740.0 12 13 11 7 7 50
745.0 10 14 12 7 6 49
750.0 9 15 14 7 7 52
755.0 6 13 17 7 6 49
760.0 4 13 15 6 7 45
765.0 6 12 15 7 6 46
770.0 3 12 16 8 6 45
775.0 4 11 14 8 7 44
780.0 5 12 15 8 7 47
785.0 5 11 15 6 7 44
790.0 6 14 13 7 7 47
795.0 7 13 14 6 7 47
800.0 9 14 12 7 7 49
805.0 9 13 14 6 7 49
810.0 10 12 13 9 7 51
815.0 12 11 13 8 7 51
820.0 14 9 12 8 7 50
825.0 13 9 13 8 7 50
830.0 14 9 14 6 6 49
835.0 11 10 13 6 5 45
840.0 8 7 11 9 4 39
845.0 9 8 9 10 4 40
850.0 11 5 11 12 3 42
855.0 14 9 12 12 3 50
860.0 11 10 13 11 3 48
865.0 11 11 13 10 3 48
870.0 8 12 13 12 3 48
875.0 7 10 15 13 4 49
880.0 8 9 14 13 3 47
885.0 9 8 13 13 3 46
890.0 13 11 15 12 2 53
895.0 14 12 14 12 3 55
900.0 18 11 14 13 3 59
905.0 20 10 15 11 5 61
910.0 20 10 16 12 5 63
915.0 20 10 16 11 5 62
920.0 15 10 19 10 5 59
925.0 13 9 20 10 5 57
930.0 11 8 18 10 4 51
935.0 14 6 18 7 4 49
940.0 18 4 19 5 4 50
945.0 16 6 17 6 2 47
950.0 17 8 19 5 3 52
955.0 18 9 19 6 3 55
960.0 18 11 20 6 4 59
965.0 19 14 19 5 4 61
970.0 16 14 20 4 6 60
975.0 15 14 20 5 6 60
980.0 12 14 20 4 6 56
985.0 9 16 18 6 6 55
990.0 10 16 17 4 5 52
995.0 11 17 19 4 5 56
1000.0 11 17 20 3 3 54
1005.0 11 19 20 2 5 57
1010.0 12 22 19 2 5 60
1015.0 12 22 22 2 4 62
1020.0 13 20 23 4 4 64
1025.0 19 17 20 8 4 68
1030.0 19 16 20 9 4 68
1035.0 19 14 21 8 3 65
1040.0 19 17 20 8 3 67
1045.0 22 18 21 7 3 71
1050.0 21 18 20 10 3 72
1055.0 23 18 17 11 4 73
1060.0 23 16 19 13 6 77
1065.0 23 16 19 12 6 76
1070.0 26 18 21 11 4 80
1075.0 23 19 21 9 4 76
1080.0 25 22 21 8 4 80
1085.0 22 22 23 9 4 80
1090.0 21 20 26 7 3 77
1095.0 20 17 29 7 4 77
1100.0 22 15 29 11 4 81
1105.0 22 16 26 10 5 79
1110.0 22 18 26 7 5 78
1115.0 20 19 26 8 5 78
1120.0 21 19 25 9 6 80
1125.0 19 20 23 9 7 78
1130.0 24 21 23 9 6 83
1135.0 22 19 24 11 6 82
1140.0 25 18 22 10 5 80
1145.0 25 14 18 11 6 74
1150.0 23 12 22 12 6 75
1155.0 23 16 20 14 6 79
1160.0 20 13 22 14 7 76
1165.0 19 12 24 12 8 75
1170.0 18 15 25 12 7 77
1175.0 21 15 26 12 5 79
1180.0 20 18 24 12 5 79
1185.0 19 20 21 9 3 72
1190.0 18 18 20 8 4 68
1195.0 15 18 23 6 4 66
1200.0 14 16 24 8 4 66
1205.0 12 18 20 7 4 61
1210.0 9 17 21 7 5 59
1215.0 7 19 18 6 5 55
1220.0 9 19 15 6 5 54
1225.0 9 14 12 8 5 48
1230.0 8 14 17 9 5 53
1235.0 9 16 16 9 4 54
1240.0 8 15 12 8 7 50
1245.0 10 8 10 8 6 42
1250.0 9 9 10 8 4 40
1255.0 11 7 10 7 4 39
1260.0 14 7 8 7 4 40
1265.0 10 5 11 9 1 36
1270.0 11 4 12 5 1 33
1275.0 12 2 10 2 1 27
1280.0 7 3 8 3 1 22
1285.0 7 3 6 3 1 20
1290.0 6 2 4 3 1 16
1295.0 5 1 5 3 1 15
1300.0 1 1 6 1 1 10
1305.0 2 1 4 1 1 9
1310.0 2 1 2 1 0 6
1315.0 2 1 1 1 0 5
1320.0 1 2 1 1 0 5
1325.0 1 2 2 1 0 6
1330.0 0 2 1 1 0 4
1335.0 0 1 1 2 0 4
1340.0 0 1 3 2 0 6
1345.0 0 1 3 2 0 6
1350.0 0 0 3 1 0 4
1355.0 0 0 2 1 0 3
1360.0 0 0 1 1 0 2
1365.0 0 0 0 0 0 0
1370.0 0 0 0 0 0 0
1375.0 0 0 0 0 0 0
1380.0 0 0 0 0 0 0
1385.0 0 0 0 0 0 0
1390.0 0 0 0 0 0 0
1395.0 0 0 0 0 0 0
1400.0 0 0 0 0 0 0
1405.0 0 0 0 0 0 0
1410.0 1 0 0 0 0 1
1415.0 1 0 0 0 0 1
1420.0 1 0 0 0 0 1
1425.0 1 0 0 0 0 1
1430.0 1 0 0 0 0 1
1435.0 1 0 0 0 0 1
