5.0 0 0 0 0 0 0
10.0 0 0 0 0 0 0
15.0 0 0 0 0 0 0
20.0 0 0 0 0 0 0
25.0 0 0 0 0 0 0
30.0 0 0 0 0 0 0
35.0 0 0 0 0 0 0
40.0 0 0 0 0 0 0
45.0 0 0 0 0 0 0
50.0 0 0 0 0 0 0
55.0 0 0 0 0 0 0
60.0 0 0 0 0 0 0
65.0 0 0 0 0 0 0
70.0 0 0 0 0 0 0
75.0 0 0 0 0 0 0
80.0 0 0 0 0 0 0
85.0 0 0 0 0 0 0
90.0 0 0 0 0 0 0
95.0 0 0 0 0 0 0
100.0 0 0 0 0 0 0
105.0 0 0 0 0 0 0
110.0 0 0 0 0 0 0
115.0 0 0 0 0 0 0
120.0 0 0 0 0 0 0
125.0 0 0 0 0 0 0
130.0 0 0 0 0 0 0
135.0 0 0 0 0 0 0
140.0 0 0 0 0 0 0
145.0 0 0 0 0 0 0
150.0 0 0 0 0 0 0
155.0 0 0 0 0 0 0
160.0 0 0 0 0 0 0
165.0 0 0 0 0 0 0
170.0 0 0 0 0 0 0
175.0 0 0 0 0 0 0
180.0 0 0 0 0 0 0
185.0 0 0 0 0 0 0
190.0 0 0 0 0 0 0
195.0 0 0 0 0 0 0
200.0 0 0 0 0 0 0
205.0 0 0 0 0 0 0
210.0 0 0 0 0 0 0
215.0 0 0 0 0 0 0
220.0 0 0 0 0 0 0
225.0 0 0 0 0 0 0
230.0 0 0 0 0 0 0
235.0 0 0 0 0 0 0
240.0 0 0 0 0 0 0
245.0 0 0 0 0 0 0
250.0 0 0 0 0 0 0
255.0 0 0 0 0 0 0
260.0 0 0 0 0 0 0
265.0 0 0 0 0 0 0
270.0 0 0 0 0 0 0
275.0 0 0 0 0 0 0
280.0 0 0 0 0 0 0
285.0 0 0 0 0 0 0
290.0 0 0 0 0 0 0
295.0 0 0 0 0 0 0
300.0 0 0 0 0 0 0
305.0 0 0 0 0 0 0
310.0 0 0 1 0 0 1
315.0 0 0 1 0 0 1
320.0 0 0 1 0 0 1
325.0 0 0 1 0 0 1
330.0 0 1 1 0 0 2
335.0 0 1 1 0 0 2
340.0 0 1 1 0 0 2
345.0 0 1 1 0 0 2
350.0 0 0 2 0 0 2
355.0 2 0 2 0 0 4
360.0 2 0 3 0 0 5
365.0 1 0 3 0 0 4
370.0 1 0 3 0 0 4
375.0 1 1 2 0 0 4
380.0 0 1 1 0 0 2
385.0 0 2 0 0 0 2
390.0 0 3 0 0 0 3
395.0 0 2 1 0 0 3
400.0 0 2 1 1 0 4
405.0 1 2 2 1 0 6
410.0 2 2 1 1 1 7
415.0 2 2 2 1 1 8
420.0 1 2 4 2 1 10
425.0 1 2 4 3 1 11
430.0 2 3 4 3 1 13
435.0 2 3 4 2 2 13
440.0 3 2 2 3 2 12
445.0 4 3 2 3 2 14
450.0 3 5 2 3 2 15
455.0 4 5 1 2 2 14
460.0 4 6 2 2 2 16
465.0 6 7 4 2 2 21
470.0 7 8 6 2 2 25
475.0 7 10 7 3 2 29
480.0 7 9 7 5 2 30
485.0 10 9 7 5 3 34
490.0 10 10 9 4 3 36
495.0 13 9 8 5 3 38
500.0 13 9 9 4 4 39
505.0 13 12 10 6 2 43
510.0 12 12 10 7 2 43
515.0 11 12 12 7 2 44
520.0 9 10 12 7 2 40
525.0 12 11 13 6 2 44
530.0 15 13 16 7 3 54
535.0 15 15 18 7 3 58
540.0 16 16 16 10 3 61
545.0 11 16 22 11 2 62
550.0 8 19 25 12 2 66
555.0 10 20 23 14 3 70
560.0 11 22 22 15 3 73
565.0 11 23 21 14 3 72
570.0 12 25 19 10 2 68
575.0 15 21 20 9 1 66
580.0 15 17 21 9 3 65
585.0 14 18 21 10 4 67
590.0 9 16 18 14 5 62
595.0 7 17 22 15 8 69
600.0 11 13 21 15 8 68
605.0 13 13 22 16 8 72
610.0 15 13 23 16 6 73
615.0 17 15 24 17 6 79
620.0 17 15 26 20 4 82
625.0 15 18 25 19 4 81
630.0 15 19 27 18 4 83
635.0 14 19 25 19 5 82
640.0 13 20 27 20 6 86
645.0 16 16 25 16 6 79
650.0 15 16 27 16 6 80
655.0 16 18 26 14 6 80
660.0 15 19 31 13 5 83
665.0 15 19 31 12 6 83
670.0 9 18 31 12 7 77
675.0 11 18 27 12 5 73
680.0 11 17 27 12 3 70
685.0 13 19 20 15 3 70
690.0 13 17 17 15 3 65
695.0 13 18 17 14 2 64
700.0 12 15 19 14 2 62
705.0 14 17 15 12 1 59
710.0 13 16 15 13 2 59
715.0 15 15 13 14 3 60
720.0 14 17 11 17 3 62
725.0 12 16 10 14 4 56
730.0 14 19 10 14 3 60
735.0 14 20 9 16 3 62
740.0 14 19 11 15 3 62
745.0 16 20 11 14 3 64
750.0 15 23 13 14 3 68
755.0 13 20 14 14 3 64
760.0 16 19 13 11 3 62
765.0 18 18 14 11 4 65
770.0 18 21 15 10 4 68
775.0 16 21 18 8 6 69
780.0 11 22 19 9 7 68
785.0 11 18 19 10 7 65
790.0 17 22 17 7 7 70
795.0 17 23 15 8 7 70
800.0 21 21 15 7 8 72
805.0 22 20 15 6 8 71
810.0 19 17 17 8 7 68
815.0 15 17 17 10 6 65
820.0 16 15 15 11 8 65
825.0 14 19 16 11 9 69
830.0 16 16 18 10 10 70
835.0 13 17 18 14 10 72
840.0 11 18 19 14 9 71
845.0 12 16 19 12 9 68
850.0 13 16 17 13 10 69
855.0 12 18 13 12 12 67
860.0 10 18 12 12 13 65
865.0 10 19 13 10 14 66
870.0 9 19 14 10 15 67
875.0 8 19 20 10 14 71
880.0 11 19 18 10 12 70
885.0 13 18 19 11 11 72
890.0 12 19 17 9 10 67
895.0 14 21 18 8 9 70
900.0 15 19 24 5 11 74
905.0 15 19 25 5 12 76
910.0 15 21 24 6 12 78
915.0 16 24 26 7 9 82
920.0 14 24 27 6 10 81
925.0 13 25 28 7 8 81
930.0 14 23 27 10 8 82
935.0 13 26 26 13 7 85
940.0 11 25 27 15 7 85
945.0 11 26 26 13 6 82
950.0 10 20 30 14 5 79
955.0 13 18 28 12 7 78
960.0 14 17 27 12 7 77
965.0 11 15 26 15 6 73
970.0 11 14 23 16 7 71
975.0 14 15 22 17 7 75
980.0 16 19 17 16 6 74
985.0 16 20 20 15 6 77
990.0 13 17 21 15 6 72
995.0 17 15 21 11 6 70
1000.0 19 16 20 9 6 70
1005.0 18 14 20 8 5 65
1010.0 19 13 21 9 5 67
1015.0 18 13 28 8 6 73
1020.0 17 14 22 13 6 72
1025.0 16 15 22 13 7 73
1030.0 17 14 20 13 8 72
1035.0 17 17 22 11 8 75
1040.0 17 18 24 11 7 77
1045.0 22 20 23 11 7 83
1050.0 22 20 24 10 7 83
1055.0 24 19 23 8 6 80
1060.0 21 20 24 10 5 80
1065.0 15 19 22 9 4 69
1070.0 16 17 20 11 3 67
1075.0 17 20 24 13 3 77
1080.0 17 20 26 15 4 82
1085.0 18 17 25 16 6 82
1090.0 17 18 23 15 8 81
1095.0 17 18 26 15 8 84
1100.0 17 20 22 16 9 84
1105.0 22 20 26 14 9 91
1110.0 22 20 26 14 9 91
1115.0 21 24 26 14 10 95
1120.0 20 23 24 15 12 94
1125.0 18 21 24 15 12 90
1130.0 17 26 25 15 9 92
1135.0 19 23 22 14 12 90
1140.0 20 21 23 14 12 90
1145.0 17 18 20 13 12 80
1150.0 19 19 20 11 12 81
1155.0 18 19 20 10 12 79
1160.0 17 19 16 11 12 75
1165.0 17 18 20 10 11 76
1170.0 17 17 23 9 12 78
1175.0 16 22 21 8 11 78
1180.0 18 19 22 8 11 78
1185.0 17 22 23 8 10 80
1190.0 15 23 23 8 10 79
1195.0 14 23 24 7 9 77
1200.0 13 18 21 7 7 66
1205.0 13 14 20 7 6 60
1210.0 13 12 20 6 7 58
1215.0 13 12 16 6 7 54
1220.0 11 15 15 5 7 53
1225.0 11 14 17 4 6 52
1230.0 9 13 16 3 5 46
1235.0 8 10 15 3 5 41
1240.0 7 11 14 2 4 38
1245.0 5 11 16 2 5 39
1250.0 6 10 18 2 5 41
1255.0 5 8 17 2 6 38
1260.0 5 6 17 1 5 34
1265.0 6 6 14 2 6 34
1270.0 6 8 11 2 5 32
1275.0 7 7 8 2 5 29
1280.0 6 7 8 4 5 30
1285.0 6 7 9 4 4 30
1290.0 4 5 9 4 5 27
1295.0 3 4 7 6 5 25
1300.0 2 4 5 6 3 20
1305.0 1 4 4 4 3 16
1310.0 2 3 2 2 3 12
1315.0 2 2 2 2 2 10
1320.0 0 0 2 0 3 5
1325.0 0 0 2 0 3 5
1330.0 0 1 3 0 3 7
1335.0 0 1 3 0 4 8
1340.0 0 1 3 1 4 9
1345.0 0 1 3 1 3 8
1350.0 0 1 2 1 3 7
1355.0 0 2 2 1 3 8
1360.0 0 1 2 1 2 6
1365.0 0 0 1 1 2 4
1370.0 0 0 0 0 2 2
1375.0 0 0 0 0 2 2
1380.0 1 0 0 0 1 2
1385.0 1 0 0 0 1 2
1390.0 0 0 0 0 1 1
1395.0 0 0 0 0 1 1
1400.0 0 0 0 0 1 1
1405.0 0 0 1 0 1 2
1410.0 0 0 1 0 1 2
1415.0 0 0 1 0 1 2
1420.0 0 0 1 0 1 2
1425.0 1 0 1 0 1 3
1430.0 0 0 0 0 1 1
1435.0 0 0 0 0 1 1
