5.0 0 0 0 0 0 0
10.0 0 0 0 0 0 0
15.0 0 0 0 0 0 0
20.0 0 0 0 0 0 0
25.0 0 0 0 0 0 0
30.0 0 0 0 0 0 0
35.0 0 0 0 0 0 0
40.0 0 0 0 0 0 0
45.0 0 0 0 0 0 0
50.0 0 0 0 0 0 0
55.0 0 0 0 0 0 0
60.0 0 0 0 0 0 0
65.0 0 0 0 0 0 0
70.0 0 0 0 0 0 0
75.0 0 0 0 0 0 0
80.0 0 0 0 0 0 0
85.0 0 0 0 0 0 0
90.0 0 0 0 0 0 0
95.0 0 0 0 0 0 0
100.0 0 0 0 0 0 0
105.0 0 0 0 0 0 0
110.0 0 0 0 0 0 0
115.0 0 0 0 0 0 0
120.0 0 0 0 0 0 0
125.0 0 0 0 0 0 0
130.0 0 0 0 0 0 0
135.0 0 0 0 0 0 0
140.0 0 0 0 0 0 0
145.0 0 0 0 0 0 0
150.0 0 0 0 0 0 0
155.0 0 0 0 0 0 0
160.0 0 0 0 0 0 0
165.0 0 0 0 0 0 0
170.0 0 0 0 0 0 0
175.0 0 0 0 0 0 0
180.0 0 0 0 0 0 0
185.0 0 0 0 0 0 0
190.0 0 0 0 0 0 0
195.0 0 0 0 0 0 0
200.0 0 0 0 0 0 0
205.0 0 0 0 0 0 0
210.0 0 0 0 0 0 0
215.0 0 0 0 0 0 0
220.0 0 0 0 0 0 0
225.0 0 0 0 0 0 0
230.0 0 0 0 0 0 0
235.0 0 0 0 0 0 0
240.0 0 0 0 0 0 0
245.0 0 0 0 0 0 0
250.0 0 0 0 0 0 0
255.0 0 0 0 0 0 0
260.0 0 0 0 0 0 0
265.0 0 0 0 0 0 0
270.0 0 0 0 0 0 0
275.0 0 0 0 0 0 0
280.0 0 0 0 0 0 0
285.0 0 0 0 0 0 0
290.0 0 0 0 0 0 0
295.0 0 0 0 0 0 0
300.0 0 0 0 0 0 0
305.0 0 0 0 0 0 0
310.0 0 0 0 0 0 0
315.0 0 0 0 0 0 0
320.0 0 1 0 0 0 1
325.0 0 1 0 0 0 1
330.0 0 1 0 0 0 1
335.0 0 1 0 0 0 1
340.0 0 1 0 1 0 2
345.0 1 1 0 1 0 3
350.0 1 1 0 1 0 3
355.0 0 2 0 2 0 4
360.0 0 2 0 2 0 4
365.0 0 2 2 2 0 6
370.0 1 2 3 2 0 8
375.0 1 2 3 2 0 8
380.0 1 1 4 2 0 8
385.0 1 1 4 1 1 8
390.0 1 2 4 0 1 8
395.0 1 1 5 0 1 8
400.0 3 1 9 0 1 14
405.0 3 3 9 1 1 17
410.0 5 4 7 2 1 19
415.0 7 4 7 2 2 22
420.0 7 4 6 3 2 22
425.0 8 4 4 6 2 24
430.0 8 4 3 7 3 25
435.0 7 4 3 7 3 24
440.0 7 2 3 8 4 24
445.0 5 6 4 8 4 27
450.0 5 8 5 7 4 29
455.0 4 9 5 8 4 30
460.0 8 11 5 8 5 37
465.0 13 12 9 9 6 49
470.0 12 12 12 10 7 53
475.0 14 13 12 11 7 57
480.0 14 13 15 9 7 58
485.0 16 13 15 9 8 61
490.0 18 18 16 8 8 68
495.0 18 17 19 8 11 73
500.0 13 16 26 10 11 76
505.0 16 19 27 9 11 82
510.0 14 19 30 8 11 82
515.0 17 17 29 8 12 83
520.0 18 16 32 9 11 86
525.0 18 14 34 9 13 88
530.0 16 17 38 10 13 94
535.0 15 19 35 13 14 96
540.0 16 21 32 15 15 99
545.0 16 22 31 19 19 107
550.0 17 25 30 19 23 114
555.0 19 26 30 18 22 115
560.0 26 29 35 18 23 131
565.0 30 33 34 19 23 139
570.0 36 32 38 19 22 147
575.0 38 32 40 20 24 154
580.0 43 29 43 18 24 157
585.0 38 33 38 21 23 153
590.0 33 37 41 25 22 158
595.0 34 42 40 26 23 165
600.0 33 43 43 26 24 169
605.0 30 42 44 27 24 167
610.0 32 45 46 26 24 173
615.0 34 40 47 23 22 166
620.0 31 43 54 22 22 172
625.0 25 43 52 22 24 166
630.0 22 42 50 24 23 161
635.0 29 39 47 23 20 158
640.0 34 40 47 25 19 165
645.0 37 34 49 26 18 164
650.0 31 35 50 25 19 160
655.0 29 34 44 29 21 157
660.0 26 36 41 34 24 161
665.0 27 33 42 33 24 159
670.0 32 33 40 30 24 159
675.0 29 35 38 27 25 154
680.0 29 39 35 24 23 150
685.0 27 42 33 23 23 148
690.0 29 38 38 21 23 149
695.0 28 40 39 22 20 149
700.0 27 38 44 21 21 151
705.0 26 43 42 19 20 150
710.0 31 47 47 16 20 161
715.0 31 45 44 18 20 158
720.0 23 42 40 17 21 143
725.0 24 39 38 17 22 140
730.0 27 41 32 14 23 137
735.0 27 38 30 8 20 123
740.0 21 38 35 8 20 122
745.0 17 35 36 7 18 113
750.0 17 33 33 11 20 114
755.0 14 28 38 13 21 114
760.0 13 29 35 13 20 110
765.0 13 27 35 14 20 109
770.0 17 26 35 13 19 110
775.0 17 26 33 15 18 109
780.0 17 26 28 13 20 104
785.0 21 23 27 12 21 104
790.0 25 22 26 10 21 104
795.0 30 19 29 11 20 109
800.0 31 22 31 11 22 117
805.0 30 23 32 12 20 117
810.0 31 23 31 13 21 119
815.0 25 23 36 12 18 114
820.0 26 21 38 13 16 114
825.0 26 26 41 12 18 123
830.0 24 29 39 14 16 122
835.0 20 31 39 15 15 120
840.0 19 35 40 15 13 122
845.0 17 38 35 15 15 120
850.0 18 41 28 15 15 117
855.0 22 41 28 10 13 114
860.0 24 38 32 10 14 118
865.0 28 33 31 10 13 115
870.0 33 32 30 10 12 117
875.0 37 28 26 11 14 116
880.0 38 27 27 10 13 115
885.0 37 30 25 10 12 114
890.0 33 35 24 13 14 119
895.0 29 37 27 15 16 124
900.0 28 37 29 15 16 125
905.0 28 37 30 16 15 126
910.0 22 40 33 19 15 129
915.0 19 41 37 20 11 128
920.0 25 39 35 17 13 129
925.0 29 37 33 13 13 125
930.0 26 34 31 12 14 117
935.0 28 34 36 11 14 123
940.0 29 37 40 9 14 129
945.0 29 38 40 9 12 128
950.0 30 39 41 12 13 135
955.0 32 40 39 12 16 139
960.0 30 34 46 14 15 139
965.0 28 36 48 14 19 145
970.0 26 36 45 13 18 138
975.0 24 33 42 15 18 132
980.0 21 33 37 18 18 127
985.0 20 35 42 20 15 132
990.0 23 34 42 18 15 132
995.0 25 36 43 17 15 136
1000.0 31 39 44 16 15 145
1005.0 36 45 42 20 17 160
1010.0 34 42 44 22 17 159
1015.0 31 50 41 24 20 166
1020.0 29 49 37 26 19 160
1025.0 28 47 38 27 18 158
1030.0 25 44 46 28 17 160
1035.0 24 39 42 30 17 152
1040.0 22 39 44 31 18 154
1045.0 27 37 39 27 19 149
1050.0 35 40 30 24 19 148
1055.0 40 39 27 24 17 147
1060.0 38 42 31 22 19 152
1065.0 36 42 34 18 19 149
1070.0 38 39 38 14 19 148
1075.0 38 36 44 18 18 154
1080.0 39 33 43 20 19 154
1085.0 40 30 49 22 20 161
1090.0 44 33 53 17 17 164
1095.0 43 34 49 18 15 159
1100.0 39 33 50 19 16 157
1105.0 39 33 46 19 18 155
1110.0 43 38 47 24 17 169
1115.0 35 42 53 24 17 171
1120.0 34 39 51 24 16 164
1125.0 33 40 49 22 14 158
1130.0 31 41 49 20 14 155
1135.0 34 43 42 21 14 154
1140.0 32 41 50 23 14 160
1145.0 32 49 44 23 14 162
1150.0 27 47 43 24 13 154
1155.0 27 45 44 25 12 153
1160.0 29 42 41 26 12 150
1165.0 30 42 46 25 11 154
1170.0 32 41 45 24 10 152
1175.0 31 40 39 23 11 144
1180.0 31 38 40 21 12 142
1185.0 28 38 46 19 12 143
1190.0 29 38 50 18 13 148
1195.0 29 39 48 19 12 147
1200.0 28 36 43 18 11 136
1205.0 25 33 42 19 11 130
1210.0 21 32 40 16 11 120
1215.0 24 30 41 14 10 119
1220.0 29 29 39 13 11 121
1225.0 27 30 35 12 13 117
1230.0 23 27 38 12 12 112
1235.0 26 27 36 11 11 111
1240.0 23 25 35 10 10 103
1245.0 22 21 26 10 9 88
1250.0 25 21 19 11 9 85
1255.0 24 20 22 10 8 84
1260.0 23 24 17 9 9 82
1265.0 22 22 15 11 9 79
1270.0 21 20 13 10 8 72
1275.0 16 20 13 7 8 64
1280.0 13 19 14 7 6 59
1285.0 13 16 16 8 5 58
1290.0 11 12 14 6 5 48
1295.0 11 14 12 5 5 47
1300.0 8 15 12 5 5 45
1305.0 7 12 11 5 4 39
1310.0 7 9 9 5 4 34
1315.0 6 8 11 6 4 35
1320.0 5 6 11 5 2 29
1325.0 3 6 11 4 0 24
1330.0 3 7 8 4 0 22
1335.0 2 4 6 4 0 16
1340.0 2 3 5 4 1 15
1345.0 1 3 5 3 0 12
1350.0 2 1 4 2 0 9
1355.0 1 1 3 2 0 7
1360.0 1 1 2 2 0 6
1365.0 1 1 2 2 0 6
1370.0 1 1 3 1 0 6
1375.0 0 0 4 1 0 5
1380.0 0 0 3 2 0 5
1385.0 0 0 1 1 0 2
1390.0 0 0 0 0 0 0
1395.0 0 0 0 0 0 0
1400.0 0 0 0 0 0 0
1405.0 0 0 0 0 0 0
1410.0 0 0 0 0 0 0
1415.0 0 0 0 0 0 0
1420.0 0 0 0 0 0 0
1425.0 0 0 0 0 0 0
1430.0 0 0 0 0 0 0
1435.0 0 0 0 0 0 0
