5.0 0 0 0 0 0 0
10.0 0 0 0 0 0 0
15.0 0 0 0 0 0 0
20.0 0 0 0 0 0 0
25.0 0 0 0 0 0 0
30.0 0 0 0 0 0 0
35.0 0 0 0 0 0 0
40.0 0 0 0 0 0 0
45.0 0 0 0 0 0 0
50.0 0 0 0 0 0 0
55.0 0 0 0 0 0 0
60.0 0 0 0 0 0 0
65.0 0 0 0 0 0 0
70.0 0 0 0 0 0 0
75.0 0 0 0 0 0 0
80.0 0 0 0 0 0 0
85.0 0 0 0 0 0 0
90.0 0 0 0 0 0 0
95.0 0 0 0 0 0 0
100.0 0 0 0 0 0 0
105.0 0 0 0 0 0 0
110.0 0 0 0 0 0 0
115.0 0 0 0 0 0 0
120.0 0 0 0 0 0 0
125.0 0 0 0 0 0 0
130.0 0 0 0 0 0 0
135.0 0 0 0 0 0 0
140.0 0 0 0 0 0 0
145.0 0 0 0 0 0 0
150.0 0 0 0 0 0 0
155.0 0 0 0 0 0 0
160.0 0 0 0 0 0 0
165.0 0 0 0 0 0 0
170.0 0 0 0 0 0 0
175.0 0 0 0 0 0 0
180.0 0 0 0 0 0 0
185.0 0 0 0 0 0 0
190.0 0 0 0 0 0 0
195.0 0 0 0 0 0 0
200.0 0 0 0 0 0 0
205.0 0 0 0 0 0 0
210.0 0 0 0 0 0 0
215.0 0 0 0 0 0 0
220.0 0 0 0 0 0 0
225.0 0 0 0 0 0 0
230.0 0 0 0 0 0 0
235.0 0 0 0 0 0 0
240.0 0 0 1 0 0 1
245.0 0 0 1 0 0 1
250.0 0 0 1 0 0 1
255.0 0 0 1 0 0 1
260.0 0 0 1 0 0 1
265.0 0 0 1 0 0 1
270.0 0 0 1 1 0 2
275.0 0 0 1 1 0 2
280.0 0 0 1 1 0 2
285.0 0 1 1 0 0 2
290.0 0 1 1 0 0 2
295.0 0 1 1 0 0 2
300.0 0 1 1 0 0 2
305.0 0 1 2 0 0 3
310.0 0 1 2 0 0 3
315.0 0 1 2 0 0 3
320.0 0 1 2 0 0 3
325.0 0 1 1 1 0 3
330.0 0 2 1 1 0 4
335.0 0 2 1 1 0 4
340.0 0 2 1 1 0 4
345.0 0 3 0 1 0 4
350.0 0 2 1 1 0 4
355.0 1 3 1 0 0 5
360.0 1 3 1 0 0 5
365.0 1 3 2 0 0 6
370.0 1 3 2 0 0 6
375.0 4 3 2 0 0 9
380.0 4 3 2 0 0 9
385.0 3 2 6 1 1 13
390.0 2 2 6 1 1 12
395.0 3 3 6 1 1 14
400.0 3 3 9 1 1 17
405.0 5 5 10 1 1 22
410.0 4 6 10 1 2 23
415.0 5 7 11 1 2 26
420.0 8 6 9 2 3 28
425.0 8 7 8 4 4 31
430.0 12 6 12 4 4 38
435.0 13 6 12 4 2 37
440.0 11 10 12 3 2 38
445.0 11 11 11 3 3 39
450.0 13 13 14 4 3 47
455.0 15 13 17 4 3 52
460.0 18 16 19 5 3 61
465.0 22 19 19 3 3 66
470.0 24 20 23 4 5 76
475.0 27 21 23 6 6 83
480.0 29 22 26 8 7 92
485.0 30 21 24 9 9 93
490.0 33 24 27 9 10 103
495.0 36 25 28 10 13 112
500.0 42 26 29 12 14 123
505.0 41 26 31 13 15 126
510.0 37 31 29 12 16 125
515.0 37 28 31 16 15 127
520.0 36 35 36 18 15 140
525.0 39 37 40 20 17 153
530.0 36 37 46 22 15 156
535.0 35 42 44 21 16 158
540.0 33 41 46 25 17 162
545.0 43 46 48 26 18 181
550.0 43 47 54 27 18 189
555.0 46 48 53 29 20 196
560.0 48 49 58 30 22 207
565.0 48 51 53 34 24 210
570.0 56 49 54 35 24 218
575.0 57 52 61 34 23 227
580.0 55 61 65 32 23 236
585.0 53 57 70 32 22 234
590.0 49 63 76 33 21 242
595.0 42 58 85 36 19 240
600.0 46 55 90 43 21 255
605.0 48 60 89 42 23 262
610.0 52 59 94 40 21 266
615.0 52 61 92 40 25 270
620.0 56 65 86 36 24 267
625.0 53 66 79 36 22 256
630.0 54 62 78 34 22 250
635.0 53 63 74 36 25 251
640.0 53 61 77 38 27 256
645.0 60 61 73 34 28 256
650.0 65 59 74 31 29 258
655.0 67 58 80 31 30 266
660.0 64 60 86 33 28 271
665.0 72 53 87 33 28 273
670.0 75 53 74 31 28 261
675.0 73 53 73 31 27 257
680.0 65 53 73 30 27 248
685.0 68 54 74 27 29 252
690.0 60 53 69 25 32 239
695.0 56 54 67 26 31 234
700.0 53 59 66 26 34 238
705.0 49 55 64 28 31 227
710.0 47 57 63 26 30 223
715.0 52 57 58 25 28 220
720.0 52 51 53 22 29 207
725.0 56 48 54 23 24 205
730.0 56 44 53 25 25 203
735.0 57 42 51 27 25 202
740.0 55 39 49 23 26 192
745.0 52 38 49 19 25 183
750.0 53 38 48 15 21 175
755.0 49 35 56 13 24 177
760.0 47 40 59 12 25 183
765.0 46 41 58 10 28 183
770.0 42 37 55 11 27 172
775.0 38 38 51 12 27 166
780.0 38 37 49 17 29 170
785.0 39 37 51 15 27 169
790.0 40 36 55 13 25 169
795.0 35 39 60 16 23 173
800.0 34 41 63 18 22 178
805.0 35 44 60 21 24 184
810.0 32 50 58 19 22 181
815.0 37 50 52 19 21 179
820.0 33 51 53 19 21 177
825.0 35 48 52 24 21 180
830.0 35 42 51 23 22 173
835.0 34 51 53 23 26 187
840.0 36 50 52 23 27 188
845.0 38 50 54 22 28 192
850.0 41 53 57 23 30 204
855.0 42 55 56 25 30 208
860.0 40 55 58 23 27 203
865.0 40 51 62 23 27 203
870.0 35 49 70 26 27 207
875.0 41 50 74 22 27 214
880.0 43 45 77 20 22 207
885.0 48 43 79 21 20 211
890.0 49 49 77 23 21 219
895.0 53 48 78 21 19 219
900.0 48 55 82 20 19 224
905.0 45 58 75 26 21 225
910.0 48 61 69 29 21 228
915.0 47 64 74 28 24 237
920.0 44 70 75 29 26 244
925.0 47 68 78 29 29 251
930.0 46 69 80 30 30 255
935.0 51 70 83 29 29 262
940.0 53 65 84 29 28 259
945.0 55 65 82 28 29 259
950.0 53 66 79 28 28 254
955.0 59 66 74 30 28 257
960.0 54 60 77 36 26 253
965.0 54 57 84 34 25 254
970.0 58 54 77 29 24 242
975.0 64 53 68 31 23 239
980.0 62 49 66 33 22 232
985.0 58 52 64 39 22 235
990.0 53 55 66 36 21 231
995.0 51 56 68 31 23 229
1000.0 52 53 67 34 25 231
1005.0 52 56 71 32 24 235
1010.0 53 57 74 30 24 238
1015.0 52 59 77 30 23 241
1020.0 55 59 74 30 22 240
1025.0 58 60 70 33 21 242
1030.0 63 64 72 30 21 250
1035.0 65 61 74 27 21 248
1040.0 56 63 76 25 21 241
1045.0 67 72 70 28 21 258
1050.0 64 67 69 37 22 259
1055.0 65 66 68 31 20 250
1060.0 56 66 68 34 22 246
1065.0 63 67 74 30 24 258
1070.0 65 71 75 29 24 264
1075.0 56 70 77 29 25 257
1080.0 58 71 76 30 22 257
1085.0 61 71 74 31 22 259
1090.0 65 75 72 27 20 259
1095.0 71 65 73 31 23 263
1100.0 65 69 74 36 23 267
1105.0 58 77 75 34 26 270
1110.0 59 84 72 35 24 274
1115.0 60 91 66 32 28 277
1120.0 61 92 66 30 31 280
1125.0 64 89 70 36 31 290
1130.0 63 82 74 38 31 288
1135.0 66 83 76 37 32 294
1140.0 68 83 77 37 30 295
1145.0 68 80 84 36 31 299
1150.0 66 72 89 36 32 295
1155.0 65 77 87 37 33 299
1160.0 62 75 83 39 31 290
1165.0 61 74 75 35 30 275
1170.0 64 74 73 35 27 273
1175.0 61 71 75 36 24 267
1180.0 57 69 72 32 24 254
1185.0 53 73 68 31 21 246
1190.0 50 69 63 37 21 240
1195.0 52 60 67 33 24 236
1200.0 54 53 66 32 25 230
1205.0 56 56 59 26 22 219
1210.0 53 47 62 30 24 216
1215.0 51 47 54 30 23 205
1220.0 47 48 48 31 22 196
1225.0 48 48 44 28 17 185
1230.0 46 49 42 29 16 182
1235.0 44 47 37 30 15 173
1240.0 40 47 39 29 15 170
1245.0 42 45 33 29 14 163
1250.0 45 37 29 27 13 151
1255.0 38 29 28 25 14 134
1260.0 31 29 25 23 12 120
1265.0 30 29 29 19 10 117
1270.0 24 27 30 21 9 111
1275.0 23 30 26 20 8 107
1280.0 24 29 26 20 7 106
1285.0 23 25 25 16 6 95
1290.0 20 21 23 13 6 83
1295.0 16 21 24 12 6 79
1300.0 14 18 24 11 6 73
1305.0 14 18 16 11 6 65
1310.0 13 18 15 8 6 60
1315.0 14 17 14 9 7 61
1320.0 16 13 12 5 7 53
1325.0 16 14 11 3 6 50
1330.0 11 14 9 3 6 43
1335.0 10 13 7 2 5 37
1340.0 8 11 7 2 3 31
1345.0 7 8 3 4 4 26
1350.0 7 6 3 4 3 23
1355.0 7 6 3 3 3 22
1360.0 7 4 4 3 2 20
1365.0 4 4 3 1 1 13
1370.0 5 4 2 0 1 12
1375.0 5 2 3 0 0 10
1380.0 4 0 2 0 1 7
1385.0 4 0 2 0 1 7
1390.0 3 1 2 1 0 7
1395.0 2 1 3 1 0 7
1400.0 0 1 3 1 0 5
1405.0 0 1 2 0 0 3
1410.0 0 0 0 0 0 0
1415.0 0 0 0 0 0 0
1420.0 0 0 0 0 0 0
1425.0 0 0 0 0 1 1
1430.0 0 0 0 0 1 1
1435.0 0 0 0 0 1 1
