5.0 0 0 0 0 0 0
10.0 0 0 0 0 0 0
15.0 0 0 0 0 0 0
20.0 0 0 0 0 0 0
25.0 0 0 0 0 0 0
30.0 0 0 0 0 0 0
35.0 0 0 0 0 0 0
40.0 0 0 0 0 0 0
45.0 0 0 0 0 0 0
50.0 0 0 0 0 0 0
55.0 0 0 0 0 0 0
60.0 0 0 0 0 0 0
65.0 0 0 0 0 0 0
70.0 0 0 0 0 0 0
75.0 0 0 0 0 0 0
80.0 0 0 0 0 0 0
85.0 0 0 0 0 0 0
90.0 0 0 0 0 0 0
95.0 0 0 0 0 0 0
100.0 0 0 0 0 0 0
105.0 0 0 0 0 0 0
110.0 0 0 0 0 0 0
115.0 0 0 0 0 0 0
120.0 0 0 0 0 0 0
125.0 0 0 0 0 0 0
130.0 0 0 0 0 0 0
135.0 0 0 0 0 0 0
140.0 0 0 0 0 0 0
145.0 0 0 0 0 0 0
150.0 0 0 0 0 0 0
155.0 0 0 0 0 0 0
160.0 0 0 0 0 0 0
165.0 0 0 0 0 0 0
170.0 0 0 0 0 0 0
175.0 0 0 0 0 0 0
180.0 0 0 0 0 0 0
185.0 0 0 0 0 0 0
190.0 0 0 0 0 0 0
195.0 0 0 0 0 0 0
200.0 0 0 0 0 0 0
205.0 0 0 0 0 0 0
210.0 0 0 0 0 0 0
215.0 0 0 0 0 0 0
220.0 0 0 0 0 0 0
225.0 0 0 0 0 0 0
230.0 0 0 0 0 0 0
235.0 0 0 0 0 0 0
240.0 0 0 1 0 0 1
245.0 0 0 1 0 0 1
250.0 0 0 1 0 0 1
255.0 0 0 1 0 0 1
260.0 0 0 2 0 0 2
265.0 0 0 2 0 0 2
270.0 0 0 2 0 0 2
275.0 0 0 2 0 0 2
280.0 0 0 1 1 0 2
285.0 0 0 1 1 0 2
290.0 0 0 0 1 0 1
295.0 0 1 0 1 0 2
300.0 0 1 0 1 0 2
305.0 0 1 1 1 0 3
310.0 0 1 1 1 0 3
315.0 0 1 1 1 0 3
320.0 0 1 2 1 0 4
325.0 0 1 2 1 0 4
330.0 1 1 2 1 1 6
335.0 2 1 2 1 1 7
340.0 2 2 2 0 1 7
345.0 2 3 2 0 2 9
350.0 2 4 2 0 2 10
355.0 2 4 2 0 2 10
360.0 0 5 4 0 2 11
365.0 1 5 4 0 2 12
370.0 1 5 4 1 3 14
375.0 4 5 5 3 3 20
380.0 4 5 7 4 4 24
385.0 3 4 7 4 5 23
390.0 4 4 6 3 5 22
395.0 5 6 7 4 5 27
400.0 6 5 9 4 4 28
405.0 6 10 10 5 5 36
410.0 7 13 11 6 5 42
415.0 9 12 12 8 7 48
420.0 10 12 16 9 6 53
425.0 9 13 18 10 6 56
430.0 15 13 18 10 6 62
435.0 16 13 19 12 6 66
440.0 20 14 17 12 6 69
445.0 20 17 17 12 7 73
450.0 20 21 20 12 6 79
455.0 20 18 23 13 8 82
460.0 24 22 20 15 10 91
465.0 29 21 28 14 10 102
470.0 29 24 31 17 10 111
475.0 29 26 33 20 10 118
480.0 31 29 36 23 9 128
485.0 29 31 46 28 10 144
490.0 30 39 46 26 14 155
495.0 26 41 50 26 17 160
500.0 27 42 51 27 18 165
505.0 32 44 54 26 20 176
510.0 37 44 57 27 19 184
515.0 43 44 61 26 18 192
520.0 46 46 68 30 16 206
525.0 54 45 71 27 18 215
530.0 57 55 68 26 17 223
535.0 59 59 75 27 19 239
540.0 61 64 73 28 19 245
545.0 67 68 82 27 22 266
550.0 67 67 82 32 24 272
555.0 69 75 82 33 28 287
560.0 71 81 81 37 32 302
565.0 75 77 84 40 31 307
570.0 76 77 89 40 30 312
575.0 75 83 89 40 33 320
580.0 76 79 89 41 39 324
585.0 76 76 87 46 37 322
590.0 80 65 97 48 41 331
595.0 81 70 90 50 42 333
600.0 79 80 90 58 43 350
605.0 81 78 99 55 43 356
610.0 90 77 104 54 42 367
615.0 90 86 104 54 39 373
620.0 89 84 102 49 37 361
625.0 87 98 105 48 37 375
630.0 85 96 102 54 42 379
635.0 83 101 104 56 40 384
640.0 79 94 103 54 44 374
645.0 80 99 103 49 41 372
650.0 77 95 110 54 40 376
655.0 80 99 115 49 41 384
660.0 82 99 115 51 37 384
665.0 77 95 108 52 35 367
670.0 77 96 114 44 40 371
675.0 80 88 108 40 39 355
680.0 83 88 105 41 40 357
685.0 79 85 108 39 43 354
690.0 76 81 102 40 45 344
695.0 73 76 108 42 43 342
700.0 66 73 109 45 42 335
705.0 57 69 116 44 43 329
710.0 60 69 112 44 40 325
715.0 56 67 105 49 39 316
720.0 56 64 107 45 38 310
725.0 58 69 101 40 38 306
730.0 60 64 93 43 36 296
735.0 60 68 90 44 35 297
740.0 64 64 91 42 33 294
745.0 56 65 94 40 30 285
750.0 60 66 90 41 29 286
755.0 62 66 94 37 29 288
760.0 62 70 95 30 29 286
765.0 68 67 89 25 26 275
770.0 71 65 88 27 24 275
775.0 66 72 91 28 22 279
780.0 70 74 86 31 23 284
785.0 67 75 86 33 23 284
790.0 67 63 78 35 20 263
795.0 64 62 77 38 22 263
800.0 59 66 78 35 21 259
805.0 59 70 80 35 23 267
810.0 62 73 83 33 24 275
815.0 64 75 83 31 26 279
820.0 61 74 84 34 25 278
825.0 60 76 79 33 25 273
830.0 63 74 79 35 25 276
835.0 69 78 80 34 28 289
840.0 66 84 82 39 30 301
845.0 73 86 81 37 30 307
850.0 69 84 79 42 30 304
855.0 70 93 70 46 33 312
860.0 69 87 73 50 35 314
865.0 71 85 76 46 35 313
870.0 75 83 75 47 33 313
875.0 78 86 80 43 36 323
880.0 81 82 93 41 34 331
885.0 86 84 93 40 33 336
890.0 83 74 95 43 29 324
895.0 77 73 102 45 28 325
900.0 79 74 99 46 28 326
905.0 79 74 106 49 28 336
910.0 76 84 111 49 28 348
915.0 78 83 113 46 28 348
920.0 78 79 116 45 27 345
925.0 84 76 110 42 29 341
930.0 80 72 109 41 31 333
935.0 84 70 105 43 29 331
940.0 77 65 102 45 30 319
945.0 78 68 105 43 30 324
950.0 80 68 103 51 30 332
955.0 81 75 100 50 33 339
960.0 82 82 94 45 33 336
965.0 80 93 94 48 31 346
970.0 88 90 98 46 30 352
975.0 87 82 93 48 34 344
980.0 90 85 107 45 36 363
985.0 95 82 104 44 34 359
990.0 94 86 100 44 36 360
995.0 102 79 109 36 32 358
1000.0 94 78 114 34 33 353
1005.0 92 76 108 35 31 342
1010.0 95 80 103 33 35 346
1015.0 90 77 104 39 34 344
1020.0 83 76 103 39 33 334
1025.0 83 74 97 42 32 328
1030.0 89 73 92 44 35 333
1035.0 88 82 94 45 36 345
1040.0 82 83 90 47 34 336
1045.0 81 91 93 49 33 347
1050.0 86 90 87 52 32 347
1055.0 85 85 94 53 37 354
1060.0 84 87 102 48 40 361
1065.0 85 96 99 46 42 368
1070.0 81 95 94 49 42 361
1075.0 94 95 91 46 38 364
1080.0 89 97 102 49 34 371
1085.0 87 96 103 49 37 372
1090.0 90 102 109 47 34 382
1095.0 87 101 114 48 34 384
1100.0 86 104 105 52 35 382
1105.0 85 114 105 59 37 400
1110.0 88 107 113 54 37 399
1115.0 88 112 120 54 35 409
1120.0 84 106 134 60 34 418
1125.0 90 97 134 60 36 417
1130.0 90 99 132 61 35 417
1135.0 94 92 126 60 36 408
1140.0 100 95 124 56 38 413
1145.0 99 95 125 50 38 407
1150.0 103 90 123 48 35 399
1155.0 99 93 120 43 40 395
1160.0 96 90 135 46 39 406
1165.0 97 86 125 51 40 399
1170.0 97 95 119 51 38 400
1175.0 97 92 116 52 34 391
1180.0 88 85 109 56 37 375
1185.0 81 84 107 51 37 360
1190.0 74 81 112 51 36 354
1195.0 72 83 108 49 33 345
1200.0 68 78 109 49 33 337
1205.0 69 75 104 45 31 324
1210.0 65 77 93 45 28 308
1215.0 66 71 91 41 26 295
1220.0 66 62 85 36 26 275
1225.0 62 55 82 36 28 263
1230.0 60 58 73 32 25 248
1235.0 57 53 65 30 26 231
1240.0 51 53 62 31 26 223
1245.0 51 52 61 30 22 216
1250.0 54 48 58 22 20 202
1255.0 52 47 49 21 17 186
1260.0 52 49 39 17 16 173
1265.0 48 46 38 17 19 168
1270.0 44 43 30 17 19 153
1275.0 38 43 30 17 16 144
1280.0 26 37 27 20 17 127
1285.0 23 34 26 19 18 120
1290.0 17 34 28 17 15 111
1295.0 18 31 25 15 13 102
1300.0 18 27 22 15 11 93
1305.0 19 21 21 12 11 84
1310.0 17 19 18 12 11 77
1315.0 16 18 15 14 10 73
1320.0 10 19 14 17 10 70
1325.0 9 12 13 17 6 57
1330.0 7 9 10 16 6 48
1335.0 11 8 7 11 6 43
1340.0 9 6 6 12 6 39
1345.0 7 6 5 9 6 33
1350.0 8 4 3 5 5 25
1355.0 6 5 3 4 3 21
1360.0 7 6 3 3 4 23
1365.0 5 5 3 3 4 20
1370.0 2 6 3 3 3 17
1375.0 1 4 3 3 1 12
1380.0 2 3 1 0 1 7
1385.0 0 2 1 1 1 5
1390.0 0 0 1 2 1 4
1395.0 0 0 1 2 1 4
1400.0 0 0 1 2 1 4
1405.0 1 0 1 1 0 3
1410.0 0 0 0 1 0 1
1415.0 0 0 0 1 0 1
1420.0 0 0 0 1 0 1
1425.0 0 0 0 1 0 1
1430.0 1 0 0 0 0 1
1435.0 1 0 0 0 0 1
