5.0 0 0 0 0 0 0
10.0 0 0 0 0 0 0
15.0 0 0 0 0 0 0
20.0 0 0 0 0 0 0
25.0 0 0 0 0 0 0
30.0 0 0 0 0 0 0
35.0 0 0 0 0 0 0
40.0 0 0 0 0 0 0
45.0 0 0 0 0 0 0
50.0 0 0 0 0 0 0
55.0 0 0 0 0 0 0
60.0 0 0 0 0 0 0
65.0 0 0 0 0 0 0
70.0 0 0 0 0 0 0
75.0 0 0 0 0 0 0
80.0 0 0 0 0 0 0
85.0 0 0 0 0 0 0
90.0 0 0 0 0 0 0
95.0 0 0 0 0 0 0
100.0 0 0 0 0 0 0
105.0 0 0 0 0 0 0
110.0 0 0 0 0 0 0
115.0 0 0 0 0 0 0
120.0 0 0 0 0 0 0
125.0 0 0 0 0 0 0
130.0 0 0 0 0 0 0
135.0 0 0 0 0 0 0
140.0 0 0 0 0 0 0
145.0 0 0 0 0 0 0
150.0 0 0 0 0 0 0
155.0 0 0 0 0 0 0
160.0 0 0 0 0 0 0
165.0 0 0 0 0 0 0
170.0 0 0 0 0 0 0
175.0 0 0 0 0 0 0
180.0 0 0 0 0 0 0
185.0 0 0 0 0 0 0
190.0 0 0 0 0 0 0
195.0 0 0 0 0 0 0
200.0 0 0 0 0 0 0
205.0 0 0 0 0 0 0
210.0 0 0 0 0 0 0
215.0 0 0 0 0 0 0
220.0 0 0 0 0 0 0
225.0 0 0 0 0 0 0
230.0 0 0 0 0 0 0
235.0 0 0 0 0 0 0
240.0 0 0 0 0 0 0
245.0 0 0 0 0 0 0
250.0 0 0 0 0 0 0
255.0 0 0 0 0 0 0
260.0 0 0 0 0 0 0
265.0 0 0 0 0 0 0
270.0 0 0 0 0 0 0
275.0 0 0 0 0 0 0
280.0 0 0 0 0 0 0
285.0 0 0 0 0 0 0
290.0 0 0 0 0 0 0
295.0 0 0 0 0 0 0
300.0 0 0 0 0 0 0
305.0 0 0 0 0 0 0
310.0 0 0 0 0 0 0
315.0 0 0 0 0 0 0
320.0 0 0 0 0 0 0
325.0 0 0 0 0 0 0
330.0 0 0 0 0 0 0
335.0 0 0 0 0 0 0
340.0 0 0 0 0 0 0
345.0 0 0 0 0 0 0
350.0 0 0 0 0 0 0
355.0 0 0 0 0 0 0
360.0 0 0 0 0 0 0
365.0 0 0 0 0 0 0
370.0 0 0 0 0 0 0
375.0 0 0 0 0 0 0
380.0 0 0 0 0 0 0
385.0 0 0 0 0 0 0
390.0 0 0 0 0 0 0
395.0 0 0 0 0 0 0
400.0 0 0 0 0 0 0
405.0 0 1 0 0 0 1
410.0 0 1 0 0 0 1
415.0 0 1 0 0 0 1
420.0 1 1 0 0 0 2
425.0 1 1 0 0 0 2
430.0 1 1 0 0 0 2
435.0 1 0 0 0 0 1
440.0 1 0 0 0 0 1
445.0 0 0 0 0 0 0
450.0 0 0 0 0 0 0
455.0 0 0 1 0 0 1
460.0 0 1 2 0 0 3
465.0 1 1 2 0 0 4
470.0 1 1 2 0 0 4
475.0 1 0 2 0 0 3
480.0 2 0 2 0 0 4
485.0 2 0 2 0 0 4
490.0 2 0 1 0 0 3
495.0 1 0 0 0 0 1
500.0 2 0 0 0 0 2
505.0 3 0 0 0 0 3
510.0 3 0 0 0 0 3
515.0 3 0 0 0 0 3
520.0 3 0 0 0 0 3
525.0 2 0 0 1 0 3
530.0 2 0 1 1 0 4
535.0 2 0 1 1 0 4
540.0 1 0 1 1 0 3
545.0 1 0 1 1 0 3
550.0 1 0 1 1 0 3
555.0 0 0 1 1 1 3
560.0 1 0 1 1 1 4
565.0 2 0 1 2 1 6
570.0 3 0 1 1 1 6
575.0 2 0 1 1 1 5
580.0 2 1 0 1 1 5
585.0 2 2 0 1 2 7
590.0 2 2 0 1 2 7
595.0 1 2 0 1 2 6
600.0 1 3 0 1 2 7
605.0 3 2 1 0 2 8
610.0 3 1 2 0 3 9
615.0 3 1 2 0 3 9
620.0 3 1 2 0 3 9
625.0 3 1 3 0 3 10
630.0 3 1 4 0 1 9
635.0 3 2 5 0 1 11
640.0 2 4 5 0 1 12
645.0 2 5 5 0 1 13
650.0 2 4 4 0 1 11
655.0 2 4 3 0 1 10
660.0 2 4 3 0 2 11
665.0 2 4 3 0 2 11
670.0 1 2 2 1 2 8
675.0 3 1 1 1 3 9
680.0 3 0 2 1 2 8
685.0 3 0 2 1 2 8
690.0 2 0 2 1 2 7
695.0 1 0 2 1 2 6
700.0 1 0 2 1 2 6
705.0 1 0 3 1 2 7
710.0 1 1 3 2 2 9
715.0 1 1 3 2 2 9
720.0 1 1 3 2 2 9
725.0 1 1 3 1 2 8
730.0 2 1 3 1 2 9
735.0 2 2 2 1 2 9
740.0 2 2 2 1 2 9
745.0 2 2 2 1 2 9
750.0 2 2 2 1 1 8
755.0 2 2 1 1 1 7
760.0 2 2 1 1 1 7
765.0 2 2 1 0 1 6
770.0 0 2 1 0 1 4
775.0 0 2 1 0 1 4
780.0 0 2 1 0 1 4
785.0 0 2 1 0 1 4
790.0 0 2 1 0 1 4
795.0 0 0 2 0 1 3
800.0 0 0 2 0 0 2
805.0 0 0 2 0 0 2
810.0 0 0 2 0 0 2
815.0 0 0 3 0 0 3
820.0 0 0 3 1 0 4
825.0 0 0 4 1 0 5
830.0 0 0 4 1 1 6
835.0 1 0 3 1 2 7
840.0 1 0 2 1 2 6
845.0 1 0 2 1 2 6
850.0 1 0 3 1 2 7
855.0 1 1 3 0 2 7
860.0 1 1 3 0 1 6
865.0 1 2 3 0 2 8
870.0 1 2 3 0 2 8
875.0 1 1 2 1 2 7
880.0 1 2 1 1 2 7
885.0 1 2 1 1 2 7
890.0 2 3 1 1 1 8
895.0 3 4 1 1 1 10
900.0 3 4 1 1 1 10
905.0 3 3 1 1 1 9
910.0 2 3 1 2 1 9
915.0 1 4 1 2 1 9
920.0 1 4 2 2 1 10
925.0 2 3 2 2 1 10
930.0 2 3 3 2 1 11
935.0 2 3 3 2 1 11
940.0 2 4 2 2 1 11
945.0 1 4 3 2 1 11
950.0 3 4 3 0 0 10
955.0 2 2 3 0 0 7
960.0 1 3 3 0 1 8
965.0 0 3 3 1 1 8
970.0 0 2 2 2 1 7
975.0 0 2 3 2 1 8
980.0 2 2 4 0 1 9
985.0 2 2 2 0 1 7
990.0 2 2 0 0 1 5
995.0 2 2 1 0 1 6
1000.0 2 2 1 0 1 6
1005.0 1 1 2 1 1 6
1010.0 1 1 2 1 1 6
1015.0 1 0 3 1 1 6
1020.0 1 0 2 1 1 5
1025.0 1 1 2 1 1 6
1030.0 0 1 1 1 1 4
1035.0 0 1 3 1 1 6
1040.0 0 1 5 0 1 7
1045.0 0 1 5 1 1 8
1050.0 1 1 5 1 1 9
1055.0 1 2 5 2 1 11
1060.0 1 2 5 2 1 11
1065.0 3 2 4 2 1 12
1070.0 4 1 3 3 0 11
1075.0 3 1 3 2 0 9
1080.0 5 1 2 1 0 9
1085.0 5 1 1 1 0 8
1090.0 6 0 0 1 0 7
1095.0 7 1 0 0 0 8
1100.0 7 2 0 0 0 9
1105.0 8 2 0 0 0 10
1110.0 9 3 0 0 0 12
1115.0 9 3 0 0 0 12
1120.0 7 3 1 0 0 11
1125.0 4 3 2 0 0 9
1130.0 3 3 1 0 0 7
1135.0 4 2 2 0 0 8
1140.0 4 2 1 0 0 7
1145.0 4 3 1 0 0 8
1150.0 3 3 1 0 1 8
1155.0 2 3 1 0 0 6
1160.0 1 3 1 0 0 5
1165.0 1 4 1 0 0 6
1170.0 2 4 1 0 0 7
1175.0 2 2 2 0 0 6
1180.0 2 1 4 1 0 8
1185.0 2 1 2 1 0 6
1190.0 2 1 2 1 0 6
1195.0 3 1 1 1 0 6
1200.0 3 1 1 1 0 6
1205.0 3 1 3 1 0 8
1210.0 4 0 3 1 0 8
1215.0 4 0 3 0 0 7
1220.0 4 0 2 1 0 7
1225.0 4 0 2 1 0 7
1230.0 3 0 2 2 0 7
1235.0 2 1 2 2 0 7
1240.0 2 1 2 2 0 7
1245.0 2 1 3 1 1 8
1250.0 2 0 4 1 1 8
1255.0 0 0 3 2 1 6
1260.0 0 0 4 2 1 7
1265.0 0 0 4 2 0 6
1270.0 0 0 4 2 0 6
1275.0 0 0 4 2 0 6
1280.0 0 1 3 0 0 4
1285.0 0 1 3 1 0 5
1290.0 0 2 3 1 0 6
1295.0 0 1 3 1 1 6
1300.0 1 1 2 1 1 6
1305.0 1 1 2 1 1 6
1310.0 1 1 2 0 1 5
1315.0 1 1 1 0 1 4
1320.0 0 1 0 0 1 2
1325.0 0 1 0 0 1 2
1330.0 0 1 0 0 1 2
1335.0 0 1 0 0 1 2
1340.0 1 1 0 0 1 3
1345.0 1 1 0 0 1 3
1350.0 1 1 0 0 1 3
1355.0 1 1 0 0 0 2
1360.0 1 1 0 0 0 2
1365.0 1 0 0 1 0 2
1370.0 1 0 0 1 0 2
1375.0 0 0 0 0 0 0
1380.0 0 0 0 0 0 0
1385.0 0 0 0 0 0 0
1390.0 0 0 0 0 0 0
1395.0 0 0 0 0 0 0
1400.0 0 0 0 0 0 0
1405.0 0 0 0 0 0 0
1410.0 0 0 0 0 0 0
1415.0 0 0 0 0 0 0
1420.0 0 0 0 0 0 0
1425.0 0 0 0 0 0 0
1430.0 0 0 0 0 0 0
1435.0 0 0 0 0 0 0
