5.0 0 0 0 0 0 0
10.0 0 0 0 0 0 0
15.0 0 0 0 0 0 0
20.0 0 0 0 0 0 0
25.0 0 0 0 0 0 0
30.0 0 0 0 0 0 0
35.0 0 0 0 0 0 0
40.0 0 0 0 0 0 0
45.0 0 0 0 0 0 0
50.0 0 0 0 0 0 0
55.0 0 0 0 0 0 0
60.0 0 0 0 0 0 0
65.0 0 0 0 0 0 0
70.0 0 0 0 0 0 0
75.0 0 0 0 0 0 0
80.0 0 0 0 0 0 0
85.0 0 0 0 0 0 0
90.0 0 0 0 0 0 0
95.0 0 0 0 0 0 0
100.0 0 0 0 0 0 0
105.0 0 0 0 0 0 0
110.0 0 0 0 0 0 0
115.0 0 0 0 0 0 0
120.0 0 0 0 0 0 0
125.0 0 0 0 0 0 0
130.0 0 0 0 0 0 0
135.0 0 0 0 0 0 0
140.0 0 0 0 0 0 0
145.0 0 0 0 0 0 0
150.0 0 0 0 0 0 0
155.0 0 0 0 0 0 0
160.0 0 0 0 0 0 0
165.0 0 0 0 0 0 0
170.0 0 0 0 0 0 0
175.0 0 0 0 0 0 0
180.0 0 0 0 0 0 0
185.0 0 0 0 0 0 0
190.0 0 0 0 0 0 0
195.0 0 0 0 0 0 0
200.0 0 1 1 0 0 2
205.0 0 1 1 0 0 2
210.0 0 1 1 0 0 2
215.0 0 1 1 0 0 2
220.0 0 1 1 0 0 2
225.0 0 1 1 0 0 2
230.0 0 1 1 0 0 2
235.0 0 1 1 0 0 2
240.0 0 0 1 0 0 1
245.0 0 0 1 0 0 1
250.0 0 0 1 0 0 1
255.0 0 0 1 0 0 1
260.0 0 0 1 0 0 1
265.0 0 0 1 0 0 1
270.0 1 0 0 0 0 1
275.0 1 0 0 0 0 1
280.0 1 0 0 0 0 1
285.0 0 0 0 0 0 0
290.0 0 1 0 0 0 1
295.0 0 1 0 0 1 2
300.0 0 1 0 0 1 2
305.0 0 2 0 0 1 3
310.0 0 2 0 0 1 3
315.0 1 3 0 0 1 5
320.0 1 3 1 0 1 6
325.0 1 3 1 0 1 6
330.0 2 3 1 1 1 8
335.0 2 3 1 1 2 9
340.0 3 3 4 1 2 13
345.0 3 3 4 2 1 13
350.0 4 3 6 3 1 17
355.0 3 4 6 3 1 17
360.0 3 4 7 3 1 18
365.0 3 3 8 3 2 19
370.0 4 3 9 5 3 24
375.0 5 8 8 6 3 30
380.0 6 8 8 7 3 32
385.0 6 8 10 6 4 34
390.0 7 10 8 8 7 40
395.0 11 12 9 7 8 47
400.0 12 12 13 7 8 52
405.0 10 13 15 8 9 55
410.0 11 13 19 7 10 60
415.0 11 15 20 7 10 63
420.0 14 15 23 7 9 68
425.0 20 18 21 6 9 74
430.0 23 18 20 7 10 78
435.0 28 22 20 8 9 87
440.0 27 23 23 10 10 93
445.0 28 28 24 12 11 103
450.0 30 30 24 15 11 110
455.0 37 31 26 13 12 119
460.0 38 33 30 15 15 131
465.0 37 36 36 22 16 147
470.0 35 38 41 27 15 156
475.0 37 39 47 33 16 172
480.0 37 45 47 37 17 183
485.0 44 48 49 41 17 199
490.0 46 50 53 44 20 213
495.0 46 50 60 45 21 222
500.0 50 53 64 42 22 231
505.0 59 60 71 39 22 251
510.0 60 65 74 41 23 263
515.0 69 71 79 42 24 285
520.0 73 78 77 43 23 294
525.0 69 78 83 44 24 298
530.0 76 81 93 40 26 316
535.0 77 91 97 36 28 329
540.0 77 88 111 39 28 343
545.0 86 92 112 38 29 357
550.0 91 98 107 43 32 371
555.0 96 100 120 49 39 404
560.0 99 111 124 48 42 424
565.0 105 117 122 51 45 440
570.0 101 121 120 56 47 445
575.0 108 118 120 56 47 449
580.0 109 116 121 57 46 449
585.0 106 123 122 61 51 463
590.0 112 128 127 60 54 481
595.0 120 134 138 54 53 499
600.0 117 140 138 55 52 502
605.0 120 153 137 60 52 522
610.0 121 146 136 65 55 523
615.0 115 151 141 66 53 526
620.0 117 146 140 65 51 519
625.0 120 151 146 66 53 536
630.0 120 147 153 68 47 535
635.0 113 153 147 73 47 533
640.0 116 138 148 75 46 523
645.0 124 135 143 75 47 524
650.0 130 131 148 64 48 521
655.0 132 136 151 66 52 537
660.0 131 133 155 58 54 531
665.0 125 125 158 60 49 517
670.0 122 122 163 57 49 513
675.0 122 124 157 55 52 510
680.0 113 125 158 58 53 507
685.0 121 123 153 59 57 513
690.0 112 122 142 61 61 498
695.0 109 119 146 62 58 494
700.0 106 114 144 56 63 483
705.0 102 118 134 56 64 474
710.0 101 117 129 59 64 470
715.0 106 119 128 63 61 477
720.0 98 114 125 53 61 451
725.0 94 116 124 49 62 445
730.0 96 114 116 43 58 427
735.0 94 118 112 50 58 432
740.0 87 113 113 57 55 425
745.0 91 103 109 61 51 415
750.0 91 88 114 58 50 401
755.0 93 77 114 50 48 382
760.0 95 80 125 46 51 397
765.0 88 82 117 51 51 389
770.0 84 76 108 52 50 370
775.0 82 74 104 52 54 366
780.0 80 81 109 51 51 372
785.0 81 83 118 47 50 379
790.0 73 82 128 52 49 384
795.0 72 87 126 56 44 385
800.0 77 91 128 58 50 404
805.0 84 100 123 56 49 412
810.0 86 111 119 51 53 420
815.0 81 107 123 47 54 412
820.0 88 118 120 44 54 424
825.0 87 115 123 46 54 425
830.0 84 111 120 50 55 420
835.0 91 105 125 51 50 422
840.0 94 97 129 52 46 418
845.0 88 106 129 51 48 422
850.0 88 112 122 52 47 421
855.0 90 103 132 57 51 433
860.0 91 108 129 60 52 440
865.0 86 102 132 64 55 439
870.0 92 99 134 67 59 451
875.0 96 107 133 67 57 460
880.0 101 111 135 74 56 477
885.0 109 117 137 76 60 499
890.0 110 119 138 79 57 503
895.0 109 120 139 75 55 498
900.0 109 116 145 74 55 499
905.0 113 112 145 75 53 498
910.0 112 113 145 77 51 498
915.0 108 114 148 76 51 497
920.0 109 124 136 85 53 507
925.0 114 129 134 86 47 510
930.0 123 127 131 81 46 508
935.0 121 124 123 81 50 499
940.0 124 133 133 81 55 526
945.0 122 134 140 79 55 530
950.0 111 139 132 79 57 518
955.0 108 140 134 86 53 521
960.0 107 139 131 86 56 519
965.0 103 145 133 89 53 523
970.0 107 158 128 86 53 532
975.0 109 159 147 78 58 551
980.0 117 161 153 72 61 564
985.0 116 155 156 75 58 560
990.0 123 146 155 76 56 556
995.0 124 148 142 73 61 548
1000.0 126 140 143 73 60 542
1005.0 116 142 149 71 59 537
1010.0 114 148 152 70 61 545
1015.0 102 147 156 77 59 541
1020.0 106 144 153 80 61 544
1025.0 103 153 157 80 62 555
1030.0 100 152 160 84 61 557
1035.0 103 147 167 72 60 549
1040.0 99 140 173 70 62 544
1045.0 108 140 173 67 64 552
1050.0 111 136 182 64 66 559
1055.0 115 129 180 74 65 563
1060.0 114 136 179 71 64 564
1065.0 119 124 188 71 62 564
1070.0 112 122 202 74 57 567
1075.0 116 124 211 64 58 573
1080.0 116 128 198 70 67 579
1085.0 128 120 195 72 64 579
1090.0 136 126 197 80 66 605
1095.0 134 141 197 76 67 615
1100.0 137 142 192 76 60 607
1105.0 134 145 196 82 64 621
1110.0 132 144 204 76 63 619
1115.0 132 157 199 83 65 636
1120.0 127 152 197 88 66 630
1125.0 132 150 201 89 71 643
1130.0 128 153 191 83 74 629
1135.0 123 159 179 82 73 616
1140.0 131 157 176 83 71 618
1145.0 131 162 178 83 71 625
1150.0 114 169 173 90 72 618
1155.0 119 168 178 89 73 627
1160.0 121 165 174 91 75 626
1165.0 125 163 172 82 71 613
1170.0 124 158 161 82 70 595
1175.0 129 163 164 80 61 597
1180.0 136 149 160 73 57 575
1185.0 130 142 167 63 54 556
1190.0 123 143 164 64 51 545
1195.0 115 140 165 65 48 533
1200.0 113 131 154 68 54 520
1205.0 109 126 149 68 53 505
1210.0 97 128 134 72 50 481
1215.0 93 118 132 69 50 462
1220.0 86 106 131 68 47 438
1225.0 85 102 123 62 44 416
1230.0 81 104 117 57 39 398
1235.0 87 104 98 47 40 376
1240.0 88 97 91 42 37 355
1245.0 77 88 92 36 33 326
1250.0 69 82 90 37 34 312
1255.0 61 76 81 32 35 285
1260.0 59 70 76 30 31 266
1265.0 57 68 68 31 31 255
1270.0 55 65 57 34 31 242
1275.0 55 60 54 28 29 226
1280.0 54 56 48 22 27 207
1285.0 48 53 47 23 24 195
1290.0 42 44 48 26 24 184
1295.0 40 43 41 26 20 170
1300.0 36 37 36 29 19 157
1305.0 24 31 37 29 18 139
1310.0 21 27 29 30 15 122
1315.0 19 23 28 27 14 111
1320.0 17 21 23 25 12 98
1325.0 17 21 17 21 12 88
1330.0 11 22 15 13 11 72
1335.0 12 16 13 8 10 59
1340.0 11 16 11 9 10 57
1345.0 11 14 11 6 9 51
1350.0 8 9 7 6 7 37
1355.0 7 7 5 7 6 32
1360.0 7 5 6 7 6 31
1365.0 6 3 6 6 4 25
1370.0 4 3 6 4 4 21
1375.0 3 2 6 4 4 19
1380.0 2 2 6 4 4 18
1385.0 2 2 5 4 4 17
1390.0 2 2 2 2 4 12
1395.0 2 1 4 1 4 12
1400.0 2 1 2 1 4 10
1405.0 1 1 3 0 4 9
1410.0 1 1 4 0 4 10
1415.0 1 0 3 2 2 8
1420.0 1 0 2 2 2 7
1425.0 1 0 1 2 2 6
1430.0 1 0 1 2 2 6
1435.0 1 0 1 2 1 5
