5.0 0 0 0 0 0 0
10.0 0 0 0 0 0 0
15.0 0 0 0 0 0 0
20.0 0 0 0 0 0 0
25.0 0 0 0 0 0 0
30.0 0 0 0 0 0 0
35.0 0 0 0 0 0 0
40.0 0 0 0 0 0 0
45.0 0 0 0 0 0 0
50.0 0 0 0 0 0 0
55.0 0 0 0 0 0 0
60.0 0 0 0 0 0 0
65.0 0 0 0 0 0 0
70.0 0 0 0 0 0 0
75.0 0 0 0 0 0 0
80.0 0 0 0 0 0 0
85.0 0 0 0 0 0 0
90.0 0 0 0 0 0 0
95.0 0 0 0 0 0 0
100.0 0 0 0 0 0 0
105.0 0 0 0 0 0 0
110.0 0 0 0 0 0 0
115.0 0 0 0 0 0 0
120.0 0 0 0 0 0 0
125.0 0 0 0 0 0 0
130.0 0 0 0 0 0 0
135.0 0 0 0 0 0 0
140.0 0 0 0 0 0 0
145.0 0 0 0 0 0 0
150.0 0 0 0 0 0 0
155.0 0 0 0 0 0 0
160.0 0 0 0 0 0 0
165.0 0 0 0 0 0 0
170.0 0 0 0 0 0 0
175.0 0 0 0 0 0 0
180.0 0 0 0 0 0 0
185.0 0 0 0 0 0 0
190.0 0 0 0 0 0 0
195.0 0 0 0 0 0 0
200.0 0 0 0 0 0 0
205.0 0 0 0 0 0 0
210.0 0 0 0 0 0 0
215.0 0 0 0 0 0 0
220.0 0 0 0 0 0 0
225.0 0 0 0 0 0 0
230.0 0 0 0 0 0 0
235.0 0 1 0 0 0 1
240.0 0 1 0 0 0 1
245.0 0 1 0 0 0 1
250.0 0 0 0 0 1 1
255.0 0 0 0 0 1 1
260.0 0 0 0 0 1 1
265.0 0 0 0 0 1 1
270.0 0 0 0 0 1 1
275.0 0 0 1 0 1 2
280.0 0 0 1 0 1 2
285.0 0 0 1 0 1 2
290.0 0 0 0 1 0 1
295.0 0 0 0 1 0 1
300.0 0 0 0 2 0 2
305.0 0 0 0 2 0 2
310.0 0 1 1 0 0 2
315.0 0 1 1 0 2 4
320.0 0 2 3 0 3 8
325.0 0 1 3 1 3 8
330.0 0 0 3 1 2 6
335.0 0 1 4 1 1 7
340.0 1 2 3 0 1 7
345.0 1 1 2 0 1 5
350.0 1 2 2 0 1 6
355.0 1 2 2 1 1 7
360.0 1 2 2 1 1 7
365.0 5 4 3 2 1 15
370.0 5 3 8 2 1 19
375.0 6 4 7 2 2 21
380.0 8 6 10 1 2 27
385.0 10 6 9 1 3 29
390.0 10 7 10 2 3 32
395.0 13 8 12 3 4 40
400.0 13 9 14 4 3 43
405.0 15 9 14 4 3 45
410.0 16 7 13 5 5 46
415.0 18 11 10 6 6 51
420.0 20 11 12 5 6 54
425.0 22 13 16 8 7 66
430.0 24 16 13 10 8 71
435.0 23 21 14 8 9 75
440.0 25 24 18 7 10 84
445.0 27 25 24 7 13 96
450.0 28 29 27 7 13 104
455.0 26 37 30 8 15 116
460.0 32 34 31 8 17 122
465.0 31 33 32 10 17 123
470.0 34 36 34 13 18 135
475.0 36 42 35 14 16 143
480.0 37 43 39 19 19 157
485.0 39 41 45 18 18 161
490.0 45 39 47 21 19 171
495.0 49 40 53 21 22 185
500.0 55 44 55 19 21 194
505.0 52 43 60 19 20 194
510.0 59 42 62 20 19 202
515.0 59 47 62 24 22 214
520.0 67 53 69 30 24 243
525.0 78 62 79 36 25 280
530.0 80 72 86 35 27 300
535.0 78 80 84 31 31 304
540.0 82 78 92 34 32 318
545.0 86 77 101 38 31 333
550.0 95 69 99 44 32 339
555.0 100 64 98 46 34 342
560.0 94 77 104 51 34 360
565.0 100 85 106 48 33 372
570.0 98 96 109 49 35 387
575.0 98 99 120 49 36 402
580.0 97 106 119 52 37 411
585.0 99 102 115 60 38 414
590.0 101 108 105 56 36 406
595.0 96 112 104 59 39 410
600.0 114 104 109 54 42 423
605.0 113 103 111 56 44 427
610.0 112 106 114 58 44 434
615.0 105 113 117 57 48 440
620.0 101 111 124 61 48 445
625.0 103 115 118 62 53 451
630.0 99 116 120 60 52 447
635.0 106 117 126 57 55 461
640.0 105 111 135 62 55 468
645.0 107 109 139 61 56 472
650.0 111 111 141 60 54 477
655.0 107 108 141 64 52 472
660.0 108 118 136 61 57 480
665.0 118 119 133 59 61 490
670.0 121 110 132 58 64 485
675.0 127 113 135 58 58 491
680.0 121 119 142 59 52 493
685.0 121 123 139 57 52 492
690.0 113 118 134 57 58 480
695.0 112 111 130 55 50 458
700.0 107 112 132 60 48 459
705.0 103 90 133 64 45 435
710.0 106 84 136 58 39 423
715.0 98 83 138 57 36 412
720.0 98 82 129 56 40 405
725.0 96 80 130 63 37 406
730.0 100 93 122 63 33 411
735.0 93 98 121 66 29 407
740.0 90 97 113 63 31 394
745.0 86 98 103 59 31 377
750.0 89 93 95 55 34 366
755.0 95 83 96 47 34 355
760.0 93 84 96 54 37 364
765.0 99 83 96 49 35 362
770.0 106 78 93 52 35 364
775.0 97 84 91 41 31 344
780.0 90 88 89 41 31 339
785.0 87 83 96 43 30 339
790.0 79 93 96 44 29 341
795.0 78 93 98 51 27 347
800.0 73 88 101 52 26 340
805.0 74 88 96 53 29 340
810.0 73 89 97 61 28 348
815.0 78 94 100 60 25 357
820.0 82 91 106 57 25 361
825.0 86 96 113 55 30 380
830.0 83 96 115 55 29 378
835.0 70 94 118 57 27 366
840.0 71 89 119 59 25 363
845.0 79 85 120 55 28 367
850.0 89 81 119 52 33 374
855.0 88 83 106 53 33 363
860.0 89 82 110 47 37 365
865.0 85 78 112 54 40 369
870.0 90 83 116 49 42 380
875.0 90 89 114 50 42 385
880.0 90 85 117 51 40 383
885.0 92 88 116 56 40 392
890.0 92 94 121 53 43 403
895.0 88 94 122 58 47 409
900.0 87 92 131 61 46 417
905.0 89 82 134 64 42 411
910.0 92 84 123 65 39 403
915.0 84 88 126 59 42 399
920.0 82 93 132 57 40 404
925.0 87 95 133 53 46 414
930.0 86 101 133 50 46 416
935.0 79 99 122 58 47 405
940.0 83 106 123 55 46 413
945.0 88 95 114 61 43 401
950.0 90 97 126 58 46 417
955.0 81 98 124 64 45 412
960.0 87 99 122 58 46 412
965.0 85 102 119 60 51 417
970.0 81 101 120 56 54 412
975.0 84 94 128 51 55 412
980.0 89 97 130 50 56 422
985.0 85 103 125 40 57 410
990.0 81 100 135 37 58 411
995.0 89 99 135 41 61 425
1000.0 95 108 129 42 52 426
1005.0 98 110 132 40 51 431
1010.0 97 111 125 44 52 429
1015.0 95 111 115 47 56 424
1020.0 97 113 113 53 51 427
1025.0 94 117 112 56 46 425
1030.0 95 127 111 60 43 436
1035.0 91 125 107 58 43 424
1040.0 92 124 123 53 47 439
1045.0 98 130 134 58 49 469
1050.0 99 127 141 66 56 489
1055.0 102 124 132 66 54 478
1060.0 107 126 134 66 56 489
1065.0 109 133 137 63 61 503
1070.0 105 138 137 55 63 498
1075.0 111 143 128 57 64 503
1080.0 108 149 124 57 61 499
1085.0 108 147 124 66 61 506
1090.0 117 139 127 66 61 510
1095.0 114 144 139 69 59 525
1100.0 106 140 146 72 63 527
1105.0 105 142 153 72 63 535
1110.0 96 130 159 85 63 533
1115.0 94 134 158 82 61 529
1120.0 92 134 155 87 64 532
1125.0 96 119 152 87 70 524
1130.0 103 118 153 82 66 522
1135.0 112 118 148 84 65 527
1140.0 111 114 148 85 62 520
1145.0 112 111 143 87 63 516
1150.0 113 114 143 80 58 508
1155.0 106 115 143 76 59 499
1160.0 97 113 154 78 61 503
1165.0 97 110 151 67 61 486
1170.0 106 107 152 64 58 487
1175.0 95 109 158 60 57 479
1180.0 102 103 144 55 61 465
1185.0 107 109 125 52 61 454
1190.0 102 101 118 56 58 435
1195.0 102 97 109 59 57 424
1200.0 106 92 113 52 57 420
1205.0 105 88 116 46 50 405
1210.0 94 90 113 41 48 386
1215.0 91 94 103 40 39 367
1220.0 90 92 103 36 39 360
1225.0 82 83 103 38 42 348
1230.0 77 75 99 39 40 330
1235.0 68 77 97 41 40 323
1240.0 63 78 88 35 38 302
1245.0 62 69 81 41 34 287
1250.0 55 66 72 34 35 262
1255.0 52 56 73 32 33 246
1260.0 47 50 75 32 33 237
1265.0 44 47 76 30 30 227
1270.0 42 44 66 30 29 211
1275.0 38 38 58 26 26 186
1280.0 34 32 51 22 24 163
1285.0 30 29 47 19 23 148
1290.0 28 27 40 20 23 138
1295.0 31 26 35 19 19 130
1300.0 21 25 35 17 17 115
1305.0 21 21 32 15 15 104
1310.0 19 16 26 16 13 90
1315.0 19 14 23 13 14 83
1320.0 16 14 19 12 12 73
1325.0 16 16 15 11 12 70
1330.0 17 12 13 13 11 66
1335.0 15 10 13 11 11 60
1340.0 15 9 10 10 11 55
1345.0 11 9 11 8 10 49
1350.0 12 9 9 8 10 48
1355.0 10 10 8 8 7 43
1360.0 7 7 9 6 5 34
1365.0 6 3 7 4 3 23
1370.0 5 2 4 4 3 18
1375.0 4 2 4 3 3 16
1380.0 3 2 3 3 3 14
1385.0 2 2 4 3 3 14
1390.0 2 2 2 2 4 12
1395.0 3 0 2 2 2 9
1400.0 3 0 1 2 2 8
1405.0 3 0 1 2 1 7
1410.0 2 0 1 2 1 6
1415.0 2 0 1 2 1 6
1420.0 1 0 2 1 1 5
1425.0 0 0 2 0 1 3
1430.0 0 0 2 0 1 3
1435.0 0 0 1 1 1 3
