5.0 0 0 0 0 0 0
10.0 0 0 0 0 0 0
15.0 0 0 0 0 0 0
20.0 0 0 0 0 0 0
25.0 0 0 0 0 0 0
30.0 0 0 0 0 0 0
35.0 0 0 0 0 0 0
40.0 0 0 0 0 0 0
45.0 0 0 0 0 0 0
50.0 0 0 0 0 0 0
55.0 0 0 0 0 0 0
60.0 0 0 0 0 0 0
65.0 0 0 0 0 0 0
70.0 0 0 0 0 0 0
75.0 0 0 0 0 0 0
80.0 0 0 0 0 0 0
85.0 0 0 0 0 0 0
90.0 0 0 0 0 0 0
95.0 0 0 0 0 0 0
100.0 0 0 0 0 0 0
105.0 0 0 0 0 0 0
110.0 0 0 0 0 0 0
115.0 0 0 0 0 0 0
120.0 0 0 0 0 0 0
125.0 0 0 0 0 0 0
130.0 0 0 0 0 0 0
135.0 0 0 0 0 0 0
140.0 0 0 0 0 0 0
145.0 0 0 0 0 0 0
150.0 0 0 0 0 0 0
155.0 0 0 0 0 0 0
160.0 0 0 0 0 0 0
165.0 0 0 0 0 0 0
170.0 0 0 0 0 0 0
175.0 0 0 0 0 0 0
180.0 0 0 0 0 0 0
185.0 0 0 0 0 0 0
190.0 0 0 0 0 0 0
195.0 0 0 0 0 0 0
200.0 0 0 0 0 0 0
205.0 0 0 1 0 0 1
210.0 0 0 1 0 0 1
215.0 0 0 1 0 0 1
220.0 1 0 1 0 0 2
225.0 1 0 1 0 0 2
230.0 1 0 1 0 0 2
235.0 0 0 1 0 0 1
240.0 0 0 1 0 0 1
245.0 0 0 1 0 0 1
250.0 0 0 1 0 0 1
255.0 0 0 1 0 0 1
260.0 0 0 1 0 0 1
265.0 0 0 1 0 0 1
270.0 0 0 1 0 0 1
275.0 0 0 2 0 0 2
280.0 0 1 2 0 0 3
285.0 0 2 1 0 0 3
290.0 0 2 1 0 0 3
295.0 0 1 1 0 0 2
300.0 0 0 1 0 0 1
305.0 0 0 1 0 0 1
310.0 0 0 1 1 0 2
315.0 0 0 3 1 1 5
320.0 0 0 3 2 1 6
325.0 0 0 3 1 1 5
330.0 0 0 6 1 1 8
335.0 0 1 6 1 1 9
340.0 0 1 6 1 2 10
345.0 0 2 6 1 2 11
350.0 0 4 5 1 2 12
355.0 0 6 6 1 2 15
360.0 1 6 6 1 2 16
365.0 1 7 7 2 2 19
370.0 4 10 7 2 2 25
375.0 5 9 8 4 2 28
380.0 6 8 11 3 3 31
385.0 7 4 12 5 3 31
390.0 9 7 14 6 3 39
395.0 12 10 14 7 3 46
400.0 14 12 12 6 5 49
405.0 14 13 13 8 7 55
410.0 16 12 16 11 6 61
415.0 18 12 21 13 9 73
420.0 17 14 27 14 12 84
425.0 17 18 26 15 13 89
430.0 19 21 26 17 12 95
435.0 19 24 31 20 12 106
440.0 23 27 32 20 12 114
445.0 25 33 33 20 13 124
450.0 24 36 34 22 11 127
455.0 33 44 33 20 10 140
460.0 37 48 38 22 10 155
465.0 42 49 33 26 10 160
470.0 43 41 42 27 10 163
475.0 43 47 46 31 9 176
480.0 47 49 48 33 12 189
485.0 50 49 54 33 13 199
490.0 49 51 59 36 17 212
495.0 46 63 62 30 17 218
500.0 45 68 55 37 17 222
505.0 46 76 61 37 17 237
510.0 49 74 62 34 18 237
515.0 56 71 67 40 22 256
520.0 62 77 75 39 21 274
525.0 66 79 69 37 21 272
530.0 70 82 73 40 20 285
535.0 75 89 72 41 19 296
540.0 74 97 81 47 19 318
545.0 73 105 86 51 18 333
550.0 76 105 92 55 22 350
555.0 77 111 88 61 24 361
560.0 84 117 91 67 24 383
565.0 79 125 101 71 31 407
570.0 94 123 94 64 31 406
575.0 96 124 93 61 27 401
580.0 101 115 99 63 31 409
585.0 97 123 108 63 32 423
590.0 109 119 110 59 31 428
595.0 102 123 120 59 30 434
600.0 107 116 118 58 32 431
605.0 111 105 110 56 33 415
610.0 120 101 120 55 31 427
615.0 116 94 126 63 35 434
620.0 116 98 129 67 37 447
625.0 118 108 129 61 37 453
630.0 116 109 146 60 39 470
635.0 114 118 138 58 43 471
640.0 120 115 137 56 43 471
645.0 131 116 133 53 45 478
650.0 129 113 124 47 43 456
655.0 123 115 121 54 43 456
660.0 118 112 122 56 44 452
665.0 104 107 121 60 46 438
670.0 98 104 115 61 45 423
675.0 98 111 111 61 44 425
680.0 90 110 110 60 44 414
685.0 89 106 117 54 43 409
690.0 91 102 110 54 47 404
695.0 85 105 103 59 45 397
700.0 86 104 95 61 47 393
705.0 88 92 97 63 45 385
710.0 82 91 95 68 46 382
715.0 86 89 101 59 46 381
720.0 85 79 101 64 42 371
725.0 87 79 108 62 42 378
730.0 89 76 101 63 42 371
735.0 87 74 108 64 43 376
740.0 88 73 100 64 45 370
745.0 84 73 103 60 48 368
750.0 79 72 97 60 48 356
755.0 78 70 104 55 46 353
760.0 68 67 99 57 47 338
765.0 74 65 104 55 45 343
770.0 72 70 98 57 43 340
775.0 71 76 95 54 43 339
780.0 75 86 97 51 42 351
785.0 77 83 94 49 43 346
790.0 79 76 95 46 43 339
795.0 84 78 88 42 40 332
800.0 88 76 92 39 41 336
805.0 100 73 91 33 43 340
810.0 94 72 90 32 40 328
815.0 96 71 94 31 38 330
820.0 86 73 104 36 37 336
825.0 86 75 113 41 37 352
830.0 83 81 108 42 39 353
835.0 81 81 113 48 36 359
840.0 80 90 101 48 37 356
845.0 79 91 104 51 38 363
850.0 84 92 106 55 42 379
855.0 83 101 108 53 46 391
860.0 81 105 115 51 49 401
865.0 89 111 122 53 52 427
870.0 89 113 116 55 57 430
875.0 92 107 113 55 58 425
880.0 87 108 122 53 57 427
885.0 85 102 133 50 58 428
890.0 89 96 138 49 58 430
895.0 95 93 133 49 58 428
900.0 92 99 135 49 58 433
905.0 90 92 136 48 59 425
910.0 93 98 129 46 59 425
915.0 105 100 124 47 61 437
920.0 111 102 131 51 56 451
925.0 114 100 130 50 54 448
930.0 111 99 131 49 51 441
935.0 109 100 133 53 46 441
940.0 114 106 139 51 42 452
945.0 103 113 142 50 41 449
950.0 99 114 148 49 39 449
955.0 94 112 136 46 42 430
960.0 82 118 134 54 41 429
965.0 89 119 134 51 45 438
970.0 87 115 132 52 48 434
975.0 90 112 135 53 47 437
980.0 99 110 121 49 48 427
985.0 96 114 117 56 48 431
990.0 99 104 120 56 43 422
995.0 96 101 122 54 44 417
1000.0 103 102 118 57 42 422
1005.0 98 99 120 61 42 420
1010.0 101 103 117 55 44 420
1015.0 94 104 124 54 45 421
1020.0 89 112 126 56 44 427
1025.0 93 113 129 58 44 437
1030.0 88 114 134 66 46 448
1035.0 86 113 130 68 42 439
1040.0 84 114 139 66 41 444
1045.0 88 113 137 60 45 443
1050.0 87 106 146 60 48 447
1055.0 95 104 146 54 49 448
1060.0 96 102 149 55 49 451
1065.0 102 112 157 56 50 477
1070.0 103 119 150 65 56 493
1075.0 99 121 156 67 52 495
1080.0 103 128 147 65 53 496
1085.0 98 131 154 65 53 501
1090.0 111 138 142 61 55 507
1095.0 126 138 139 62 52 517
1100.0 120 130 141 63 49 503
1105.0 125 126 148 61 51 511
1110.0 113 127 153 56 53 502
1115.0 118 121 152 64 53 508
1120.0 114 120 153 69 59 515
1125.0 117 115 145 67 59 503
1130.0 117 118 150 70 57 512
1135.0 120 112 154 75 54 515
1140.0 119 117 153 76 50 515
1145.0 133 107 154 70 44 508
1150.0 130 115 144 74 44 507
1155.0 134 123 147 62 44 510
1160.0 126 125 145 68 47 511
1165.0 119 122 143 73 44 501
1170.0 111 114 139 75 45 484
1175.0 116 107 147 72 47 489
1180.0 112 113 149 71 44 489
1185.0 109 106 146 68 45 474
1190.0 106 92 141 67 43 449
1195.0 96 94 143 64 43 440
1200.0 90 105 135 60 36 426
1205.0 94 96 131 51 32 404
1210.0 87 95 119 54 30 385
1215.0 78 94 120 51 30 373
1220.0 67 87 113 54 32 353
1225.0 68 85 111 46 29 339
1230.0 70 82 105 39 30 326
1235.0 66 71 95 37 26 295
1240.0 63 65 82 36 24 270
1245.0 63 60 82 31 22 258
1250.0 57 53 82 31 21 244
1255.0 47 47 74 30 21 219
1260.0 40 40 70 25 21 196
1265.0 43 34 72 22 21 192
1270.0 45 26 65 18 19 173
1275.0 42 28 55 14 16 155
1280.0 37 36 48 16 15 152
1285.0 33 36 47 16 14 146
1290.0 30 32 36 16 15 129
1295.0 24 27 34 15 14 114
1300.0 23 25 27 15 12 102
1305.0 23 20 27 13 11 94
1310.0 25 18 22 10 11 86
1315.0 23 16 18 9 8 74
1320.0 17 11 20 8 7 63
1325.0 19 12 19 7 7 64
1330.0 15 6 18 8 7 54
1335.0 13 6 15 6 5 45
1340.0 10 5 15 6 4 40
1345.0 11 6 10 4 3 34
1350.0 12 3 11 2 2 30
1355.0 10 2 10 3 1 26
1360.0 8 3 8 1 1 21
1365.0 6 4 7 1 1 19
1370.0 5 2 8 1 1 17
1375.0 4 1 10 2 1 18
1380.0 5 1 7 2 1 16
1385.0 5 1 5 2 1 14
1390.0 5 1 4 2 1 13
1395.0 4 1 2 1 1 9
1400.0 4 2 1 1 1 9
1405.0 4 3 1 1 1 10
1410.0 4 2 3 1 1 11
1415.0 4 2 2 1 1 10
1420.0 3 2 2 0 1 8
1425.0 2 2 2 0 1 7
1430.0 1 2 1 1 1 6
1435.0 1 2 1 1 1 6
