5.0 0 0 0 0 0 0
10.0 0 0 0 0 0 0
15.0 0 0 0 0 0 0
20.0 0 0 0 0 0 0
25.0 0 0 0 0 0 0
30.0 0 0 0 0 0 0
35.0 0 0 0 0 0 0
40.0 0 0 0 0 0 0
45.0 0 0 0 0 0 0
50.0 0 0 0 0 0 0
55.0 0 0 0 0 0 0
60.0 0 0 0 0 0 0
65.0 0 0 0 0 0 0
70.0 0 0 0 0 0 0
75.0 0 0 0 0 0 0
80.0 0 0 0 0 0 0
85.0 0 0 0 0 0 0
90.0 0 0 0 0 0 0
95.0 0 0 0 0 0 0
100.0 0 0 0 0 0 0
105.0 0 0 0 0 0 0
110.0 0 0 0 0 0 0
115.0 0 0 0 0 0 0
120.0 0 0 0 0 0 0
125.0 0 0 0 0 0 0
130.0 0 0 0 0 0 0
135.0 0 0 0 0 0 0
140.0 0 0 0 0 0 0
145.0 0 0 0 0 0 0
150.0 0 0 0 0 0 0
155.0 0 0 0 0 0 0
160.0 0 0 0 0 0 0
165.0 0 0 0 0 0 0
170.0 0 0 0 0 0 0
175.0 0 0 0 0 0 0
180.0 0 0 0 0 0 0
185.0 0 0 0 0 0 0
190.0 0 0 0 0 0 0
195.0 0 0 0 0 0 0
200.0 0 0 0 0 0 0
205.0 0 0 0 0 0 0
210.0 0 0 0 0 0 0
215.0 0 0 0 0 0 0
220.0 0 0 0 0 0 0
225.0 0 0 0 0 0 0
230.0 0 0 0 0 0 0
235.0 0 0 0 0 0 0
240.0 0 0 0 0 0 0
245.0 0 0 0 0 0 0
250.0 0 0 0 0 0 0
255.0 0 0 0 0 0 0
260.0 0 0 0 0 0 0
265.0 0 0 0 0 0 0
270.0 0 0 0 0 0 0
275.0 0 0 0 0 0 0
280.0 0 0 0 0 0 0
285.0 0 0 0 0 0 0
290.0 0 0 0 0 0 0
295.0 0 0 0 0 0 0
300.0 0 0 0 0 0 0
305.0 0 0 0 0 0 0
310.0 0 0 0 0 0 0
315.0 0 0 0 0 0 0
320.0 0 0 0 0 0 0
325.0 0 0 0 0 0 0
330.0 0 0 0 0 0 0
335.0 0 0 0 0 0 0
340.0 0 0 0 0 0 0
345.0 0 0 0 0 0 0
350.0 0 0 0 0 0 0
355.0 0 0 0 0 0 0
360.0 0 0 0 0 0 0
365.0 0 0 0 0 0 0
370.0 0 0 0 0 0 0
375.0 0 0 0 0 0 0
380.0 0 0 0 0 0 0
385.0 0 0 0 0 0 0
390.0 0 0 0 0 0 0
395.0 0 0 0 0 0 0
400.0 0 0 0 0 0 0
405.0 0 1 0 0 0 1
410.0 0 1 0 0 0 1
415.0 0 0 0 0 0 0
420.0 0 0 0 0 0 0
425.0 0 0 0 0 0 0
430.0 0 0 0 0 1 1
435.0 0 0 0 0 1 1
440.0 0 0 0 0 1 1
445.0 0 0 0 0 1 1
450.0 0 1 0 0 1 2
455.0 0 1 0 0 1 2
460.0 0 1 1 0 1 3
465.0 1 1 1 0 1 4
470.0 1 1 1 0 1 4
475.0 1 1 1 0 1 4
480.0 1 1 1 0 1 4
485.0 1 1 0 0 1 3
490.0 1 0 0 0 1 2
495.0 1 0 0 0 1 2
500.0 0 0 0 1 0 1
505.0 0 0 0 1 0 1
510.0 0 0 0 1 0 1
515.0 0 0 0 1 0 1
520.0 1 0 1 0 0 2
525.0 1 0 1 0 0 2
530.0 1 0 1 0 0 2
535.0 1 0 1 0 0 2
540.0 2 0 1 0 0 3
545.0 2 0 1 0 1 4
550.0 2 1 1 0 1 5
555.0 2 1 1 0 1 5
560.0 1 1 1 1 1 5
565.0 1 1 2 1 1 6
570.0 1 1 2 2 1 7
575.0 1 1 1 2 1 6
580.0 1 1 1 2 1 6
585.0 2 3 1 1 1 8
590.0 2 3 2 1 0 8
595.0 1 4 3 2 0 10
600.0 1 4 3 1 0 9
605.0 1 5 2 1 0 9
610.0 1 5 2 1 0 9
615.0 0 5 2 1 0 8
620.0 0 5 2 2 0 9
625.0 0 4 2 1 0 7
630.0 1 4 2 1 0 8
635.0 1 3 2 1 0 7
640.0 1 3 2 1 1 8
645.0 1 3 2 1 1 8
650.0 1 3 2 1 1 8
655.0 1 3 4 1 1 10
660.0 1 3 5 1 1 11
665.0 1 2 5 1 1 10
670.0 1 1 5 1 2 10
675.0 1 1 5 1 2 10
680.0 2 1 5 1 2 11
685.0 3 1 3 0 2 9
690.0 3 1 3 0 2 9
695.0 3 1 3 0 1 8
700.0 2 1 3 0 1 7
705.0 2 2 3 0 1 8
710.0 1 2 3 0 0 6
715.0 1 2 2 0 0 5
720.0 1 2 2 0 0 5
725.0 0 3 4 0 0 7
730.0 0 3 3 0 0 6
735.0 0 3 3 0 0 6
740.0 1 3 2 0 0 6
745.0 1 3 2 0 0 6
750.0 0 4 0 0 0 4
755.0 0 4 0 0 0 4
760.0 0 3 0 0 1 4
765.0 0 2 0 1 1 4
770.0 0 1 1 1 1 4
775.0 0 0 3 0 1 4
780.0 0 0 3 0 0 3
785.0 0 1 2 1 0 4
790.0 0 1 2 1 0 4
795.0 0 1 2 1 0 4
800.0 1 2 2 0 0 5
805.0 1 2 2 0 0 5
810.0 1 3 1 0 0 5
815.0 1 2 1 0 0 4
820.0 1 2 1 0 0 4
825.0 1 2 1 0 0 4
830.0 1 2 2 0 0 5
835.0 1 2 2 1 0 6
840.0 2 2 2 1 1 8
845.0 2 2 1 1 1 7
850.0 2 2 1 1 1 7
855.0 3 2 1 1 1 8
860.0 3 2 2 1 1 9
865.0 3 2 2 1 1 9
870.0 1 2 2 2 1 8
875.0 1 2 2 2 1 8
880.0 1 2 2 0 1 6
885.0 1 2 2 0 1 6
890.0 1 2 1 0 1 5
895.0 1 2 1 0 1 5
900.0 1 1 1 0 1 4
905.0 2 1 1 0 1 5
910.0 2 2 1 0 1 6
915.0 2 3 1 0 0 6
920.0 3 3 1 0 0 7
925.0 3 3 2 0 0 8
930.0 3 1 3 0 0 7
935.0 4 2 3 0 0 9
940.0 4 2 4 0 0 10
945.0 4 2 3 0 0 9
950.0 4 2 4 0 1 11
955.0 3 4 4 0 1 12
960.0 3 4 4 0 1 12
965.0 2 5 4 0 0 11
970.0 2 5 4 0 0 11
975.0 1 5 4 0 0 10
980.0 1 4 5 0 0 10
985.0 1 4 6 0 0 11
990.0 1 5 6 0 0 12
995.0 1 5 6 0 0 12
1000.0 1 4 5 1 0 11
1005.0 2 4 4 1 0 11
1010.0 2 4 4 1 0 11
1015.0 2 3 4 2 0 11
1020.0 2 3 4 2 0 11
1025.0 2 3 5 2 0 12
1030.0 2 4 4 2 0 12
1035.0 3 3 4 1 0 11
1040.0 3 3 4 1 0 11
1045.0 2 2 2 2 0 8
1050.0 1 2 2 2 0 7
1055.0 3 2 2 1 0 8
1060.0 3 1 2 2 0 8
1065.0 3 0 3 2 0 8
1070.0 3 2 3 2 1 11
1075.0 3 2 3 2 1 11
1080.0 2 2 3 2 0 9
1085.0 1 2 3 1 0 7
1090.0 0 2 3 2 1 8
1095.0 0 4 2 2 1 9
1100.0 0 4 2 2 1 9
1105.0 1 3 2 2 1 9
1110.0 3 2 1 1 3 10
1115.0 3 1 1 1 4 10
1120.0 3 1 1 2 4 11
1125.0 3 1 1 2 4 11
1130.0 3 1 2 2 4 12
1135.0 2 1 4 3 4 14
1140.0 1 1 5 1 4 12
1145.0 4 1 4 1 4 14
1150.0 5 1 3 1 4 14
1155.0 6 0 3 2 4 15
1160.0 7 0 3 2 4 16
1165.0 7 0 3 0 4 14
1170.0 7 0 3 0 3 13
1175.0 6 0 3 0 3 12
1180.0 5 1 2 1 3 12
1185.0 5 1 1 1 2 10
1190.0 5 2 2 2 2 13
1195.0 4 2 1 2 2 11
1200.0 3 2 1 2 2 10
1205.0 2 3 1 1 2 9
1210.0 2 2 1 1 2 8
1215.0 2 2 1 1 2 8
1220.0 2 2 1 1 2 8
1225.0 2 2 0 1 2 7
1230.0 3 1 1 1 1 7
1235.0 2 1 2 1 1 7
1240.0 1 0 2 2 0 5
1245.0 0 0 3 2 0 5
1250.0 0 0 2 2 0 4
1255.0 0 0 2 2 0 4
1260.0 1 0 2 2 0 5
1265.0 1 0 2 0 0 3
1270.0 1 0 2 0 0 3
1275.0 1 0 2 0 0 3
1280.0 1 0 2 0 0 3
1285.0 1 2 1 1 0 5
1290.0 1 2 1 1 0 5
1295.0 0 1 2 1 0 4
1300.0 0 1 1 1 0 3
1305.0 0 1 1 0 0 2
1310.0 0 0 1 0 0 1
1315.0 0 0 0 0 0 0
1320.0 0 0 0 0 0 0
1325.0 0 0 0 0 0 0
1330.0 0 0 0 0 0 0
1335.0 0 0 0 0 0 0
1340.0 0 0 0 0 0 0
1345.0 0 0 0 0 0 0
1350.0 0 0 0 0 0 0
1355.0 0 0 0 0 0 0
1360.0 0 0 0 0 0 0
1365.0 0 0 0 0 0 0
1370.0 0 0 0 0 0 0
1375.0 0 0 0 0 0 0
1380.0 0 0 0 0 0 0
1385.0 0 0 0 0 0 0
1390.0 0 0 0 0 0 0
1395.0 0 0 0 0 0 0
1400.0 0 0 0 0 0 0
1405.0 0 0 0 0 0 0
1410.0 0 0 0 0 0 0
1415.0 0 0 0 0 0 0
1420.0 0 0 0 0 0 0
1425.0 0 0 0 0 0 0
1430.0 0 0 0 0 0 0
1435.0 0 0 0 0 0 0
