5.0 0 0 0 0 0 0
10.0 0 0 0 0 0 0
15.0 0 0 0 0 0 0
20.0 0 0 0 0 0 0
25.0 0 0 0 0 0 0
30.0 0 0 0 0 0 0
35.0 0 0 0 0 0 0
40.0 0 0 0 0 0 0
45.0 0 0 0 0 0 0
50.0 0 0 0 0 0 0
55.0 0 0 0 0 0 0
60.0 0 0 0 0 0 0
65.0 0 0 0 0 0 0
70.0 0 0 0 0 0 0
75.0 0 0 0 0 0 0
80.0 0 0 0 0 0 0
85.0 0 0 0 0 0 0
90.0 0 0 0 0 0 0
95.0 0 0 0 0 0 0
100.0 0 0 0 0 0 0
105.0 0 0 0 0 0 0
110.0 0 0 0 0 0 0
115.0 0 0 0 0 0 0
120.0 0 0 0 0 0 0
125.0 0 0 0 0 0 0
130.0 0 0 0 0 0 0
135.0 0 0 0 0 0 0
140.0 0 0 0 0 0 0
145.0 0 0 0 0 0 0
150.0 0 0 0 0 0 0
155.0 0 0 0 0 0 0
160.0 0 0 0 0 0 0
165.0 0 0 0 0 0 0
170.0 0 0 0 0 0 0
175.0 0 0 0 0 0 0
180.0 0 0 0 0 0 0
185.0 0 0 0 0 0 0
190.0 0 0 0 0 0 0
195.0 0 0 0 0 0 0
200.0 0 0 0 0 0 0
205.0 0 0 0 0 0 0
210.0 0 0 0 0 0 0
215.0 0 0 0 0 0 0
220.0 0 0 0 0 0 0
225.0 0 0 0 0 0 0
230.0 0 0 0 0 0 0
235.0 0 0 0 0 0 0
240.0 0 0 0 0 0 0
245.0 0 0 0 0 0 0
250.0 0 0 0 0 0 0
255.0 0 0 0 0 0 0
260.0 0 0 0 0 0 0
265.0 0 0 0 0 0 0
270.0 0 0 0 0 0 0
275.0 0 0 0 0 0 0
280.0 0 0 0 0 0 0
285.0 0 0 0 0 0 0
290.0 0 0 0 0 0 0
295.0 0 0 0 0 0 0
300.0 0 0 0 0 0 0
305.0 0 0 0 0 0 0
310.0 0 0 0 0 0 0
315.0 0 0 0 0 0 0
320.0 0 0 0 0 0 0
325.0 0 0 0 0 0 0
330.0 0 0 0 0 0 0
335.0 0 0 0 0 0 0
340.0 0 0 0 0 0 0
345.0 0 0 0 0 0 0
350.0 0 0 0 0 0 0
355.0 0 0 0 0 0 0
360.0 0 0 0 0 0 0
365.0 0 0 0 0 0 0
370.0 0 0 0 0 0 0
375.0 0 0 0 1 0 1
380.0 0 0 0 1 1 2
385.0 0 0 0 1 1 2
390.0 0 0 0 2 1 3
395.0 0 0 0 2 1 3
400.0 0 0 0 2 1 3
405.0 0 0 0 2 1 3
410.0 1 0 0 2 1 4
415.0 1 0 0 2 1 4
420.0 0 0 0 2 1 3
425.0 0 0 0 2 0 2
430.0 0 0 0 2 0 2
435.0 0 0 0 2 0 2
440.0 2 0 0 2 0 4
445.0 2 0 0 2 0 4
450.0 3 0 0 2 0 5
455.0 3 0 0 2 0 5
460.0 1 2 0 2 0 5
465.0 1 2 0 3 0 6
470.0 1 2 0 3 0 6
475.0 1 2 0 3 0 6
480.0 1 1 0 3 0 5
485.0 1 1 0 3 0 5
490.0 1 1 1 3 0 6
495.0 1 1 1 3 1 7
500.0 1 2 1 2 1 7
505.0 0 2 2 1 1 6
510.0 0 2 2 2 1 7
515.0 1 4 2 1 1 9
520.0 1 6 2 1 1 11
525.0 1 6 1 1 1 10
530.0 1 6 1 2 1 11
535.0 1 7 1 2 1 12
540.0 1 7 1 3 1 13
545.0 1 7 1 4 1 14
550.0 1 7 1 4 1 14
555.0 1 7 2 4 1 15
560.0 0 7 2 4 2 15
565.0 0 6 3 4 2 15
570.0 1 7 3 3 2 16
575.0 2 7 5 2 2 18
580.0 3 8 4 2 2 19
585.0 3 9 4 3 2 21
590.0 2 6 6 3 3 20
595.0 5 5 7 3 3 23
600.0 5 5 7 2 3 22
605.0 5 5 6 2 2 20
610.0 4 5 5 2 1 17
615.0 4 6 5 2 2 19
620.0 4 6 5 2 2 19
625.0 3 4 6 3 2 18
630.0 2 6 8 1 2 19
635.0 1 6 8 1 2 18
640.0 2 5 8 0 2 17
645.0 2 5 6 2 2 17
650.0 3 6 5 3 2 19
655.0 3 5 5 3 3 19
660.0 3 5 4 4 3 19
665.0 2 6 4 3 4 19
670.0 2 5 4 3 4 18
675.0 2 4 4 3 5 18
680.0 2 2 7 3 5 19
685.0 2 3 6 0 5 16
690.0 2 4 5 0 5 16
695.0 1 3 4 1 6 15
700.0 1 2 4 3 5 15
705.0 1 4 2 4 3 14
710.0 1 5 2 3 3 14
715.0 2 5 5 2 3 17
720.0 2 6 5 2 3 18
725.0 2 5 6 3 2 18
730.0 0 4 7 3 2 16
735.0 0 4 7 3 1 15
740.0 0 3 7 3 1 14
745.0 1 3 6 4 1 15
750.0 1 4 5 4 1 15
755.0 1 4 5 2 1 13
760.0 1 4 6 2 1 14
765.0 1 4 6 3 1 15
770.0 2 4 7 3 1 17
775.0 2 5 6 3 1 17
780.0 3 5 6 4 1 19
785.0 2 3 6 3 1 15
790.0 3 4 2 3 1 13
795.0 3 4 2 3 1 13
800.0 2 4 4 3 1 14
805.0 2 4 4 4 1 15
810.0 2 4 4 5 1 16
815.0 4 5 4 3 1 17
820.0 4 5 4 3 1 17
825.0 3 4 4 3 1 15
830.0 3 4 3 3 2 15
835.0 3 4 1 3 2 13
840.0 4 5 1 3 2 15
845.0 3 4 1 3 1 12
850.0 3 3 1 3 2 12
855.0 4 3 0 2 2 11
860.0 5 3 1 2 2 13
865.0 7 2 1 2 2 14
870.0 7 3 1 2 2 15
875.0 9 2 1 2 2 16
880.0 7 2 1 2 2 14
885.0 7 2 1 2 2 14
890.0 8 4 3 2 2 19
895.0 7 5 3 3 2 20
900.0 6 6 3 4 2 21
905.0 5 6 3 3 2 19
910.0 4 5 2 4 3 18
915.0 5 5 2 4 3 19
920.0 6 5 4 3 2 20
925.0 7 4 6 3 0 20
930.0 8 3 6 4 0 21
935.0 8 3 7 4 0 22
940.0 6 3 9 3 0 21
945.0 6 2 10 4 0 22
950.0 7 2 12 4 0 25
955.0 7 1 12 3 0 23
960.0 7 2 8 3 0 20
965.0 7 2 9 3 0 21
970.0 7 2 9 2 0 20
975.0 6 4 9 1 0 20
980.0 6 5 10 1 0 22
985.0 5 7 9 1 0 22
990.0 6 6 9 0 0 21
995.0 7 6 7 0 1 21
1000.0 6 6 9 1 1 23
1005.0 5 7 9 1 1 23
1010.0 4 5 10 1 2 22
1015.0 4 7 10 2 2 25
1020.0 3 8 10 1 2 24
1025.0 3 9 9 1 1 23
1030.0 3 10 8 0 1 22
1035.0 3 8 9 0 1 21
1040.0 5 9 7 0 2 23
1045.0 5 7 7 0 1 20
1050.0 4 8 8 0 1 21
1055.0 4 5 9 0 1 19
1060.0 5 5 7 1 1 19
1065.0 3 5 8 1 1 18
1070.0 3 5 8 2 1 19
1075.0 4 4 7 3 1 19
1080.0 3 3 7 3 1 17
1085.0 5 3 6 4 1 19
1090.0 6 5 4 4 1 20
1095.0 5 5 3 4 1 18
1100.0 5 5 2 4 1 17
1105.0 5 5 2 4 1 17
1110.0 7 5 3 4 1 20
1115.0 7 4 6 4 1 22
1120.0 8 4 6 4 1 23
1125.0 8 3 5 5 1 22
1130.0 7 4 4 6 1 22
1135.0 8 4 5 4 1 22
1140.0 8 3 5 4 1 21
1145.0 5 3 7 5 1 21
1150.0 8 3 7 4 1 23
1155.0 8 4 7 3 1 23
1160.0 5 5 9 3 2 24
1165.0 5 5 7 3 2 22
1170.0 2 7 8 4 2 23
1175.0 3 7 8 4 3 25
1180.0 4 7 8 4 3 26
1185.0 5 7 6 3 3 24
1190.0 4 7 7 2 3 23
1195.0 3 5 6 2 4 20
1200.0 3 4 6 3 4 20
1205.0 3 4 6 3 4 20
1210.0 4 4 5 3 3 19
1215.0 4 3 3 1 3 14
1220.0 3 1 3 2 3 12
1225.0 3 1 3 2 2 11
1230.0 3 3 3 2 3 14
1235.0 3 3 3 2 3 14
1240.0 3 2 3 2 3 13
1245.0 3 3 2 2 2 12
1250.0 2 4 1 2 2 11
1255.0 2 4 2 1 2 11
1260.0 2 3 1 1 2 9
1265.0 1 2 2 1 2 8
1270.0 0 3 2 2 2 9
1275.0 0 2 2 3 2 9
1280.0 0 2 2 2 2 8
1285.0 0 2 4 2 2 10
1290.0 0 2 4 2 2 10
1295.0 0 3 4 3 2 12
1300.0 0 3 4 2 2 11
1305.0 0 3 2 1 2 8
1310.0 0 1 1 1 2 5
1315.0 0 1 1 1 2 5
1320.0 1 0 1 1 1 4
1325.0 0 0 1 1 1 3
1330.0 1 0 1 1 1 4
1335.0 1 0 1 1 1 4
1340.0 0 0 1 1 1 3
1345.0 0 0 0 1 1 2
1350.0 0 0 0 1 1 2
1355.0 0 0 0 1 1 2
1360.0 0 0 0 1 1 2
1365.0 0 0 0 1 1 2
1370.0 0 1 0 0 1 2
1375.0 0 0 0 0 1 1
1380.0 0 0 0 0 1 1
1385.0 0 0 0 0 1 1
1390.0 0 0 0 0 1 1
1395.0 0 0 0 0 0 0
1400.0 0 0 0 0 0 0
1405.0 0 0 0 0 0 0
1410.0 0 0 0 0 0 0
1415.0 0 0 0 0 0 0
1420.0 0 0 0 0 0 0
1425.0 0 0 0 0 0 0
1430.0 0 0 0 0 0 0
1435.0 0 0 0 0 0 0
