5.0 0 0 0 0 0 0
10.0 0 0 0 0 0 0
15.0 0 0 0 0 0 0
20.0 0 0 0 0 0 0
25.0 0 0 0 0 0 0
30.0 0 0 0 0 0 0
35.0 0 0 0 0 0 0
40.0 0 0 0 0 0 0
45.0 0 0 0 0 0 0
50.0 0 0 0 0 0 0
55.0 0 0 0 0 0 0
60.0 0 0 0 0 0 0
65.0 0 0 0 0 0 0
70.0 0 0 0 0 0 0
75.0 0 0 0 0 0 0
80.0 0 0 0 0 0 0
85.0 0 0 0 0 0 0
90.0 0 0 0 0 0 0
95.0 0 0 0 0 0 0
100.0 0 0 0 0 0 0
105.0 0 0 0 0 0 0
110.0 0 0 0 0 0 0
115.0 0 0 0 0 0 0
120.0 0 0 0 0 0 0
125.0 0 0 0 0 0 0
130.0 0 0 0 0 0 0
135.0 0 0 0 0 0 0
140.0 0 0 0 0 0 0
145.0 0 0 0 0 0 0
150.0 0 0 0 0 0 0
155.0 0 0 0 0 0 0
160.0 0 0 0 0 0 0
165.0 0 0 0 0 0 0
170.0 0 0 0 0 0 0
175.0 0 0 0 0 0 0
180.0 0 0 0 0 0 0
185.0 0 0 0 0 0 0
190.0 0 0 0 0 0 0
195.0 0 0 0 0 0 0
200.0 0 0 0 0 0 0
205.0 0 0 0 0 0 0
210.0 0 0 0 0 0 0
215.0 0 0 0 0 0 0
220.0 0 0 0 0 0 0
225.0 0 0 0 0 0 0
230.0 0 0 0 0 0 0
235.0 0 0 0 0 0 0
240.0 0 0 0 0 0 0
245.0 0 0 0 0 0 0
250.0 0 0 0 0 0 0
255.0 0 0 0 0 0 0
260.0 0 0 0 0 0 0
265.0 0 0 0 0 0 0
270.0 0 0 0 0 0 0
275.0 0 0 0 0 0 0
280.0 0 0 0 0 0 0
285.0 0 0 0 0 0 0
290.0 0 0 0 0 0 0
295.0 0 1 0 0 0 1
300.0 0 1 0 0 0 1
305.0 0 1 0 0 0 1
310.0 0 1 0 0 0 1
315.0 0 1 0 0 0 1
320.0 0 1 0 0 0 1
325.0 0 2 0 0 0 2
330.0 0 2 0 0 0 2
335.0 0 2 0 0 0 2
340.0 0 2 0 0 0 2
345.0 1 2 2 0 0 5
350.0 1 2 2 0 0 5
355.0 4 3 2 0 0 9
360.0 4 3 2 0 0 9
365.0 5 3 2 0 0 10
370.0 5 3 3 0 0 11
375.0 3 3 3 1 0 10
380.0 3 3 3 1 0 10
385.0 4 3 2 1 0 10
390.0 3 3 2 1 0 9
395.0 3 3 2 2 0 10
400.0 2 3 3 5 1 14
405.0 2 6 4 5 1 18
410.0 2 5 5 5 1 18
415.0 3 5 3 3 0 14
420.0 5 5 3 4 0 17
425.0 7 6 3 4 0 20
430.0 7 8 4 4 0 23
435.0 6 8 7 5 0 26
440.0 6 8 9 5 1 29
445.0 6 10 9 7 1 33
450.0 8 11 8 7 2 36
455.0 9 11 8 7 2 37
460.0 10 12 10 8 2 42
465.0 11 16 11 8 2 48
470.0 11 17 13 8 1 50
475.0 13 16 13 9 2 53
480.0 12 17 14 9 3 55
485.0 15 19 15 11 4 64
490.0 17 16 15 10 6 64
495.0 16 13 15 11 7 62
500.0 18 12 18 11 7 66
505.0 17 10 19 13 8 67
510.0 17 11 18 13 9 68
515.0 22 10 23 12 11 78
520.0 19 15 22 17 13 86
525.0 19 18 21 14 15 87
530.0 24 19 21 16 14 94
535.0 26 21 23 14 15 99
540.0 25 25 24 14 16 104
545.0 26 22 24 11 18 101
550.0 26 21 23 13 17 100
555.0 27 18 25 15 18 103
560.0 25 15 28 17 17 102
565.0 29 16 29 16 16 106
570.0 30 14 29 16 14 103
575.0 33 16 26 17 13 105
580.0 33 19 31 15 13 111
585.0 34 23 34 15 13 119
590.0 31 26 43 12 14 126
595.0 32 35 45 15 14 141
600.0 36 43 44 15 14 152
605.0 38 45 43 16 15 157
610.0 34 44 44 19 16 157
615.0 39 40 39 18 16 152
620.0 40 37 39 21 16 153
625.0 34 38 43 24 17 156
630.0 31 43 40 24 18 156
635.0 33 42 44 23 18 160
640.0 34 42 42 24 15 157
645.0 33 40 44 26 13 156
650.0 40 37 44 24 13 158
655.0 41 34 42 23 13 153
660.0 38 35 42 21 13 149
665.0 40 28 40 25 12 145
670.0 33 30 38 27 10 138
675.0 34 32 42 22 10 140
680.0 34 31 39 21 10 135
685.0 38 28 35 22 11 134
690.0 33 31 32 28 11 135
695.0 33 31 34 26 11 135
700.0 33 33 32 24 11 133
705.0 37 32 35 23 11 138
710.0 34 28 42 23 11 138
715.0 29 27 39 20 12 127
720.0 27 26 36 21 14 124
725.0 26 25 30 21 16 118
730.0 26 26 26 21 16 115
735.0 26 28 26 18 14 112
740.0 23 26 28 20 14 111
745.0 25 29 29 19 13 115
750.0 25 26 30 16 11 108
755.0 23 29 28 14 11 105
760.0 26 28 31 13 10 108
765.0 23 26 30 17 12 108
770.0 24 19 26 19 15 103
775.0 22 22 25 19 15 103
780.0 21 29 26 17 13 106
785.0 23 29 23 16 13 104
790.0 23 27 25 15 14 104
795.0 26 25 30 14 15 110
800.0 30 25 37 14 14 120
805.0 30 27 36 11 11 115
810.0 29 27 34 12 9 111
815.0 28 22 34 11 11 106
820.0 27 23 30 12 11 103
825.0 26 25 26 11 12 100
830.0 28 27 22 8 13 98
835.0 27 31 25 8 13 104
840.0 30 34 30 11 14 119
845.0 30 32 33 14 14 123
850.0 30 32 33 12 14 121
855.0 27 31 38 12 14 122
860.0 25 35 34 13 15 122
865.0 29 36 33 13 14 125
870.0 26 42 35 14 13 130
875.0 29 38 33 16 15 131
880.0 26 40 34 19 16 135
885.0 26 38 37 18 14 133
890.0 27 33 38 18 12 128
895.0 30 35 36 15 13 129
900.0 29 34 35 13 13 124
905.0 29 37 35 12 13 126
910.0 31 37 37 14 13 132
915.0 40 36 38 13 11 138
920.0 38 38 38 17 11 142
925.0 36 39 41 20 9 145
930.0 36 35 44 19 9 143
935.0 39 38 47 20 10 154
940.0 30 36 50 22 11 149
945.0 30 32 49 22 11 144
950.0 31 30 46 21 11 139
955.0 30 33 45 24 12 144
960.0 30 35 34 22 15 136
965.0 30 34 31 22 15 132
970.0 28 38 30 22 16 134
975.0 30 42 32 20 15 139
980.0 28 45 32 20 15 140
985.0 31 50 35 19 16 151
990.0 29 54 35 21 15 154
995.0 31 53 37 20 19 160
1000.0 33 51 40 22 21 167
1005.0 35 44 39 21 21 160
1010.0 39 43 38 20 19 159
1015.0 38 39 33 17 17 144
1020.0 35 36 32 18 19 140
1025.0 37 38 34 16 17 142
1030.0 33 40 33 17 16 139
1035.0 33 43 34 19 15 144
1040.0 31 40 36 18 14 139
1045.0 29 42 35 19 14 139
1050.0 34 40 36 19 15 144
1055.0 34 36 38 19 16 143
1060.0 32 38 37 20 18 145
1065.0 32 43 42 24 16 157
1070.0 30 43 40 25 18 156
1075.0 30 40 42 26 18 156
1080.0 30 38 42 24 19 153
1085.0 32 39 36 22 20 149
1090.0 34 37 44 20 19 154
1095.0 34 35 39 20 21 149
1100.0 27 37 41 22 22 149
1105.0 26 32 47 25 23 153
1110.0 26 27 50 27 21 151
1115.0 27 27 51 25 20 150
1120.0 25 29 55 24 18 151
1125.0 24 35 53 20 22 154
1130.0 19 33 52 22 21 147
1135.0 20 31 53 23 20 147
1140.0 27 31 46 25 19 148
1145.0 27 30 44 24 21 146
1150.0 28 32 44 23 20 147
1155.0 29 32 46 21 18 146
1160.0 28 36 47 19 17 147
1165.0 27 40 49 19 13 148
1170.0 27 39 45 17 13 141
1175.0 28 41 45 17 17 148
1180.0 29 39 45 16 18 147
1185.0 32 38 42 13 15 140
1190.0 35 36 40 10 15 136
1195.0 36 34 42 10 12 134
1200.0 30 32 50 13 10 135
1205.0 23 29 44 15 10 121
1210.0 23 29 37 16 11 116
1215.0 24 28 37 16 10 115
1220.0 21 31 33 18 10 113
1225.0 22 28 29 15 13 107
1230.0 19 24 27 14 15 99
1235.0 16 30 26 13 13 98
1240.0 17 26 22 9 14 88
1245.0 16 22 20 9 13 80
1250.0 14 20 19 10 14 77
1255.0 16 14 17 10 13 70
1260.0 17 13 13 8 12 63
1265.0 17 15 12 7 10 61
1270.0 13 12 12 6 9 52
1275.0 10 10 10 7 7 44
1280.0 10 11 9 8 6 44
1285.0 10 7 9 9 5 40
1290.0 11 7 9 6 5 38
1295.0 10 10 10 6 6 42
1300.0 6 11 11 6 7 41
1305.0 6 8 9 5 6 34
1310.0 4 9 5 5 6 29
1315.0 4 9 4 3 4 24
1320.0 4 9 4 2 3 22
1325.0 4 6 6 1 3 20
1330.0 4 8 7 1 3 23
1335.0 1 7 4 2 3 17
1340.0 1 4 3 1 3 12
1345.0 2 3 3 1 3 12
1350.0 1 4 2 0 2 9
1355.0 1 3 1 1 2 8
1360.0 1 1 1 1 2 6
1365.0 1 0 0 0 1 2
1370.0 1 0 0 0 1 2
1375.0 2 0 0 0 1 3
1380.0 2 0 0 0 1 3
1385.0 2 0 1 0 0 3
1390.0 2 0 1 0 0 3
1395.0 2 0 1 0 0 3
1400.0 1 1 2 0 0 4
1405.0 0 1 2 0 0 3
1410.0 0 0 2 0 0 2
1415.0 0 0 0 0 0 0
1420.0 0 0 0 0 0 0
1425.0 0 0 0 0 0 0
1430.0 0 0 0 0 0 0
1435.0 0 0 0 0 0 0
