5.0 0 0 0 0 0 0
10.0 0 0 0 0 0 0
15.0 0 0 0 0 0 0
20.0 0 0 0 0 0 0
25.0 0 0 0 0 0 0
30.0 0 0 0 0 0 0
35.0 0 0 0 0 0 0
40.0 0 0 0 0 0 0
45.0 0 0 0 0 0 0
50.0 0 0 0 0 0 0
55.0 0 0 0 0 0 0
60.0 0 0 0 0 0 0
65.0 0 0 0 0 0 0
70.0 0 0 0 0 0 0
75.0 0 0 0 0 0 0
80.0 0 0 0 0 0 0
85.0 0 0 0 0 0 0
90.0 0 0 0 0 0 0
95.0 0 0 0 0 0 0
100.0 0 0 0 0 0 0
105.0 0 0 0 0 0 0
110.0 0 0 0 0 0 0
115.0 0 0 0 0 0 0
120.0 0 0 0 0 0 0
125.0 0 0 0 0 0 0
130.0 0 0 0 0 0 0
135.0 0 0 0 0 0 0
140.0 0 0 0 0 0 0
145.0 0 0 0 0 0 0
150.0 0 0 0 0 0 0
155.0 0 0 0 0 0 0
160.0 0 0 0 0 0 0
165.0 0 0 0 0 0 0
170.0 0 0 0 0 0 0
175.0 0 0 0 0 0 0
180.0 0 0 0 0 0 0
185.0 0 0 0 0 0 0
190.0 0 0 0 0 0 0
195.0 0 0 0 0 0 0
200.0 0 0 0 0 0 0
205.0 0 0 0 0 0 0
210.0 0 0 0 0 0 0
215.0 0 0 0 0 0 0
220.0 0 0 0 0 0 0
225.0 0 0 0 0 0 0
230.0 0 0 0 0 0 0
235.0 0 0 0 0 0 0
240.0 0 0 0 0 0 0
245.0 0 0 0 0 0 0
250.0 0 0 0 0 0 0
255.0 0 0 0 0 0 0
260.0 0 0 0 0 0 0
265.0 0 0 1 0 0 1
270.0 0 0 1 0 0 1
275.0 0 0 1 0 1 2
280.0 0 0 1 0 1 2
285.0 0 0 1 0 1 2
290.0 0 0 1 0 1 2
295.0 0 0 1 0 1 2
300.0 0 1 1 0 1 3
305.0 0 1 1 0 1 3
310.0 0 3 1 0 1 5
315.0 0 2 2 0 0 4
320.0 0 2 2 0 0 4
325.0 0 2 3 1 0 6
330.0 0 2 4 1 0 7
335.0 1 2 5 2 0 10
340.0 1 2 5 4 0 12
345.0 1 2 6 5 0 14
350.0 2 2 7 4 0 15
355.0 2 4 7 3 1 17
360.0 2 4 7 4 1 18
365.0 5 4 9 3 1 22
370.0 5 5 9 2 1 22
375.0 8 5 9 1 1 24
380.0 9 6 13 1 2 31
385.0 8 6 13 1 2 30
390.0 7 14 9 3 3 36
395.0 5 15 9 3 6 38
400.0 6 14 10 3 6 39
405.0 6 13 12 2 5 38
410.0 11 15 12 3 6 47
415.0 15 19 17 3 6 60
420.0 19 21 19 6 9 74
425.0 21 27 20 6 13 87
430.0 21 26 21 8 15 91
435.0 23 22 17 9 15 86
440.0 21 24 20 11 17 93
445.0 18 25 22 13 16 94
450.0 19 28 30 13 19 109
455.0 23 34 37 15 20 129
460.0 26 39 45 15 20 145
465.0 24 41 56 15 24 160
470.0 29 42 63 17 26 177
475.0 32 50 60 22 26 190
480.0 33 51 60 25 26 195
485.0 37 55 67 29 27 215
490.0 43 54 70 28 26 221
495.0 53 55 75 31 27 241
500.0 59 65 82 35 28 269
505.0 61 71 90 33 31 286
510.0 63 71 91 33 35 293
515.0 67 74 93 38 35 307
520.0 76 74 100 38 34 322
525.0 84 80 98 35 33 330
530.0 91 81 94 38 36 340
535.0 96 86 97 39 36 354
540.0 95 91 100 44 38 368
545.0 100 98 107 46 39 390
550.0 97 109 113 47 42 408
555.0 103 104 120 49 45 421
560.0 102 115 121 49 45 432
565.0 107 117 133 52 42 451
570.0 114 122 141 49 44 470
575.0 115 128 151 46 47 487
580.0 118 126 148 58 45 495
585.0 122 136 157 59 47 521
590.0 119 133 156 64 48 520
595.0 119 140 156 65 46 526
600.0 121 129 164 70 50 534
605.0 114 131 164 73 49 531
610.0 117 137 167 69 51 541
615.0 117 133 177 72 50 549
620.0 129 141 176 72 48 566
625.0 131 140 181 77 47 576
630.0 139 132 181 77 51 580
635.0 140 132 179 78 54 583
640.0 140 140 173 81 52 586
645.0 143 142 168 82 49 584
650.0 145 148 166 79 48 586
655.0 140 152 161 78 46 577
660.0 132 144 155 80 51 562
665.0 128 143 159 77 53 560
670.0 127 145 168 77 52 569
675.0 123 143 175 78 48 567
680.0 129 143 166 73 54 565
685.0 130 135 169 65 57 556
690.0 125 133 158 67 56 539
695.0 117 123 164 72 57 533
700.0 118 117 156 73 57 521
705.0 117 104 149 74 57 501
710.0 120 98 139 73 60 490
715.0 115 99 135 66 64 479
720.0 109 103 135 63 64 474
725.0 97 94 144 64 64 463
730.0 89 93 148 64 61 455
735.0 90 99 143 62 56 450
740.0 79 97 149 63 56 444
745.0 78 94 147 61 62 442
750.0 78 92 144 58 58 430
755.0 81 94 138 50 54 417
760.0 76 93 132 48 53 402
765.0 81 81 135 40 54 391
770.0 90 78 135 38 55 396
775.0 94 78 132 41 56 401
780.0 90 89 125 41 52 397
785.0 78 96 130 41 48 393
790.0 80 100 120 45 48 393
795.0 83 92 115 44 51 385
800.0 84 89 111 42 51 377
805.0 87 88 107 44 50 376
810.0 78 89 105 46 50 368
815.0 75 89 116 43 50 373
820.0 75 100 121 39 51 386
825.0 91 98 122 39 53 403
830.0 90 98 124 43 47 402
835.0 92 114 125 38 47 416
840.0 97 125 116 44 48 430
845.0 106 127 115 38 45 431
850.0 115 128 111 42 49 445
855.0 111 128 121 40 50 450
860.0 110 123 134 42 54 463
865.0 107 123 129 40 53 452
870.0 100 116 130 38 52 436
875.0 98 121 135 43 52 449
880.0 96 122 143 43 51 455
885.0 105 116 142 46 55 464
890.0 110 111 149 52 56 478
895.0 109 118 149 54 58 488
900.0 105 117 149 56 61 488
905.0 98 115 152 59 64 488
910.0 100 108 147 65 61 481
915.0 102 114 149 66 59 490
920.0 101 113 144 69 53 480
925.0 99 117 148 66 52 482
930.0 105 117 144 68 52 486
935.0 110 117 148 62 53 490
940.0 114 118 154 58 52 496
945.0 116 120 148 57 49 490
950.0 109 115 146 58 49 477
955.0 115 115 148 60 47 485
960.0 122 124 150 59 48 503
965.0 122 123 144 54 52 495
970.0 125 122 146 52 52 497
975.0 136 126 148 52 53 515
980.0 134 125 148 59 51 517
985.0 132 133 153 61 49 528
990.0 138 128 157 59 48 530
995.0 130 130 159 66 47 532
1000.0 131 139 156 70 46 542
1005.0 129 130 159 75 50 543
1010.0 127 131 157 69 53 537
1015.0 124 142 149 77 48 540
1020.0 114 147 148 76 49 534
1025.0 103 147 153 80 47 530
1030.0 104 154 142 81 50 531
1035.0 101 156 145 83 55 540
1040.0 98 150 151 82 51 532
1045.0 105 152 150 84 50 541
1050.0 110 150 172 80 49 561
1055.0 110 153 179 73 49 564
1060.0 116 156 179 75 51 577
1065.0 107 159 187 77 53 583
1070.0 106 147 195 78 55 581
1075.0 115 135 198 75 52 575
1080.0 125 135 189 68 48 565
1085.0 119 147 187 73 49 575
1090.0 110 148 190 77 50 575
1095.0 109 144 191 81 47 572
1100.0 105 145 188 80 48 566
1105.0 113 141 177 85 54 570
1110.0 118 139 178 75 57 567
1115.0 124 137 174 71 60 566
1120.0 135 139 176 68 59 577
1125.0 138 150 175 71 59 593
1130.0 146 142 186 69 62 605
1135.0 142 150 177 63 60 592
1140.0 136 143 188 65 63 595
1145.0 140 136 194 62 62 594
1150.0 151 144 189 65 60 609
1155.0 144 146 190 63 67 610
1160.0 147 144 195 63 68 617
1165.0 143 133 205 63 68 612
1170.0 129 134 204 64 64 595
1175.0 114 137 184 64 63 562
1180.0 108 135 178 63 62 546
1185.0 104 127 171 63 58 523
1190.0 103 124 172 55 56 510
1195.0 106 118 166 57 56 503
1200.0 104 108 166 56 55 489
1205.0 102 98 162 61 56 479
1210.0 105 90 158 55 52 460
1215.0 94 94 139 57 55 439
1220.0 89 99 140 57 51 436
1225.0 83 93 126 55 50 407
1230.0 74 95 123 54 49 395
1235.0 72 88 123 55 44 382
1240.0 65 95 113 52 43 368
1245.0 61 89 103 52 46 351
1250.0 67 75 97 45 44 328
1255.0 67 81 83 41 41 313
1260.0 58 75 81 41 38 293
1265.0 62 68 73 40 37 280
1270.0 55 67 75 37 33 267
1275.0 48 56 74 36 30 244
1280.0 45 50 70 31 26 222
1285.0 40 39 76 24 19 198
1290.0 34 38 75 22 19 188
1295.0 34 38 68 20 21 181
1300.0 34 38 52 14 19 157
1305.0 31 28 44 13 16 132
1310.0 32 24 39 12 15 122
1315.0 30 19 35 10 15 109
1320.0 30 19 29 9 14 101
1325.0 26 18 22 8 12 86
1330.0 19 12 24 6 10 71
1335.0 20 12 16 4 8 60
1340.0 19 11 16 3 7 56
1345.0 11 10 17 3 9 50
1350.0 8 11 16 2 9 46
1355.0 6 8 13 1 7 35
1360.0 6 7 9 1 6 29
1365.0 5 7 12 0 3 27
1370.0 4 5 13 0 3 25
1375.0 4 6 10 0 2 22
1380.0 4 5 8 0 2 19
1385.0 6 4 4 0 2 16
1390.0 4 5 3 0 2 14
1395.0 5 5 4 0 2 16
1400.0 4 5 2 0 1 12
1405.0 4 2 2 1 1 10
1410.0 2 2 2 1 1 8
1415.0 1 2 2 1 1 7
1420.0 1 2 1 1 1 6
1425.0 1 2 0 1 1 5
1430.0 0 1 0 1 2 4
1435.0 1 0 0 0 2 3
