5.0 0 0 0 0 0 0
10.0 0 0 0 0 0 0
15.0 0 0 0 0 0 0
20.0 0 0 0 0 0 0
25.0 0 0 0 0 0 0
30.0 0 0 0 0 0 0
35.0 0 0 0 0 0 0
40.0 0 0 0 0 0 0
45.0 0 0 0 0 0 0
50.0 0 0 0 0 0 0
55.0 0 0 0 0 0 0
60.0 0 0 0 0 0 0
65.0 0 0 0 0 0 0
70.0 0 0 0 0 0 0
75.0 0 0 0 0 0 0
80.0 0 0 0 0 0 0
85.0 0 0 0 0 0 0
90.0 0 0 0 0 0 0
95.0 0 0 0 0 0 0
100.0 0 0 0 0 0 0
105.0 0 0 0 0 0 0
110.0 0 0 0 0 0 0
115.0 0 0 0 0 0 0
120.0 0 0 0 0 0 0
125.0 0 0 0 0 0 0
130.0 0 0 0 0 0 0
135.0 0 0 0 0 0 0
140.0 0 0 0 0 0 0
145.0 0 0 0 0 0 0
150.0 0 0 0 0 0 0
155.0 0 0 0 0 0 0
160.0 0 0 0 0 0 0
165.0 0 0 0 0 0 0
170.0 0 0 0 0 0 0
175.0 0 0 0 0 0 0
180.0 0 0 0 0 0 0
185.0 0 0 0 0 0 0
190.0 0 0 0 0 0 0
195.0 0 0 0 0 0 0
200.0 0 0 0 0 0 0
205.0 0 0 0 0 0 0
210.0 0 0 0 0 0 0
215.0 0 0 0 0 0 0
220.0 0 0 0 0 0 0
225.0 0 0 0 0 0 0
230.0 0 0 0 0 0 0
235.0 0 0 0 0 0 0
240.0 0 0 0 0 0 0
245.0 0 0 0 0 0 0
250.0 0 0 0 0 0 0
255.0 0 0 0 0 0 0
260.0 0 0 0 0 0 0
265.0 0 0 0 0 0 0
270.0 0 0 0 0 0 0
275.0 0 0 0 0 0 0
280.0 0 0 0 0 0 0
285.0 0 0 0 1 0 1
290.0 0 0 0 1 0 1
295.0 0 0 0 1 0 1
300.0 0 0 0 1 0 1
305.0 0 0 1 0 0 1
310.0 0 1 1 0 0 2
315.0 0 2 0 0 0 2
320.0 0 2 0 0 0 2
325.0 0 2 0 0 0 2
330.0 0 2 0 0 0 2
335.0 0 2 0 0 0 2
340.0 0 2 0 0 0 2
345.0 0 2 0 0 0 2
350.0 0 3 0 0 0 3
355.0 0 3 2 0 0 5
360.0 0 3 2 0 0 5
365.0 1 2 2 0 0 5
370.0 1 3 2 0 1 7
375.0 1 4 2 0 1 8
380.0 1 4 2 0 0 7
385.0 1 4 3 2 0 10
390.0 1 3 3 3 1 11
395.0 1 4 3 3 2 13
400.0 1 5 2 5 2 15
405.0 1 6 2 5 1 15
410.0 3 7 3 4 1 18
415.0 4 10 3 5 2 24
420.0 5 13 5 5 3 31
425.0 6 15 8 4 3 36
430.0 7 16 7 5 3 38
435.0 8 15 7 5 3 38
440.0 8 14 8 6 4 40
445.0 9 13 9 8 4 43
450.0 9 12 8 11 4 44
455.0 8 13 12 11 4 48
460.0 9 18 17 9 5 58
465.0 9 21 18 9 5 62
470.0 12 22 17 9 6 66
475.0 14 23 17 9 6 69
480.0 15 25 16 10 5 71
485.0 12 24 20 11 7 74
490.0 11 25 21 11 9 77
495.0 11 28 26 12 10 87
500.0 16 32 24 12 10 94
505.0 15 31 25 17 11 99
510.0 18 30 26 16 11 101
515.0 20 32 26 18 13 109
520.0 21 34 31 21 13 120
525.0 24 39 32 20 13 128
530.0 30 39 37 14 13 133
535.0 35 38 43 15 14 145
540.0 38 38 49 17 16 158
545.0 36 38 49 17 16 156
550.0 42 40 53 20 17 172
555.0 41 40 57 22 15 175
560.0 43 38 57 22 17 177
565.0 49 38 56 23 17 183
570.0 52 43 58 19 16 188
575.0 51 49 62 18 17 197
580.0 55 53 61 18 17 204
585.0 50 59 63 20 17 209
590.0 51 57 72 16 15 211
595.0 48 52 77 15 16 208
600.0 49 51 82 14 19 215
605.0 48 50 81 16 21 216
610.0 51 47 77 16 22 213
615.0 53 44 72 18 21 208
620.0 57 47 74 20 23 221
625.0 57 47 79 22 22 227
630.0 49 53 77 24 22 225
635.0 47 55 77 20 22 221
640.0 46 60 67 24 19 216
645.0 50 57 68 24 19 218
650.0 52 53 74 29 18 226
655.0 55 57 63 27 21 223
660.0 56 58 63 28 22 227
665.0 54 60 63 25 26 228
670.0 47 62 63 27 24 223
675.0 47 62 72 28 21 230
680.0 50 58 74 25 25 232
685.0 46 51 70 27 24 218
690.0 43 51 63 30 23 210
695.0 50 54 62 25 20 211
700.0 50 56 59 29 21 215
705.0 49 52 68 28 21 218
710.0 45 53 64 28 22 212
715.0 43 50 63 27 23 206
720.0 42 47 61 28 23 201
725.0 40 38 57 27 24 186
730.0 37 44 58 22 21 182
735.0 36 46 60 20 22 184
740.0 35 43 59 17 24 178
745.0 35 41 53 16 25 170
750.0 35 40 51 18 25 169
755.0 37 44 48 17 26 172
760.0 39 44 47 15 26 171
765.0 48 46 48 12 25 179
770.0 48 44 53 11 26 182
775.0 46 41 55 10 27 179
780.0 45 37 50 12 27 171
785.0 46 37 50 11 27 171
790.0 42 37 51 16 25 171
795.0 46 41 49 20 26 182
800.0 42 43 48 23 25 181
805.0 37 45 50 26 22 180
810.0 34 47 51 26 20 178
815.0 37 51 49 27 20 184
820.0 39 51 50 27 19 186
825.0 42 52 54 23 21 192
830.0 40 55 52 22 20 189
835.0 40 57 54 23 18 192
840.0 39 48 59 24 15 185
845.0 40 52 60 23 14 189
850.0 41 55 60 23 18 197
855.0 46 46 67 17 17 193
860.0 43 45 64 20 18 190
865.0 40 43 62 23 17 185
870.0 40 52 57 27 15 191
875.0 39 46 57 30 17 189
880.0 41 50 58 28 16 193
885.0 44 49 55 31 17 196
890.0 42 53 57 30 15 197
895.0 44 52 58 34 16 204
900.0 46 51 59 31 16 203
905.0 49 50 54 27 14 194
910.0 55 52 56 25 13 201
915.0 52 51 57 23 12 195
920.0 46 58 58 26 11 199
925.0 41 56 66 29 11 203
930.0 41 62 67 26 11 207
935.0 35 65 66 31 12 209
940.0 34 64 62 32 14 206
945.0 42 72 59 33 17 223
950.0 39 66 63 37 19 224
955.0 42 61 60 34 19 216
960.0 47 59 61 35 19 221
965.0 53 55 65 36 19 228
970.0 52 57 56 37 18 220
975.0 58 55 58 39 20 230
980.0 57 58 58 38 19 230
985.0 60 54 63 33 17 227
990.0 59 54 58 32 15 218
995.0 56 51 59 29 12 207
1000.0 53 52 63 29 14 211
1005.0 59 46 64 27 13 209
1010.0 57 50 64 29 10 210
1015.0 62 47 64 28 11 212
1020.0 61 47 69 26 11 214
1025.0 62 40 67 23 14 206
1030.0 58 44 68 22 15 207
1035.0 58 49 59 22 18 206
1040.0 57 44 63 25 18 207
1045.0 61 43 71 24 15 214
1050.0 62 47 67 26 16 218
1055.0 53 48 64 29 19 213
1060.0 49 48 73 35 22 227
1065.0 48 46 79 34 24 231
1070.0 51 45 85 35 24 240
1075.0 57 43 88 31 24 243
1080.0 60 47 73 34 26 240
1085.0 57 47 75 34 26 239
1090.0 60 50 80 31 25 246
1095.0 67 54 78 34 25 258
1100.0 62 57 77 35 21 252
1105.0 65 58 75 36 23 257
1110.0 65 54 75 39 23 256
1115.0 63 57 70 41 22 253
1120.0 64 56 67 43 24 254
1125.0 69 63 60 38 25 255
1130.0 71 63 62 35 27 258
1135.0 61 62 76 35 23 257
1140.0 58 63 77 36 20 254
1145.0 59 57 78 30 18 242
1150.0 54 60 74 33 16 237
1155.0 48 66 71 33 16 234
1160.0 46 69 73 30 16 234
1165.0 42 68 69 28 17 224
1170.0 46 62 75 26 16 225
1175.0 47 56 72 27 15 217
1180.0 51 52 68 23 15 209
1185.0 46 59 55 20 15 195
1190.0 48 60 48 17 14 187
1195.0 44 62 45 18 15 184
1200.0 34 64 51 20 14 183
1205.0 28 64 54 22 18 186
1210.0 32 61 48 20 19 180
1215.0 29 60 44 18 17 168
1220.0 33 52 40 17 17 159
1225.0 31 48 36 24 18 157
1230.0 30 44 33 22 17 146
1235.0 33 43 35 22 16 149
1240.0 31 30 33 25 16 135
1245.0 27 28 31 23 14 123
1250.0 26 30 31 22 11 120
1255.0 30 29 31 17 7 114
1260.0 25 23 35 13 6 102
1265.0 22 26 33 15 6 102
1270.0 20 24 33 12 7 96
1275.0 18 22 31 12 8 91
1280.0 17 19 29 12 8 85
1285.0 18 16 27 12 7 80
1290.0 15 16 24 13 7 75
1295.0 12 15 21 11 7 66
1300.0 12 15 13 10 5 55
1305.0 9 13 11 8 5 46
1310.0 9 12 10 7 3 41
1315.0 6 11 11 6 3 37
1320.0 6 8 14 5 3 36
1325.0 6 6 12 3 3 30
1330.0 8 7 11 3 1 30
1335.0 9 6 9 1 1 26
1340.0 6 6 8 2 1 23
1345.0 6 5 6 2 1 20
1350.0 6 3 5 4 2 20
1355.0 7 5 3 2 2 19
1360.0 6 4 3 2 2 17
1365.0 5 3 2 3 1 14
1370.0 4 3 2 2 1 12
1375.0 3 2 3 2 1 11
1380.0 2 2 3 1 1 9
1385.0 1 2 2 1 0 6
1390.0 2 2 1 0 0 5
1395.0 2 2 1 0 0 5
1400.0 2 2 0 1 0 5
1405.0 1 2 0 1 0 4
1410.0 1 1 1 1 0 4
1415.0 1 0 1 1 0 3
1420.0 1 0 1 1 0 3
1425.0 1 0 0 1 0 2
1430.0 1 0 0 0 0 1
1435.0 1 0 0 0 0 1
