5.0 0 0 0 0 0 0
10.0 0 0 0 0 0 0
15.0 0 0 0 0 0 0
20.0 0 0 0 0 0 0
25.0 0 0 0 0 0 0
30.0 0 0 0 0 0 0
35.0 0 0 0 0 0 0
40.0 0 0 0 0 0 0
45.0 0 0 0 0 0 0
50.0 0 0 0 0 0 0
55.0 0 0 0 0 0 0
60.0 0 0 0 0 0 0
65.0 0 0 0 0 0 0
70.0 0 0 0 0 0 0
75.0 0 0 0 0 0 0
80.0 0 0 0 0 0 0
85.0 0 0 0 0 0 0
90.0 0 0 0 0 0 0
95.0 0 0 0 0 0 0
100.0 0 0 0 0 0 0
105.0 0 0 0 0 0 0
110.0 0 1 0 0 0 1
115.0 0 1 0 0 0 1
120.0 0 1 0 0 0 1
125.0 0 1 0 0 0 1
130.0 0 1 0 0 0 1
135.0 0 1 0 0 0 1
140.0 0 1 0 0 0 1
145.0 0 1 0 0 0 1
150.0 0 1 0 0 0 1
155.0 0 1 0 0 0 1
160.0 0 1 0 0 0 1
165.0 0 1 0 0 0 1
170.0 0 1 0 0 0 1
175.0 0 1 0 0 0 1
180.0 0 1 0 0 0 1
185.0 0 1 0 0 0 1
190.0 0 1 0 0 0 1
195.0 0 1 0 0 0 1
200.0 0 1 0 0 0 1
205.0 0 1 0 0 0 1
210.0 0 1 0 0 0 1
215.0 0 1 0 0 0 1
220.0 0 1 0 0 0 1
225.0 0 1 0 0 0 1
230.0 0 1 0 0 0 1
235.0 0 1 0 0 0 1
240.0 1 1 0 0 0 2
245.0 1 0 0 0 0 1
250.0 1 0 0 0 0 1
255.0 1 0 0 0 0 1
260.0 0 0 0 0 0 0
265.0 0 0 0 0 0 0
270.0 0 0 0 0 0 0
275.0 0 0 0 0 0 0
280.0 0 0 1 0 0 1
285.0 0 0 1 1 0 2
290.0 0 0 1 1 0 2
295.0 0 0 1 1 0 2
300.0 0 0 1 1 0 2
305.0 0 0 2 1 0 3
310.0 0 0 3 1 0 4
315.0 1 0 3 1 0 5
320.0 2 0 3 0 0 5
325.0 2 1 3 0 0 6
330.0 4 1 3 0 0 8
335.0 3 1 3 1 0 8
340.0 3 1 3 1 0 8
345.0 3 1 3 1 0 8
350.0 3 1 3 1 0 8
355.0 4 1 2 1 0 8
360.0 4 1 2 2 0 9
365.0 4 1 2 3 0 10
370.0 4 0 2 3 0 9
375.0 7 0 3 2 0 12
380.0 8 0 4 2 0 14
385.0 10 0 6 3 0 19
390.0 8 1 5 3 0 17
395.0 6 1 6 4 0 17
400.0 6 2 6 4 0 18
405.0 6 3 7 4 0 20
410.0 5 5 7 5 0 22
415.0 4 8 8 5 0 25
420.0 5 11 6 5 1 28
425.0 7 11 7 5 1 31
430.0 8 11 10 6 1 36
435.0 8 12 10 8 1 39
440.0 9 11 12 9 2 43
445.0 11 10 12 8 2 43
450.0 9 14 15 9 3 50
455.0 11 17 14 8 1 51
460.0 11 20 13 8 2 54
465.0 9 19 15 14 3 60
470.0 11 22 14 14 3 64
475.0 15 28 16 15 3 77
480.0 13 26 18 13 2 72
485.0 11 26 23 13 3 76
490.0 15 27 23 13 4 82
495.0 18 31 24 14 4 91
500.0 19 32 24 14 7 96
505.0 23 31 25 16 8 103
510.0 22 36 23 16 8 105
515.0 23 36 22 16 10 107
520.0 32 36 23 15 10 116
525.0 35 37 24 14 10 120
530.0 35 34 28 16 12 125
535.0 38 34 29 18 12 131
540.0 38 33 32 20 14 137
545.0 37 37 30 21 13 138
550.0 39 37 29 20 10 135
555.0 41 38 29 15 10 133
560.0 40 34 27 16 9 126
565.0 39 35 30 16 7 127
570.0 43 42 32 15 7 139
575.0 44 44 34 14 9 145
580.0 46 49 40 16 9 160
585.0 40 45 42 19 12 158
590.0 40 45 40 23 13 161
595.0 38 45 42 22 13 160
600.0 43 51 41 20 13 168
605.0 47 48 42 21 13 171
610.0 47 45 47 19 17 175
615.0 37 46 53 19 18 173
620.0 39 44 55 23 17 178
625.0 36 44 52 24 16 172
630.0 37 51 51 24 18 181
635.0 43 50 50 24 16 183
640.0 44 51 54 24 17 190
645.0 41 46 52 26 18 183
650.0 34 44 55 29 20 182
655.0 30 48 55 30 21 184
660.0 32 49 58 29 21 189
665.0 36 48 54 27 20 185
670.0 32 44 60 28 19 183
675.0 33 45 51 25 19 173
680.0 29 42 53 26 19 169
685.0 25 36 50 28 19 158
690.0 31 35 43 28 19 156
695.0 30 35 46 26 18 155
700.0 27 34 49 27 18 155
705.0 28 34 50 28 17 157
710.0 30 32 51 26 13 152
715.0 33 39 50 20 11 153
720.0 32 43 47 22 10 154
725.0 28 42 47 23 8 148
730.0 25 45 45 22 12 149
735.0 23 43 47 21 12 146
740.0 25 39 38 25 13 140
745.0 26 39 42 21 11 139
750.0 32 40 35 18 11 136
755.0 30 33 39 17 13 132
760.0 34 24 41 22 12 133
765.0 32 25 39 21 9 126
770.0 27 25 42 24 10 128
775.0 30 29 39 21 12 131
780.0 34 28 43 21 11 137
785.0 35 23 48 20 10 136
790.0 33 26 44 21 10 134
795.0 33 24 47 23 9 136
800.0 27 28 47 23 10 135
805.0 24 32 46 20 14 136
810.0 26 32 44 20 14 136
815.0 24 38 43 20 16 141
820.0 27 35 42 21 16 141
825.0 26 28 42 19 17 132
830.0 31 28 41 15 17 132
835.0 30 31 38 17 17 133
840.0 31 34 40 17 18 140
845.0 33 37 40 16 16 142
850.0 36 33 37 19 16 141
855.0 37 30 35 20 17 139
860.0 34 28 38 20 15 135
865.0 39 28 35 20 16 138
870.0 40 32 38 18 15 143
875.0 42 32 38 16 16 144
880.0 43 30 37 16 17 143
885.0 45 30 37 17 16 145
890.0 44 38 38 18 16 154
895.0 40 43 42 20 17 162
900.0 38 43 47 23 17 168
905.0 38 49 45 21 17 170
910.0 36 46 47 18 17 164
915.0 34 42 47 21 18 162
920.0 39 45 46 22 18 170
925.0 42 49 44 23 16 174
930.0 41 44 40 19 15 159
935.0 42 43 40 18 16 159
940.0 42 42 41 18 17 160
945.0 39 40 43 19 18 159
950.0 38 40 44 19 20 161
955.0 38 40 44 22 20 164
960.0 35 38 45 25 21 164
965.0 36 35 41 21 19 152
970.0 37 35 45 21 18 156
975.0 38 35 40 23 21 157
980.0 36 36 42 19 25 158
985.0 34 37 40 19 22 152
990.0 37 41 36 17 25 156
995.0 35 42 44 14 27 162
1000.0 34 41 41 16 29 161
1005.0 34 41 46 16 28 165
1010.0 34 38 47 17 26 162
1015.0 42 35 53 18 26 174
1020.0 42 31 59 19 24 175
1025.0 42 37 58 18 25 180
1030.0 41 35 61 19 22 178
1035.0 40 38 58 18 23 177
1040.0 36 37 56 17 22 168
1045.0 35 42 57 16 24 174
1050.0 31 45 57 18 22 173
1055.0 32 44 54 23 23 176
1060.0 36 44 56 25 20 181
1065.0 39 47 55 27 19 187
1070.0 40 52 49 26 20 187
1075.0 41 54 47 24 19 185
1080.0 43 57 49 20 19 188
1085.0 41 49 55 25 18 188
1090.0 41 50 56 24 19 190
1095.0 38 44 59 27 18 186
1100.0 39 42 61 25 20 187
1105.0 37 43 65 26 21 192
1110.0 41 41 69 22 21 194
1115.0 37 42 70 26 22 197
1120.0 37 42 68 26 21 194
1125.0 37 43 63 25 19 187
1130.0 38 44 61 21 18 182
1135.0 40 42 64 23 18 187
1140.0 38 42 66 22 19 187
1145.0 39 41 60 21 23 184
1150.0 37 41 59 23 24 184
1155.0 40 44 56 25 25 190
1160.0 40 44 52 25 25 186
1165.0 41 40 50 25 26 182
1170.0 46 46 49 21 25 187
1175.0 44 44 55 22 26 191
1180.0 43 43 49 22 26 183
1185.0 44 42 50 23 24 183
1190.0 41 38 53 25 24 181
1195.0 41 37 51 23 23 175
1200.0 39 41 44 20 27 171
1205.0 36 37 46 21 24 164
1210.0 34 35 42 22 23 156
1215.0 35 33 38 21 23 150
1220.0 32 32 38 18 18 138
1225.0 30 30 40 17 18 135
1230.0 28 26 36 15 16 121
1235.0 26 26 32 12 13 109
1240.0 23 23 33 13 13 105
1245.0 23 24 28 10 12 97
1250.0 19 24 22 9 12 86
1255.0 17 24 20 9 11 81
1260.0 16 22 22 10 9 79
1265.0 12 21 19 11 7 70
1270.0 11 20 18 9 6 64
1275.0 13 23 15 9 4 64
1280.0 8 21 17 9 3 58
1285.0 6 18 19 7 4 54
1290.0 5 17 17 6 4 49
1295.0 7 14 16 5 3 45
1300.0 8 16 16 4 3 47
1305.0 8 13 13 3 3 40
1310.0 7 10 14 3 2 36
1315.0 3 9 13 4 2 31
1320.0 2 10 11 4 2 29
1325.0 3 10 9 3 2 27
1330.0 3 7 6 2 1 19
1335.0 5 6 6 2 2 21
1340.0 5 5 6 1 1 18
1345.0 4 4 5 1 1 15
1350.0 1 4 3 0 0 8
1355.0 2 2 3 0 0 7
1360.0 0 1 5 0 0 6
1365.0 0 1 4 0 0 5
1370.0 0 1 3 0 0 4
1375.0 0 0 3 1 0 4
1380.0 0 0 1 1 0 2
1385.0 1 0 1 0 0 2
1390.0 1 0 1 1 0 3
1395.0 0 0 1 1 0 2
1400.0 0 0 1 1 1 3
1405.0 0 0 0 1 1 2
1410.0 0 0 0 0 0 0
1415.0 0 0 0 0 0 0
1420.0 1 0 0 0 0 1
1425.0 1 0 0 0 0 1
1430.0 1 0 0 0 0 1
1435.0 1 0 0 0 0 1
