5.0 0 0 0 0 0 0
10.0 0 0 0 0 0 0
15.0 0 0 0 0 0 0
20.0 0 0 0 0 0 0
25.0 0 0 0 0 0 0
30.0 0 0 0 0 0 0
35.0 0 0 0 0 0 0
40.0 0 0 0 0 0 0
45.0 0 0 0 0 0 0
50.0 0 0 0 0 0 0
55.0 0 0 0 0 0 0
60.0 0 0 0 0 0 0
65.0 0 0 0 0 0 0
70.0 0 0 0 0 0 0
75.0 0 0 0 0 0 0
80.0 0 0 0 0 0 0
85.0 0 0 0 0 0 0
90.0 0 0 0 0 0 0
95.0 0 0 0 0 0 0
100.0 0 0 0 0 0 0
105.0 0 0 0 0 0 0
110.0 0 0 0 0 0 0
115.0 0 0 0 0 0 0
120.0 0 0 0 0 0 0
125.0 0 0 0 0 0 0
130.0 0 0 0 0 0 0
135.0 0 0 0 0 0 0
140.0 0 0 0 0 0 0
145.0 0 0 0 0 0 0
150.0 0 0 0 0 0 0
155.0 0 0 0 0 0 0
160.0 0 0 0 0 0 0
165.0 0 0 0 0 0 0
170.0 0 0 0 0 0 0
175.0 0 0 0 0 0 0
180.0 0 0 0 0 0 0
185.0 0 0 0 0 0 0
190.0 0 0 0 0 0 0
195.0 0 0 0 0 0 0
200.0 0 0 0 0 0 0
205.0 0 0 0 0 0 0
210.0 0 0 0 0 0 0
215.0 0 0 0 0 0 0
220.0 0 0 0 0 0 0
225.0 0 0 0 0 0 0
230.0 0 0 0 0 0 0
235.0 0 0 0 0 0 0
240.0 0 0 0 0 0 0
245.0 0 0 1 0 0 1
250.0 0 0 1 0 0 1
255.0 0 0 1 0 0 1
260.0 0 0 1 0 0 1
265.0 0 0 1 0 0 1
270.0 0 1 1 0 0 2
275.0 0 2 1 0 0 3
280.0 0 2 1 0 0 3
285.0 0 2 1 0 0 3
290.0 0 3 0 0 0 3
295.0 0 3 0 0 0 3
300.0 0 4 0 0 0 4
305.0 0 3 0 0 1 4
310.0 1 2 0 0 1 4
315.0 1 3 0 0 1 5
320.0 1 3 1 0 1 6
325.0 1 3 1 0 1 6
330.0 1 1 2 0 0 4
335.0 2 1 2 0 1 6
340.0 2 4 2 0 1 9
345.0 2 4 2 0 1 9
350.0 3 5 2 0 3 13
355.0 4 5 1 0 3 13
360.0 3 6 2 0 5 16
365.0 3 6 4 0 5 18
370.0 3 7 6 0 5 21
375.0 4 7 7 0 3 21
380.0 4 7 8 0 3 22
385.0 4 8 8 1 3 24
390.0 2 8 9 1 4 24
395.0 2 11 10 1 4 28
400.0 4 9 14 1 5 33
405.0 6 10 19 2 6 43
410.0 7 10 18 3 6 44
415.0 8 10 19 3 5 45
420.0 8 9 19 4 6 46
425.0 10 10 20 5 6 51
430.0 12 11 26 5 6 60
435.0 13 11 25 7 6 62
440.0 15 11 25 8 8 67
445.0 16 12 24 7 8 67
450.0 12 13 24 8 9 66
455.0 11 18 24 11 10 74
460.0 12 20 28 15 10 85
465.0 13 22 35 15 11 96
470.0 19 26 37 15 8 105
475.0 23 29 38 19 8 117
480.0 27 35 42 20 8 132
485.0 33 37 53 19 7 149
490.0 37 39 56 19 7 158
495.0 39 40 56 20 8 163
500.0 40 43 55 21 10 169
505.0 41 43 56 20 8 168
510.0 41 41 59 21 9 171
515.0 43 42 59 17 12 173
520.0 45 46 59 20 13 183
525.0 48 43 64 21 17 193
530.0 48 47 67 23 18 203
535.0 47 55 71 23 18 214
540.0 51 59 80 25 21 236
545.0 54 63 86 25 24 252
550.0 54 66 84 26 20 250
555.0 53 64 86 26 21 250
560.0 52 72 92 27 23 266
565.0 56 77 93 31 20 277
570.0 52 76 99 33 25 285
575.0 49 74 104 29 22 278
580.0 57 78 104 26 23 288
585.0 62 81 99 31 22 295
590.0 68 79 95 34 22 298
595.0 67 91 90 36 25 309
600.0 67 93 96 33 29 318
605.0 75 92 104 35 31 337
610.0 67 93 108 38 32 338
615.0 64 98 109 38 35 344
620.0 61 91 113 35 39 339
625.0 74 86 107 31 41 339
630.0 65 86 104 34 38 327
635.0 70 98 105 37 41 351
640.0 77 96 98 41 44 356
645.0 75 90 102 45 46 358
650.0 86 92 107 45 46 376
655.0 86 88 106 43 48 371
660.0 90 92 102 40 43 367
665.0 80 89 95 40 39 343
670.0 77 82 93 39 39 330
675.0 74 80 102 36 40 332
680.0 74 78 100 34 37 323
685.0 75 76 101 30 35 317
690.0 67 71 99 30 33 300
695.0 67 70 97 37 35 306
700.0 77 75 93 38 36 319
705.0 79 81 89 39 36 324
710.0 74 91 90 39 38 332
715.0 70 90 89 40 41 330
720.0 58 97 84 46 42 327
725.0 60 93 86 49 40 328
730.0 54 86 81 45 39 305
735.0 50 78 81 44 40 293
740.0 56 81 79 46 38 300
745.0 66 79 73 39 35 292
750.0 65 76 72 37 35 285
755.0 69 78 72 30 35 284
760.0 71 72 76 33 33 285
765.0 71 68 77 30 33 279
770.0 63 69 72 32 32 268
775.0 61 71 68 36 29 265
780.0 55 63 67 42 30 257
785.0 54 57 74 41 28 254
790.0 47 60 79 41 26 253
795.0 42 62 79 44 25 252
800.0 48 67 83 37 25 260
805.0 52 73 85 36 23 269
810.0 62 74 79 33 23 271
815.0 65 71 73 37 25 271
820.0 63 66 71 42 28 270
825.0 62 63 69 45 29 268
830.0 69 68 71 50 29 287
835.0 81 71 69 46 30 297
840.0 86 70 68 46 30 300
845.0 83 73 70 43 31 300
850.0 87 69 77 39 28 300
855.0 90 68 84 38 31 311
860.0 86 74 82 43 32 317
865.0 84 71 89 44 31 319
870.0 78 69 94 42 32 315
875.0 75 65 103 44 32 319
880.0 76 70 99 42 35 322
885.0 73 75 104 41 33 326
890.0 63 75 99 44 38 319
895.0 51 75 103 50 37 316
900.0 51 76 96 54 39 316
905.0 56 80 90 52 39 317
910.0 60 82 90 51 40 323
915.0 67 80 92 50 39 328
920.0 72 77 95 46 42 332
925.0 77 78 92 42 40 329
930.0 73 78 96 43 42 332
935.0 72 79 102 42 42 337
940.0 73 83 111 48 41 356
945.0 75 88 104 46 35 348
950.0 72 90 100 46 35 343
955.0 77 92 99 43 32 343
960.0 80 86 111 44 31 352
965.0 82 83 109 43 30 347
970.0 80 77 115 40 25 337
975.0 80 79 113 39 29 340
980.0 85 78 115 41 29 348
985.0 87 74 109 44 32 346
990.0 92 76 114 45 34 361
995.0 97 72 113 51 32 365
1000.0 93 70 118 54 27 362
1005.0 92 82 116 55 27 372
1010.0 99 80 114 54 28 375
1015.0 95 80 113 56 31 375
1020.0 101 81 109 56 35 382
1025.0 106 87 104 63 35 395
1030.0 106 84 115 63 34 402
1035.0 100 82 109 63 35 389
1040.0 96 84 111 56 34 381
1045.0 94 84 116 55 33 382
1050.0 91 90 111 58 34 384
1055.0 90 91 114 58 32 385
1060.0 84 93 116 59 31 383
1065.0 85 91 120 56 30 382
1070.0 95 97 118 53 27 390
1075.0 100 93 118 49 26 386
1080.0 97 93 129 47 29 395
1085.0 100 98 130 45 30 403
1090.0 95 98 128 50 32 403
1095.0 89 91 135 50 33 398
1100.0 90 91 132 59 33 405
1105.0 85 89 133 65 34 406
1110.0 85 93 132 65 34 409
1115.0 80 93 140 72 35 420
1120.0 80 95 134 72 42 423
1125.0 86 95 135 77 40 433
1130.0 85 100 133 79 49 446
1135.0 98 94 129 79 48 448
1140.0 96 86 125 83 41 431
1145.0 89 91 133 75 37 425
1150.0 82 92 131 68 40 413
1155.0 72 88 125 73 40 398
1160.0 72 83 124 66 44 389
1165.0 77 78 121 63 45 384
1170.0 78 74 130 60 46 388
1175.0 83 76 123 50 44 376
1180.0 81 77 116 51 43 368
1185.0 81 75 108 54 43 361
1190.0 85 68 100 57 42 352
1195.0 67 73 103 53 43 339
1200.0 68 66 101 54 41 330
1205.0 63 64 101 53 41 322
1210.0 60 67 89 57 40 313
1215.0 62 72 82 58 39 313
1220.0 61 70 79 53 34 297
1225.0 64 68 74 47 31 284
1230.0 64 68 68 43 33 276
1235.0 57 59 69 35 29 249
1240.0 54 52 67 34 24 231
1245.0 56 51 69 29 22 227
1250.0 59 44 67 27 21 218
1255.0 55 43 63 25 20 206
1260.0 48 39 56 22 21 186
1265.0 41 42 54 19 21 177
1270.0 40 40 54 20 19 173
1275.0 36 34 46 19 15 150
1280.0 36 34 42 15 14 141
1285.0 32 32 40 13 14 131
1290.0 31 29 35 13 11 119
1295.0 30 29 34 11 9 113
1300.0 25 30 32 12 7 106
1305.0 22 28 27 11 7 95
1310.0 20 29 18 12 7 86
1315.0 17 25 14 12 8 76
1320.0 18 21 14 11 8 72
1325.0 11 19 18 9 7 64
1330.0 11 14 14 5 7 51
1335.0 8 15 12 6 7 48
1340.0 7 11 15 6 6 45
1345.0 6 8 15 6 5 40
1350.0 8 8 11 3 4 34
1355.0 5 7 10 3 3 28
1360.0 4 8 7 2 3 24
1365.0 2 6 5 3 3 19
1370.0 1 4 4 3 1 13
1375.0 1 4 5 2 1 13
1380.0 1 4 4 2 1 12
1385.0 2 4 4 2 1 13
1390.0 1 4 4 2 1 12
1395.0 1 2 4 1 1 9
1400.0 1 2 3 0 1 7
1405.0 0 1 3 0 1 5
1410.0 0 2 3 0 0 5
1415.0 0 2 3 0 0 5
1420.0 0 2 2 0 0 4
1425.0 0 3 2 0 0 5
1430.0 0 1 1 0 0 2
1435.0 0 0 1 0 0 1
