5.0 0 0 0 0 0 0
10.0 0 0 0 0 0 0
15.0 0 0 0 0 0 0
20.0 0 0 0 0 0 0
25.0 0 0 0 0 0 0
30.0 0 0 0 0 0 0
35.0 0 0 0 0 0 0
40.0 0 0 0 0 0 0
45.0 0 0 0 0 0 0
50.0 0 0 0 0 0 0
55.0 0 0 0 0 0 0
60.0 0 0 0 0 0 0
65.0 0 0 0 0 0 0
70.0 0 0 0 0 0 0
75.0 0 0 0 0 0 0
80.0 0 0 0 0 0 0
85.0 0 0 0 0 0 0
90.0 0 0 0 0 0 0
95.0 0 0 0 0 0 0
100.0 0 0 0 0 0 0
105.0 0 0 0 0 0 0
110.0 0 0 0 0 0 0
115.0 0 0 0 0 0 0
120.0 0 0 0 0 0 0
125.0 0 0 0 0 0 0
130.0 0 0 0 0 0 0
135.0 0 0 0 0 0 0
140.0 0 0 0 0 0 0
145.0 0 0 0 0 0 0
150.0 0 0 0 0 0 0
155.0 0 0 0 0 0 0
160.0 0 0 0 0 0 0
165.0 0 0 0 0 0 0
170.0 0 0 0 0 0 0
175.0 0 0 0 0 0 0
180.0 0 0 0 0 0 0
185.0 0 0 0 0 0 0
190.0 0 0 0 0 0 0
195.0 0 0 0 0 0 0
200.0 0 0 0 0 0 0
205.0 0 0 0 0 0 0
210.0 0 0 0 0 0 0
215.0 0 0 0 0 0 0
220.0 0 0 0 0 0 0
225.0 0 0 0 0 0 0
230.0 0 0 0 0 0 0
235.0 0 0 0 0 0 0
240.0 0 0 0 0 0 0
245.0 0 0 0 0 0 0
250.0 0 0 0 0 0 0
255.0 0 0 0 0 0 0
260.0 0 0 0 0 0 0
265.0 0 0 0 0 0 0
270.0 0 0 0 0 0 0
275.0 0 0 1 0 0 1
280.0 0 0 1 0 0 1
285.0 0 0 1 0 0 1
290.0 0 0 1 0 0 1
295.0 0 0 1 0 0 1
300.0 0 0 1 0 0 1
305.0 0 0 1 0 0 1
310.0 0 0 1 0 0 1
315.0 0 0 1 0 0 1
320.0 0 0 1 0 0 1
325.0 0 0 1 0 0 1
330.0 0 0 0 0 0 0
335.0 0 0 0 0 0 0
340.0 0 1 0 0 0 1
345.0 0 1 0 0 0 1
350.0 0 1 0 0 0 1
355.0 1 1 0 0 0 2
360.0 2 1 0 0 0 3
365.0 2 1 0 0 0 3
370.0 2 1 1 0 0 4
375.0 2 1 1 0 0 4
380.0 3 1 2 0 0 6
385.0 3 1 2 0 0 6
390.0 3 2 2 0 0 7
395.0 4 1 1 0 0 6
400.0 8 1 0 0 0 9
405.0 8 0 2 0 0 10
410.0 7 1 3 0 0 11
415.0 7 2 2 1 0 12
420.0 9 2 3 1 0 15
425.0 8 4 3 1 0 16
430.0 6 5 6 1 0 18
435.0 7 8 7 1 0 23
440.0 6 7 8 2 1 24
445.0 6 6 9 3 2 26
450.0 6 8 8 3 3 28
455.0 6 7 10 4 3 30
460.0 4 8 15 4 3 34
465.0 4 8 15 4 3 34
470.0 5 14 12 3 2 36
475.0 8 14 10 4 2 38
480.0 12 16 10 5 3 46
485.0 13 14 10 6 4 47
490.0 14 18 7 6 4 49
495.0 12 20 9 8 3 52
500.0 11 18 9 10 3 51
505.0 13 18 11 12 5 59
510.0 17 20 11 15 5 68
515.0 18 19 13 14 5 69
520.0 16 17 14 15 3 65
525.0 22 17 15 17 6 77
530.0 25 25 18 17 6 91
535.0 26 26 27 17 6 102
540.0 28 26 28 14 7 103
545.0 26 25 31 12 8 102
550.0 26 26 30 12 9 103
555.0 24 29 35 14 10 112
560.0 27 28 36 14 13 118
565.0 31 30 36 14 12 123
570.0 30 32 40 10 11 123
575.0 30 33 37 16 11 127
580.0 31 31 44 16 11 133
585.0 36 27 44 17 11 135
590.0 33 31 49 21 11 145
595.0 35 33 46 22 11 147
600.0 35 31 48 24 11 149
605.0 41 31 46 18 9 145
610.0 42 33 51 18 8 152
615.0 44 32 47 16 7 146
620.0 40 33 50 19 7 149
625.0 36 31 47 18 5 137
630.0 38 35 46 17 7 143
635.0 35 34 48 21 8 146
640.0 32 38 50 21 8 149
645.0 32 37 49 25 9 152
650.0 34 33 47 23 10 147
655.0 31 35 50 15 9 140
660.0 31 35 48 16 10 140
665.0 32 33 49 15 11 140
670.0 24 36 48 13 11 132
675.0 20 35 51 16 9 131
680.0 25 36 47 18 8 134
685.0 27 37 47 17 11 139
690.0 31 37 46 14 9 137
695.0 32 33 39 16 9 129
700.0 30 33 42 18 8 131
705.0 32 35 43 15 8 133
710.0 29 34 45 16 8 132
715.0 32 30 44 14 8 128
720.0 33 25 44 13 10 125
725.0 39 27 39 12 11 128
730.0 34 27 39 14 13 127
735.0 34 27 38 16 13 128
740.0 33 26 41 14 14 128
745.0 32 26 39 9 12 118
750.0 31 29 36 10 11 117
755.0 29 31 36 11 11 118
760.0 27 27 38 11 11 114
765.0 25 32 32 12 12 113
770.0 27 29 31 16 11 114
775.0 24 30 28 19 10 111
780.0 26 29 26 17 12 110
785.0 24 28 23 19 13 107
790.0 19 25 23 20 14 101
795.0 20 19 23 21 16 99
800.0 22 18 24 23 15 102
805.0 25 15 24 19 16 99
810.0 30 20 22 17 15 104
815.0 32 19 20 14 14 99
820.0 33 19 19 13 14 98
825.0 30 20 18 15 13 96
830.0 25 15 20 17 14 91
835.0 24 14 21 14 16 89
840.0 24 14 21 13 16 88
845.0 24 11 24 16 16 91
850.0 29 14 28 15 16 102
855.0 33 12 29 15 17 106
860.0 35 12 28 16 16 107
865.0 36 14 29 16 15 110
870.0 36 17 29 17 15 114
875.0 36 23 30 20 14 123
880.0 37 23 34 23 11 128
885.0 33 29 36 21 12 131
890.0 32 31 35 20 10 128
895.0 28 29 35 20 9 121
900.0 28 29 33 18 10 118
905.0 30 25 29 19 12 115
910.0 30 23 29 18 13 113
915.0 29 29 26 19 12 115
920.0 29 30 31 16 12 118
925.0 30 26 36 17 11 120
930.0 30 28 34 14 13 119
935.0 30 32 39 13 12 126
940.0 26 33 37 13 12 121
945.0 29 33 38 14 12 126
950.0 27 26 40 15 13 121
955.0 33 27 38 17 12 127
960.0 32 26 37 19 11 125
965.0 32 28 36 17 11 124
970.0 29 31 41 18 12 131
975.0 29 29 38 20 12 128
980.0 32 32 40 20 13 137
985.0 29 31 48 19 7 134
990.0 30 28 48 18 9 133
995.0 30 26 45 17 8 126
1000.0 26 24 53 13 8 124
1005.0 27 26 54 12 5 124
1010.0 29 30 54 11 5 129
1015.0 28 32 55 12 5 132
1020.0 21 35 54 15 5 130
1025.0 17 40 52 13 7 129
1030.0 20 41 52 10 9 132
1035.0 19 42 54 11 10 136
1040.0 18 42 56 14 10 140
1045.0 17 43 57 14 13 144
1050.0 21 44 56 13 11 145
1055.0 25 48 53 13 12 151
1060.0 27 49 51 12 15 154
1065.0 28 42 47 17 16 150
1070.0 27 39 51 21 15 153
1075.0 27 40 48 23 14 152
1080.0 31 39 50 20 17 157
1085.0 33 40 51 18 16 158
1090.0 36 34 49 13 17 149
1095.0 38 28 45 14 15 140
1100.0 41 27 50 14 13 145
1105.0 38 29 49 12 14 142
1110.0 32 29 56 11 13 141
1115.0 35 32 51 13 15 146
1120.0 39 30 51 10 15 145
1125.0 36 29 50 13 15 143
1130.0 34 36 53 18 14 155
1135.0 32 41 50 16 15 154
1140.0 34 36 48 14 14 146
1145.0 36 32 50 15 14 147
1150.0 35 30 52 17 14 148
1155.0 34 33 51 20 13 151
1160.0 31 36 53 19 13 152
1165.0 24 37 51 20 14 146
1170.0 24 37 52 17 13 143
1175.0 29 30 47 13 13 132
1180.0 25 29 47 14 12 127
1185.0 29 28 48 12 13 130
1190.0 30 20 49 13 12 124
1195.0 30 18 50 17 12 127
1200.0 29 18 50 16 10 123
1205.0 29 18 50 15 10 122
1210.0 28 18 45 14 9 114
1215.0 25 18 42 11 8 104
1220.0 20 18 41 16 6 101
1225.0 14 18 39 15 7 93
1230.0 14 22 33 12 7 88
1235.0 12 22 33 9 8 84
1240.0 15 22 28 10 7 82
1245.0 15 19 26 8 6 74
1250.0 16 19 25 8 6 74
1255.0 15 20 19 9 7 70
1260.0 17 19 15 6 7 64
1265.0 15 17 15 4 5 56
1270.0 14 17 11 3 5 50
1275.0 11 15 11 3 6 46
1280.0 7 13 13 3 7 43
1285.0 8 13 13 1 6 41
1290.0 8 15 11 3 4 41
1295.0 9 13 12 4 3 41
1300.0 5 13 12 3 2 35
1305.0 5 9 8 2 2 26
1310.0 3 8 7 1 2 21
1315.0 2 7 6 0 2 17
1320.0 1 5 7 2 2 17
1325.0 0 7 10 2 2 21
1330.0 0 7 7 2 3 19
1335.0 0 6 6 4 1 17
1340.0 0 6 4 4 1 15
1345.0 0 6 1 3 2 12
1350.0 1 5 2 1 2 11
1355.0 2 6 2 1 2 13
1360.0 2 4 1 1 1 9
1365.0 2 3 1 1 1 8
1370.0 2 4 0 2 1 9
1375.0 3 3 0 1 1 8
1380.0 2 3 1 1 1 8
1385.0 1 4 1 1 0 7
1390.0 0 4 1 1 0 6
1395.0 0 2 1 0 0 3
1400.0 0 1 1 0 0 2
1405.0 0 0 1 0 0 1
1410.0 1 0 0 0 0 1
1415.0 0 0 0 0 0 0
1420.0 0 0 0 0 0 0
1425.0 0 0 0 0 0 0
1430.0 1 0 0 0 0 1
1435.0 1 0 1 0 0 2
