5.0 0 0 0 0 0 0
10.0 0 0 0 0 0 0
15.0 0 0 0 0 0 0
20.0 0 0 0 0 0 0
25.0 0 0 0 0 0 0
30.0 0 0 0 0 0 0
35.0 0 0 0 0 0 0
40.0 0 0 0 0 0 0
45.0 0 0 0 0 0 0
50.0 0 0 0 0 0 0
55.0 0 0 0 0 0 0
60.0 0 0 0 0 0 0
65.0 0 0 0 0 0 0
70.0 0 0 0 0 0 0
75.0 0 0 0 0 0 0
80.0 0 0 0 0 0 0
85.0 0 0 0 0 0 0
90.0 0 0 0 0 0 0
95.0 0 0 0 0 0 0
100.0 0 0 0 0 0 0
105.0 0 0 0 0 0 0
110.0 0 0 0 0 0 0
115.0 0 0 0 0 0 0
120.0 0 0 0 0 0 0
125.0 0 0 0 0 0 0
130.0 0 0 0 0 0 0
135.0 0 0 0 0 0 0
140.0 0 0 0 0 0 0
145.0 0 0 0 0 0 0
150.0 0 0 0 0 0 0
155.0 0 0 0 0 0 0
160.0 0 0 0 0 0 0
165.0 0 0 0 0 0 0
170.0 0 0 0 0 0 0
175.0 0 0 0 0 0 0
180.0 0 0 0 0 0 0
185.0 0 0 0 0 0 0
190.0 0 0 0 0 0 0
195.0 0 0 0 1 0 1
200.0 0 0 0 1 0 1
205.0 0 0 0 1 0 1
210.0 0 0 0 1 0 1
215.0 0 0 0 1 0 1
220.0 0 0 0 1 0 1
225.0 0 0 0 1 0 1
230.0 0 0 0 1 0 1
235.0 0 0 0 1 0 1
240.0 0 0 0 1 0 1
245.0 0 0 0 1 0 1
250.0 0 0 0 1 0 1
255.0 0 0 0 1 0 1
260.0 0 0 0 1 0 1
265.0 0 0 0 1 0 1
270.0 0 0 0 1 0 1
275.0 0 0 0 1 0 1
280.0 1 0 0 0 0 1
285.0 1 0 0 0 0 1
290.0 1 0 0 0 0 1
295.0 1 0 0 0 0 1
300.0 1 0 0 0 0 1
305.0 1 0 0 0 0 1
310.0 1 0 0 0 0 1
315.0 1 0 0 0 0 1
320.0 1 0 0 0 0 1
325.0 1 1 0 0 0 2
330.0 2 1 0 0 0 3
335.0 2 1 0 0 0 3
340.0 1 1 1 0 0 3
345.0 0 1 1 0 0 2
350.0 0 1 1 1 0 3
355.0 1 1 0 1 0 3
360.0 1 1 0 0 0 2
365.0 1 3 0 0 0 4
370.0 1 4 1 1 0 7
375.0 2 6 1 1 0 10
380.0 4 5 2 1 0 12
385.0 6 4 2 1 1 14
390.0 7 3 3 1 1 15
395.0 6 3 4 1 1 15
400.0 6 4 4 1 1 16
405.0 3 5 5 2 2 17
410.0 4 5 5 2 2 18
415.0 4 5 5 2 2 18
420.0 6 7 5 4 2 24
425.0 6 7 9 4 3 29
430.0 9 7 10 3 2 31
435.0 8 7 12 3 2 32
440.0 10 8 13 3 3 37
445.0 13 6 12 4 5 40
450.0 13 6 14 5 5 43
455.0 12 8 15 5 5 45
460.0 9 15 14 6 7 51
465.0 11 16 11 5 9 52
470.0 12 16 12 5 7 52
475.0 13 18 11 5 6 53
480.0 14 20 12 5 7 58
485.0 15 22 16 5 5 63
490.0 18 24 13 7 6 68
495.0 22 25 13 10 7 77
500.0 22 23 12 12 9 78
505.0 22 22 17 12 9 82
510.0 23 23 19 10 10 85
515.0 25 23 19 12 11 90
520.0 26 25 22 10 13 96
525.0 28 25 23 13 12 101
530.0 26 24 21 12 13 96
535.0 27 26 23 9 15 100
540.0 27 28 25 11 14 105
545.0 29 30 26 12 14 111
550.0 30 30 29 13 14 116
555.0 32 30 30 15 13 120
560.0 32 30 28 17 14 121
565.0 30 36 28 18 12 124
570.0 29 38 28 17 13 125
575.0 33 35 27 19 12 126
580.0 33 32 28 21 14 128
585.0 34 32 32 24 11 133
590.0 34 31 34 25 14 138
595.0 35 31 37 26 15 144
600.0 38 36 38 23 16 151
605.0 42 40 37 24 16 159
610.0 43 40 38 23 15 159
615.0 42 39 39 25 17 162
620.0 31 36 42 27 16 152
625.0 33 31 40 28 18 150
630.0 32 31 35 29 19 146
635.0 35 29 36 25 18 143
640.0 34 36 33 22 19 144
645.0 39 39 32 23 19 152
650.0 36 41 28 20 16 141
655.0 40 43 28 20 15 146
660.0 41 41 30 16 17 145
665.0 37 40 32 17 15 141
670.0 42 40 33 16 17 148
675.0 39 36 36 18 17 146
680.0 40 37 36 19 17 149
685.0 40 33 39 14 17 143
690.0 38 30 39 13 16 136
695.0 31 27 34 12 15 119
700.0 34 27 36 16 14 127
705.0 35 24 34 17 15 125
710.0 38 27 32 15 15 127
715.0 34 27 30 13 17 121
720.0 32 28 31 14 17 122
725.0 31 27 30 13 17 118
730.0 28 30 27 14 16 115
735.0 28 32 23 12 15 110
740.0 29 30 21 10 18 108
745.0 28 35 19 10 16 108
750.0 28 34 19 11 16 108
755.0 26 28 22 10 15 101
760.0 23 23 25 12 16 99
765.0 23 25 29 12 16 105
770.0 23 25 32 17 14 111
775.0 22 27 33 19 12 113
780.0 22 23 31 21 14 111
785.0 20 24 31 23 15 113
790.0 21 25 27 21 15 109
795.0 20 27 22 17 13 99
800.0 21 22 22 17 14 96
805.0 22 26 22 15 15 100
810.0 20 29 26 13 14 102
815.0 20 30 25 9 13 97
820.0 24 27 24 5 11 91
825.0 22 27 24 7 13 93
830.0 27 26 31 7 13 104
835.0 29 30 30 7 15 111
840.0 30 28 32 7 15 112
845.0 32 28 33 6 16 115
850.0 35 23 40 8 13 119
855.0 35 22 41 10 13 121
860.0 30 21 42 14 12 119
865.0 26 23 41 12 12 114
870.0 23 25 40 13 11 112
875.0 24 27 43 12 11 117
880.0 28 25 42 10 12 117
885.0 26 26 42 13 13 120
890.0 22 27 48 13 14 124
895.0 21 29 50 17 16 133
900.0 24 30 50 15 17 136
905.0 28 31 48 16 15 138
910.0 25 33 44 18 18 138
915.0 34 31 44 14 18 141
920.0 35 29 44 18 16 142
925.0 33 25 42 18 18 136
930.0 29 24 45 18 20 136
935.0 28 24 40 19 21 132
940.0 30 20 42 20 18 130
945.0 29 19 42 23 18 131
950.0 30 20 47 24 18 139
955.0 32 20 47 23 15 137
960.0 32 26 44 24 18 144
965.0 31 27 38 22 21 139
970.0 34 30 36 21 23 144
975.0 29 34 37 23 23 146
980.0 33 29 39 23 23 147
985.0 28 26 39 23 23 139
990.0 30 25 39 18 22 134
995.0 28 27 39 21 23 138
1000.0 31 28 39 21 20 139
1005.0 34 36 38 18 18 144
1010.0 35 34 35 19 18 141
1015.0 31 33 35 20 19 138
1020.0 31 37 34 20 16 138
1025.0 29 32 28 22 15 126
1030.0 31 39 30 20 16 136
1035.0 29 40 30 21 16 136
1040.0 29 39 33 19 18 138
1045.0 33 37 34 23 16 143
1050.0 35 36 37 24 16 148
1055.0 37 40 37 25 15 154
1060.0 33 37 39 27 17 153
1065.0 32 34 39 29 15 149
1070.0 27 33 39 27 14 140
1075.0 28 31 44 25 15 143
1080.0 27 32 42 28 16 145
1085.0 33 35 36 29 17 150
1090.0 32 37 37 29 15 150
1095.0 33 37 37 25 16 148
1100.0 31 37 43 22 16 149
1105.0 33 35 43 23 18 152
1110.0 38 36 40 21 18 153
1115.0 39 36 41 22 18 156
1120.0 39 36 44 23 18 160
1125.0 37 36 45 24 20 162
1130.0 41 31 41 21 20 154
1135.0 38 34 42 21 20 155
1140.0 40 37 42 23 20 162
1145.0 42 39 41 18 25 165
1150.0 36 38 41 19 23 157
1155.0 36 40 38 21 24 159
1160.0 37 39 38 18 25 157
1165.0 39 40 35 19 25 158
1170.0 36 40 34 18 22 150
1175.0 35 39 29 18 20 141
1180.0 39 35 31 16 19 140
1185.0 36 33 36 15 17 137
1190.0 29 31 39 15 16 130
1195.0 27 32 33 19 15 126
1200.0 33 30 39 16 15 133
1205.0 30 26 42 18 14 130
1210.0 28 27 38 17 15 125
1215.0 28 27 31 14 14 114
1220.0 27 28 25 11 12 103
1225.0 25 25 29 11 13 103
1230.0 22 20 26 11 12 91
1235.0 20 22 28 10 12 92
1240.0 17 25 25 10 13 90
1245.0 17 23 21 12 12 85
1250.0 13 20 19 11 9 72
1255.0 14 18 16 7 9 64
1260.0 13 18 16 6 11 64
1265.0 14 16 12 7 11 60
1270.0 12 13 10 7 14 56
1275.0 13 13 10 9 14 59
1280.0 10 13 11 6 12 52
1285.0 6 12 10 7 12 47
1290.0 5 10 9 6 9 39
1295.0 7 10 8 3 9 37
1300.0 8 9 4 4 6 31
1305.0 6 10 3 5 5 29
1310.0 9 9 4 3 6 31
1315.0 6 6 5 3 5 25
1320.0 5 5 4 3 2 19
1325.0 5 4 2 2 2 15
1330.0 3 2 4 3 1 13
1335.0 1 1 4 2 1 9
1340.0 1 2 4 2 1 10
1345.0 1 2 4 2 1 10
1350.0 1 3 2 2 1 9
1355.0 1 2 1 2 1 7
1360.0 0 1 1 2 1 5
1365.0 0 1 2 2 1 6
1370.0 1 2 2 1 1 7
1375.0 1 2 1 1 0 5
1380.0 1 0 1 1 0 3
1385.0 0 0 1 0 0 1
1390.0 0 0 1 0 0 1
1395.0 0 0 1 0 0 1
1400.0 0 0 1 0 0 1
1405.0 0 0 1 0 0 1
1410.0 0 0 1 0 0 1
1415.0 0 0 0 0 0 0
1420.0 0 0 0 0 0 0
1425.0 0 0 0 0 0 0
1430.0 0 0 0 0 0 0
1435.0 0 0 0 0 0 0
