5.0 0 0 0 0 0 0
10.0 0 0 0 0 0 0
15.0 0 0 0 0 0 0
20.0 0 0 0 0 0 0
25.0 0 0 0 0 0 0
30.0 0 0 0 0 0 0
35.0 0 0 0 0 0 0
40.0 0 0 0 0 0 0
45.0 0 0 0 0 0 0
50.0 0 0 0 0 0 0
55.0 0 0 0 0 0 0
60.0 0 0 0 0 0 0
65.0 0 0 0 0 0 0
70.0 0 0 0 0 0 0
75.0 0 0 0 0 0 0
80.0 0 0 0 0 0 0
85.0 0 0 0 0 0 0
90.0 0 0 0 0 0 0
95.0 0 0 0 0 0 0
100.0 0 0 0 0 0 0
105.0 0 0 0 0 0 0
110.0 0 0 0 0 0 0
115.0 0 0 0 0 0 0
120.0 0 0 0 0 0 0
125.0 0 0 0 0 0 0
130.0 0 0 0 0 0 0
135.0 0 0 0 0 0 0
140.0 0 0 0 0 0 0
145.0 0 0 0 0 0 0
150.0 0 0 0 0 0 0
155.0 0 0 0 0 0 0
160.0 0 0 0 0 0 0
165.0 0 0 0 0 0 0
170.0 0 0 0 0 0 0
175.0 0 0 0 0 0 0
180.0 0 0 0 0 0 0
185.0 0 0 0 0 0 0
190.0 0 0 0 0 0 0
195.0 0 0 0 0 0 0
200.0 0 0 0 0 0 0
205.0 0 0 0 0 0 0
210.0 0 0 0 0 0 0
215.0 0 0 0 0 0 0
220.0 0 0 0 0 0 0
225.0 0 0 0 0 0 0
230.0 0 0 0 0 0 0
235.0 0 0 0 0 0 0
240.0 0 0 0 0 0 0
245.0 0 0 0 0 0 0
250.0 0 0 0 0 0 0
255.0 0 0 0 0 0 0
260.0 0 0 0 0 0 0
265.0 0 0 0 0 0 0
270.0 0 0 0 0 0 0
275.0 0 0 0 0 0 0
280.0 0 0 0 0 0 0
285.0 0 0 0 0 0 0
290.0 0 0 0 0 0 0
295.0 0 0 0 0 0 0
300.0 0 0 0 0 0 0
305.0 0 0 0 0 0 0
310.0 0 0 0 0 0 0
315.0 0 0 0 0 0 0
320.0 0 1 0 0 0 1
325.0 0 2 0 0 0 2
330.0 0 2 0 0 0 2
335.0 0 2 0 0 0 2
340.0 0 1 0 0 0 1
345.0 1 0 1 0 0 2
350.0 1 0 1 0 0 2
355.0 1 0 1 0 0 2
360.0 1 0 1 0 0 2
365.0 1 0 1 0 0 2
370.0 1 0 1 0 0 2
375.0 1 0 2 0 0 3
380.0 1 0 1 0 0 2
385.0 1 0 1 0 0 2
390.0 1 0 1 0 0 2
395.0 1 0 2 0 0 3
400.0 0 0 1 0 0 1
405.0 0 2 1 1 0 4
410.0 0 2 1 1 0 4
415.0 1 3 1 1 1 7
420.0 2 4 2 0 1 9
425.0 2 2 4 0 2 10
430.0 1 2 5 0 2 10
435.0 2 3 6 0 2 13
440.0 4 3 4 0 2 13
445.0 5 3 5 0 2 15
450.0 6 3 5 0 2 16
455.0 6 2 6 1 2 17
460.0 7 5 9 1 2 24
465.0 7 6 7 2 3 25
470.0 7 7 7 3 3 27
475.0 6 7 7 4 3 27
480.0 7 7 8 4 4 30
485.0 10 8 10 3 4 35
490.0 12 9 11 2 4 38
495.0 11 9 11 3 4 38
500.0 12 10 10 3 5 40
505.0 9 8 12 3 5 37
510.0 11 7 14 2 4 38
515.0 10 8 16 4 4 42
520.0 12 10 15 5 5 47
525.0 10 12 12 6 5 45
530.0 11 9 12 6 5 43
535.0 12 11 14 6 5 48
540.0 10 9 17 7 5 48
545.0 12 9 17 7 6 51
550.0 12 15 20 7 5 59
555.0 11 15 19 7 7 59
560.0 9 17 20 9 10 65
565.0 10 20 20 8 9 67
570.0 9 19 23 8 9 68
575.0 9 20 23 7 8 67
580.0 10 17 22 9 7 65
585.0 10 15 24 11 8 68
590.0 9 14 23 16 6 68
595.0 8 15 23 15 5 66
600.0 8 18 20 13 5 64
605.0 8 17 22 13 6 66
610.0 8 14 23 13 6 64
615.0 13 15 25 9 5 67
620.0 12 14 26 8 4 64
625.0 13 11 25 7 5 61
630.0 16 12 24 8 5 65
635.0 18 15 24 7 4 68
640.0 19 18 24 5 4 70
645.0 16 18 23 7 5 69
650.0 18 17 22 8 6 71
655.0 19 18 20 7 6 70
660.0 19 17 17 9 8 70
665.0 18 16 18 8 10 70
670.0 15 16 17 9 9 66
675.0 17 17 15 9 8 66
680.0 17 16 17 8 8 66
685.0 14 12 18 9 8 61
690.0 13 13 17 9 8 60
695.0 11 14 15 11 7 58
700.0 13 13 15 9 6 56
705.0 11 15 17 8 6 57
710.0 13 17 17 8 6 61
715.0 13 17 18 8 7 63
720.0 12 15 18 10 7 62
725.0 13 17 18 9 8 65
730.0 15 17 12 9 8 61
735.0 12 16 10 10 7 55
740.0 12 19 8 10 6 55
745.0 11 20 9 8 6 54
750.0 11 18 6 7 7 49
755.0 9 21 10 7 6 53
760.0 9 19 9 10 7 54
765.0 10 16 9 10 9 54
770.0 12 16 8 8 8 52
775.0 13 16 9 7 7 52
780.0 12 17 8 7 5 49
785.0 11 14 9 5 6 45
790.0 10 14 9 7 7 47
795.0 10 14 9 7 6 46
800.0 9 15 7 6 6 43
805.0 10 13 7 8 7 45
810.0 11 19 9 8 6 53
815.0 11 16 10 7 7 51
820.0 11 17 11 8 7 54
825.0 9 15 10 10 7 51
830.0 12 14 10 10 7 53
835.0 11 12 12 9 7 51
840.0 14 13 8 9 6 50
845.0 15 12 10 12 6 55
850.0 13 11 14 13 7 58
855.0 14 10 15 15 6 60
860.0 14 12 16 16 6 64
865.0 16 11 16 16 7 66
870.0 17 11 16 14 6 64
875.0 16 15 12 13 6 62
880.0 16 15 16 12 6 65
885.0 16 14 19 12 7 68
890.0 16 14 19 13 7 69
895.0 13 14 20 16 7 70
900.0 12 13 20 15 7 67
905.0 12 12 17 13 8 62
910.0 11 12 21 10 7 61
915.0 10 13 24 11 5 63
920.0 11 11 26 9 6 63
925.0 11 9 29 8 6 63
930.0 13 10 27 10 8 68
935.0 14 13 24 13 9 73
940.0 15 14 21 12 9 71
945.0 14 16 22 16 9 77
950.0 15 19 21 16 9 80
955.0 17 19 18 14 8 76
960.0 16 20 15 14 7 72
965.0 13 23 15 10 8 69
970.0 11 22 16 12 9 70
975.0 10 23 14 10 10 67
980.0 9 21 15 12 10 67
985.0 8 18 12 10 10 58
990.0 12 21 15 8 10 66
995.0 14 20 17 8 11 70
1000.0 14 21 20 7 11 73
1005.0 18 23 19 6 10 76
1010.0 18 26 19 6 10 79
1015.0 18 25 18 6 9 76
1020.0 16 21 21 6 8 72
1025.0 15 24 21 5 8 73
1030.0 14 21 18 7 8 68
1035.0 16 18 16 6 8 64
1040.0 17 18 18 6 7 66
1045.0 18 20 17 6 7 68
1050.0 19 18 19 5 8 69
1055.0 21 17 19 5 8 70
1060.0 18 17 20 6 9 70
1065.0 20 18 21 6 8 73
1070.0 20 19 18 7 7 71
1075.0 17 21 22 5 7 72
1080.0 15 19 19 5 8 66
1085.0 18 17 19 6 8 68
1090.0 16 17 19 6 6 64
1095.0 15 18 17 7 8 65
1100.0 15 20 13 8 8 64
1105.0 17 23 12 9 7 68
1110.0 16 24 13 12 7 72
1115.0 12 24 16 11 8 71
1120.0 9 23 18 9 7 66
1125.0 10 23 21 11 9 74
1130.0 9 25 19 14 9 76
1135.0 6 24 19 17 9 75
1140.0 8 21 24 15 9 77
1145.0 8 21 25 13 8 75
1150.0 11 19 22 11 7 70
1155.0 13 17 23 10 8 71
1160.0 12 16 22 10 10 70
1165.0 15 14 20 10 10 69
1170.0 16 13 20 12 10 71
1175.0 13 12 21 8 9 63
1180.0 14 13 23 11 11 72
1185.0 13 16 20 10 12 71
1190.0 12 17 18 8 9 64
1195.0 12 18 15 7 7 59
1200.0 11 18 13 6 5 53
1205.0 12 17 13 7 4 53
1210.0 12 18 12 7 4 53
1215.0 16 19 13 5 5 58
1220.0 14 18 13 4 4 53
1225.0 12 16 14 7 4 53
1230.0 10 13 14 8 5 50
1235.0 8 12 13 9 5 47
1240.0 9 13 11 7 5 45
1245.0 8 10 8 7 5 38
1250.0 8 9 6 7 4 34
1255.0 6 8 5 8 4 31
1260.0 7 7 5 7 4 30
1265.0 8 6 9 6 4 33
1270.0 9 5 9 5 4 32
1275.0 9 3 8 6 4 30
1280.0 7 5 6 6 3 27
1285.0 6 5 6 6 4 27
1290.0 6 6 6 5 5 28
1295.0 7 4 6 4 4 25
1300.0 5 5 5 4 4 23
1305.0 4 4 4 3 3 18
1310.0 4 5 5 2 2 18
1315.0 4 5 4 1 2 16
1320.0 3 5 4 1 1 14
1325.0 2 3 4 0 1 10
1330.0 2 3 3 1 1 10
1335.0 2 2 3 1 1 9
1340.0 3 2 2 0 1 8
1345.0 2 1 1 0 1 5
1350.0 2 1 1 0 2 6
1355.0 2 0 1 0 2 5
1360.0 2 0 1 0 2 5
1365.0 1 0 1 0 1 3
1370.0 0 0 1 0 1 2
1375.0 0 0 2 0 1 3
1380.0 0 0 2 0 1 3
1385.0 0 0 2 0 1 3
1390.0 1 0 2 0 1 4
1395.0 1 0 2 0 1 4
1400.0 1 0 1 1 1 4
1405.0 1 0 1 1 1 4
1410.0 1 0 1 1 0 3
1415.0 1 0 0 1 0 2
1420.0 1 0 0 1 0 2
1425.0 1 0 0 0 0 1
1430.0 1 0 0 0 0 1
1435.0 1 0 0 0 0 1
