5.0 0 0 0 0 0 0
10.0 0 0 0 0 0 0
15.0 0 0 0 0 0 0
20.0 0 0 0 0 0 0
25.0 0 0 0 0 0 0
30.0 0 0 0 0 0 0
35.0 0 0 0 0 0 0
40.0 0 0 0 0 0 0
45.0 0 0 0 0 0 0
50.0 0 0 0 0 0 0
55.0 0 0 0 0 0 0
60.0 0 0 0 0 0 0
65.0 0 0 0 0 0 0
70.0 0 0 0 0 0 0
75.0 0 0 0 0 0 0
80.0 0 0 0 0 0 0
85.0 0 0 0 0 0 0
90.0 0 0 0 0 0 0
95.0 0 0 0 0 0 0
100.0 0 0 0 0 0 0
105.0 0 0 0 0 0 0
110.0 0 0 0 0 0 0
115.0 0 0 0 0 0 0
120.0 0 0 0 0 0 0
125.0 0 0 0 0 0 0
130.0 0 0 0 0 0 0
135.0 0 0 0 0 0 0
140.0 0 0 0 0 0 0
145.0 0 0 0 0 0 0
150.0 0 0 0 0 0 0
155.0 0 0 0 0 0 0
160.0 0 0 0 0 0 0
165.0 0 0 0 0 0 0
170.0 0 0 0 0 0 0
175.0 0 0 0 0 0 0
180.0 0 0 0 0 0 0
185.0 0 0 0 0 0 0
190.0 0 0 0 0 0 0
195.0 0 0 0 0 0 0
200.0 0 0 0 0 0 0
205.0 0 0 0 0 0 0
210.0 0 0 0 0 0 0
215.0 0 0 0 0 0 0
220.0 0 0 0 0 0 0
225.0 0 0 0 0 0 0
230.0 0 0 0 0 0 0
235.0 0 0 0 0 0 0
240.0 0 0 0 0 0 0
245.0 0 0 0 0 0 0
250.0 0 0 0 0 0 0
255.0 0 1 0 0 0 1
260.0 0 1 1 0 0 2
265.0 0 1 1 0 0 2
270.0 0 1 1 0 0 2
275.0 0 1 1 0 0 2
280.0 0 1 1 0 0 2
285.0 0 1 1 0 0 2
290.0 0 1 1 1 0 3
295.0 0 2 1 1 0 4
300.0 0 2 0 2 0 4
305.0 0 3 2 2 0 7
310.0 0 4 2 2 0 8
315.0 0 5 4 1 0 10
320.0 2 5 3 1 0 11
325.0 2 3 5 1 0 11
330.0 2 3 5 1 2 13
335.0 2 2 5 1 2 12
340.0 2 1 5 1 2 11
345.0 1 2 4 2 2 11
350.0 1 3 5 2 1 12
355.0 1 6 5 2 1 15
360.0 2 6 7 2 2 19
365.0 3 6 7 3 2 21
370.0 5 4 7 5 3 24
375.0 5 3 9 6 3 26
380.0 4 5 10 7 4 30
385.0 5 4 9 7 4 29
390.0 6 7 8 8 5 34
395.0 4 8 12 9 6 39
400.0 4 8 14 9 6 41
405.0 5 8 15 10 7 45
410.0 8 9 14 11 7 49
415.0 8 14 16 10 7 55
420.0 11 13 19 9 8 60
425.0 14 15 20 10 9 68
430.0 15 12 21 12 8 68
435.0 14 13 21 10 8 66
440.0 10 16 21 11 8 66
445.0 14 20 20 10 9 73
450.0 20 21 25 10 9 85
455.0 27 20 27 10 9 93
460.0 24 20 25 12 11 92
465.0 22 20 27 18 13 100
470.0 21 28 39 20 13 121
475.0 30 30 39 19 16 134
480.0 38 37 43 18 15 151
485.0 41 31 41 20 16 149
490.0 43 36 51 23 15 168
495.0 47 39 51 21 14 172
500.0 48 39 57 23 13 180
505.0 44 42 64 27 14 191
510.0 48 47 66 26 15 202
515.0 53 51 69 30 19 222
520.0 49 60 70 41 20 240
525.0 51 64 73 42 23 253
530.0 47 64 74 37 26 248
535.0 53 54 77 37 27 248
540.0 53 57 83 36 29 258
545.0 58 62 89 39 27 275
550.0 62 57 87 42 24 272
555.0 69 63 91 42 24 289
560.0 76 73 94 38 23 304
565.0 77 79 95 42 27 320
570.0 82 84 92 42 29 329
575.0 79 90 102 46 30 347
580.0 83 92 108 42 30 355
585.0 75 84 111 49 28 347
590.0 74 91 107 56 28 356
595.0 76 86 102 58 29 351
600.0 73 93 104 55 31 356
605.0 69 94 104 52 31 350
610.0 74 96 109 58 33 370
615.0 82 105 109 56 34 386
620.0 77 104 113 50 36 380
625.0 83 95 116 50 34 378
630.0 87 98 116 46 36 383
635.0 83 101 113 45 31 373
640.0 82 110 117 43 32 384
645.0 85 104 118 40 35 382
650.0 87 103 115 42 36 383
655.0 85 103 112 42 37 379
660.0 82 109 112 39 37 379
665.0 79 108 105 41 35 368
670.0 83 103 106 43 36 371
675.0 79 98 102 45 42 366
680.0 90 85 104 42 40 361
685.0 91 84 112 41 42 370
690.0 88 79 113 40 43 363
695.0 84 76 104 35 44 343
700.0 76 77 94 41 41 329
705.0 71 79 94 44 40 328
710.0 75 85 90 41 40 331
715.0 76 79 91 41 41 328
720.0 73 76 90 37 48 324
725.0 69 64 92 43 50 318
730.0 69 65 93 43 49 319
735.0 63 66 90 48 45 312
740.0 66 65 88 43 45 307
745.0 65 64 97 46 45 317
750.0 66 59 99 48 44 316
755.0 64 64 93 46 45 312
760.0 63 61 88 44 43 299
765.0 63 65 88 38 42 296
770.0 64 67 87 32 41 291
775.0 56 71 79 32 40 278
780.0 50 73 74 33 40 270
785.0 51 75 73 29 36 264
790.0 55 74 74 27 35 265
795.0 60 72 75 29 34 270
800.0 59 73 73 33 30 268
805.0 56 70 75 34 25 260
810.0 58 75 81 37 27 278
815.0 56 74 82 38 21 271
820.0 61 78 85 35 23 282
825.0 56 77 85 35 19 272
830.0 64 80 82 33 20 279
835.0 63 76 81 29 23 272
840.0 59 72 72 37 26 266
845.0 60 79 65 36 26 266
850.0 65 82 73 35 27 282
855.0 67 85 79 33 28 292
860.0 66 91 82 37 30 306
865.0 62 99 85 37 34 317
870.0 62 101 90 37 33 323
875.0 61 101 96 36 31 325
880.0 57 101 96 39 31 324
885.0 59 102 89 45 28 323
890.0 65 95 90 43 29 322
895.0 68 99 95 40 26 328
900.0 78 96 94 43 25 336
905.0 77 94 94 45 26 336
910.0 79 89 95 46 26 335
915.0 80 91 89 41 28 329
920.0 74 86 90 45 30 325
925.0 78 83 91 46 31 329
930.0 76 83 100 38 29 326
935.0 68 83 97 39 30 317
940.0 70 84 99 35 33 321
945.0 71 86 101 34 35 327
950.0 72 87 104 32 33 328
955.0 68 86 110 33 34 331
960.0 66 82 112 38 33 331
965.0 58 81 111 35 35 320
970.0 60 79 105 35 37 316
975.0 58 79 102 37 37 313
980.0 62 82 95 36 34 309
985.0 67 86 92 38 33 316
990.0 69 85 90 39 33 316
995.0 66 87 94 39 31 317
1000.0 60 82 91 46 35 314
1005.0 65 74 98 46 33 316
1010.0 68 78 96 43 35 320
1015.0 74 79 95 39 38 325
1020.0 73 82 95 40 40 330
1025.0 81 82 102 41 37 343
1030.0 89 87 99 39 35 349
1035.0 84 88 103 37 34 346
1040.0 86 86 104 43 34 353
1045.0 83 93 101 43 35 355
1050.0 84 87 101 45 36 353
1055.0 87 91 103 45 38 364
1060.0 86 90 100 47 40 363
1065.0 82 92 105 57 40 376
1070.0 80 99 104 53 39 375
1075.0 75 97 115 53 40 380
1080.0 83 92 110 58 38 381
1085.0 84 94 120 57 41 396
1090.0 86 96 125 62 41 410
1095.0 87 96 124 62 43 412
1100.0 95 104 117 61 40 417
1105.0 98 110 127 63 33 431
1110.0 99 116 124 62 28 429
1115.0 96 116 128 60 31 431
1120.0 100 116 129 62 31 438
1125.0 97 115 117 58 31 418
1130.0 87 112 118 57 33 407
1135.0 92 104 122 54 35 407
1140.0 85 105 127 53 38 408
1145.0 83 98 128 50 41 400
1150.0 83 95 121 47 43 389
1155.0 79 97 125 46 40 387
1160.0 80 94 128 45 35 382
1165.0 70 100 124 50 32 376
1170.0 64 93 123 57 32 369
1175.0 66 91 121 53 35 366
1180.0 65 94 117 46 35 357
1185.0 65 83 116 44 37 345
1190.0 57 85 106 49 36 333
1195.0 61 74 104 50 35 324
1200.0 64 80 103 54 36 337
1205.0 58 69 95 56 33 311
1210.0 58 69 91 55 33 306
1215.0 64 68 85 54 31 302
1220.0 63 57 84 51 28 283
1225.0 64 55 79 48 24 270
1230.0 66 62 72 51 26 277
1235.0 69 63 72 47 27 278
1240.0 66 64 74 41 25 270
1245.0 51 59 69 42 23 244
1250.0 51 50 68 38 25 232
1255.0 47 39 56 35 23 200
1260.0 45 32 55 27 23 182
1265.0 43 35 55 23 21 177
1270.0 38 34 50 24 19 165
1275.0 39 36 46 24 20 165
1280.0 35 32 46 20 20 153
1285.0 27 27 44 16 17 131
1290.0 23 25 39 15 16 118
1295.0 22 22 35 13 14 106
1300.0 25 19 33 10 12 99
1305.0 19 15 30 14 8 86
1310.0 22 15 23 9 7 76
1315.0 15 15 17 8 7 62
1320.0 10 14 14 8 7 53
1325.0 10 15 15 6 5 51
1330.0 5 14 13 6 5 43
1335.0 5 9 11 6 5 36
1340.0 6 6 12 5 4 33
1345.0 9 5 11 4 5 34
1350.0 9 4 11 4 5 33
1355.0 9 5 8 3 5 30
1360.0 5 5 8 4 5 27
1365.0 7 5 5 3 5 25
1370.0 6 3 5 2 0 16
1375.0 5 4 4 3 0 16
1380.0 3 5 3 2 0 13
1385.0 2 5 3 2 0 12
1390.0 2 4 1 2 0 9
1395.0 4 2 2 1 0 9
1400.0 2 2 2 1 0 7
1405.0 4 3 2 1 0 10
1410.0 2 4 2 2 0 10
1415.0 2 4 3 1 0 10
1420.0 1 3 2 2 0 8
1425.0 0 2 2 2 0 6
1430.0 1 1 2 1 0 5
1435.0 1 1 2 1 0 5
