5.0 0 0 0 0 0 0
10.0 0 0 0 0 0 0
15.0 0 0 0 0 0 0
20.0 0 0 0 0 0 0
25.0 0 0 0 0 0 0
30.0 0 0 0 0 0 0
35.0 0 0 0 0 0 0
40.0 0 0 0 0 0 0
45.0 0 0 0 0 0 0
50.0 0 0 0 0 0 0
55.0 0 0 0 0 0 0
60.0 0 0 0 0 0 0
65.0 0 0 0 0 0 0
70.0 0 0 0 0 0 0
75.0 0 0 0 0 0 0
80.0 0 0 0 0 0 0
85.0 0 0 0 0 0 0
90.0 0 0 0 0 0 0
95.0 0 0 0 0 0 0
100.0 0 0 0 0 0 0
105.0 0 0 0 0 0 0
110.0 0 0 0 0 0 0
115.0 0 0 0 0 0 0
120.0 0 0 0 0 0 0
125.0 0 0 0 0 0 0
130.0 0 0 0 0 0 0
135.0 0 0 0 0 0 0
140.0 0 0 0 0 0 0
145.0 0 0 0 0 0 0
150.0 0 0 0 0 0 0
155.0 0 0 0 0 0 0
160.0 0 0 0 0 0 0
165.0 0 0 0 0 0 0
170.0 0 0 0 0 0 0
175.0 0 0 0 0 0 0
180.0 0 0 0 0 0 0
185.0 0 0 0 0 0 0
190.0 0 0 0 0 0 0
195.0 0 0 0 0 0 0
200.0 0 0 0 0 0 0
205.0 1 0 0 0 0 1
210.0 1 0 0 0 0 1
215.0 1 0 0 0 0 1
220.0 1 0 0 0 0 1
225.0 1 0 0 0 0 1
230.0 0 0 0 0 0 0
235.0 0 0 0 0 0 0
240.0 0 0 1 0 0 1
245.0 0 0 1 0 0 1
250.0 0 0 1 0 0 1
255.0 0 0 2 0 0 2
260.0 0 0 2 0 0 2
265.0 0 0 3 0 0 3
270.0 0 1 2 0 0 3
275.0 0 1 2 0 0 3
280.0 0 1 2 0 0 3
285.0 0 2 1 0 0 3
290.0 0 2 1 0 0 3
295.0 0 3 1 0 0 4
300.0 0 2 2 0 0 4
305.0 0 3 2 0 0 5
310.0 0 4 3 0 1 8
315.0 0 5 3 0 1 9
320.0 0 5 4 0 1 10
325.0 0 6 4 0 1 11
330.0 0 6 3 1 1 11
335.0 0 6 4 1 1 12
340.0 2 5 5 2 1 15
345.0 3 4 6 2 1 16
350.0 3 5 7 2 1 18
355.0 4 7 9 2 1 23
360.0 4 7 8 2 4 25
365.0 3 9 8 4 4 28
370.0 3 8 8 4 4 27
375.0 4 8 9 6 4 31
380.0 6 9 11 6 3 35
385.0 6 8 12 7 3 36
390.0 8 8 12 6 3 37
395.0 8 10 12 7 3 40
400.0 6 12 14 7 3 42
405.0 10 13 16 6 2 47
410.0 10 15 17 6 3 51
415.0 11 15 20 6 3 55
420.0 13 14 20 7 3 57
425.0 11 13 19 7 5 55
430.0 11 15 16 9 8 59
435.0 12 17 22 12 9 72
440.0 16 22 21 13 10 82
445.0 18 23 26 14 11 92
450.0 17 25 27 16 12 97
455.0 25 27 25 14 18 109
460.0 27 33 30 17 20 127
465.0 33 38 39 22 19 151
470.0 34 43 45 22 21 165
475.0 37 49 47 25 24 182
480.0 36 52 53 25 27 193
485.0 39 49 57 23 24 192
490.0 45 49 60 25 25 204
495.0 48 56 67 24 23 218
500.0 39 53 69 26 26 213
505.0 41 62 78 26 25 232
510.0 39 68 75 26 27 235
515.0 44 71 83 32 28 258
520.0 46 74 81 36 29 266
525.0 46 85 82 39 33 285
530.0 56 95 88 41 35 315
535.0 67 97 94 42 37 337
540.0 65 97 105 47 39 353
545.0 71 103 100 47 41 362
550.0 80 100 110 44 41 375
555.0 79 104 113 40 38 374
560.0 76 113 118 41 41 389
565.0 66 117 126 49 39 397
570.0 72 113 125 46 40 396
575.0 81 110 124 49 36 400
580.0 85 103 130 51 36 405
585.0 96 103 124 52 41 416
590.0 102 100 123 51 40 416
595.0 98 111 120 53 43 425
600.0 102 114 124 55 46 441
605.0 100 112 126 53 47 438
610.0 106 118 130 52 47 453
615.0 104 120 132 57 46 459
620.0 97 113 145 66 48 469
625.0 103 110 153 58 50 474
630.0 112 107 150 54 50 473
635.0 117 105 156 55 48 481
640.0 106 103 157 60 50 476
645.0 103 96 150 65 52 466
650.0 104 91 148 64 52 459
655.0 96 100 145 62 53 456
660.0 96 108 151 63 51 469
665.0 104 107 141 57 52 461
670.0 101 105 138 53 51 448
675.0 100 113 127 57 51 448
680.0 101 110 121 53 51 436
685.0 104 110 130 51 51 446
690.0 100 116 133 53 50 452
695.0 96 108 138 55 53 450
700.0 102 106 120 58 53 439
705.0 102 104 116 54 50 426
710.0 109 102 109 53 49 422
715.0 106 95 110 51 47 409
720.0 103 105 101 46 42 397
725.0 106 100 115 46 40 407
730.0 100 95 107 51 42 395
735.0 91 98 97 52 43 381
740.0 87 95 94 51 37 364
745.0 86 92 93 49 35 355
750.0 76 90 85 47 35 333
755.0 75 85 82 46 32 320
760.0 73 83 81 38 32 307
765.0 79 90 87 31 32 319
770.0 70 95 91 36 32 324
775.0 72 93 94 39 34 332
780.0 70 92 95 38 30 325
785.0 64 82 91 46 26 309
790.0 69 85 84 46 29 313
795.0 66 86 82 52 29 315
800.0 64 87 81 53 34 319
805.0 64 83 89 54 32 322
810.0 69 81 97 53 29 329
815.0 71 83 104 43 31 332
820.0 74 87 102 46 33 342
825.0 71 90 112 46 33 352
830.0 78 89 106 45 39 357
835.0 82 93 104 45 41 365
840.0 79 105 93 44 41 362
845.0 82 101 90 45 40 358
850.0 83 102 88 45 39 357
855.0 82 93 92 51 39 357
860.0 86 85 99 51 39 360
865.0 83 95 114 50 40 382
870.0 91 88 117 50 40 386
875.0 99 95 115 54 38 401
880.0 103 88 122 56 37 406
885.0 109 89 121 53 37 409
890.0 107 93 126 52 39 417
895.0 105 100 123 48 36 412
900.0 96 106 115 48 34 399
905.0 89 106 112 50 37 394
910.0 87 114 109 51 38 399
915.0 88 115 116 53 38 410
920.0 97 113 119 54 38 421
925.0 101 113 118 57 37 426
930.0 94 116 116 66 39 431
935.0 93 122 120 75 41 451
940.0 93 122 121 72 41 449
945.0 99 124 120 66 39 448
950.0 99 125 125 65 44 458
955.0 99 119 122 59 46 445
960.0 106 101 126 62 41 436
965.0 103 107 135 62 40 447
970.0 105 114 132 62 39 452
975.0 104 107 143 59 37 450
980.0 100 115 143 60 32 450
985.0 99 115 142 62 33 451
990.0 100 113 152 57 34 456
995.0 97 114 154 48 37 450
1000.0 101 112 161 48 32 454
1005.0 101 105 157 42 31 436
1010.0 95 99 150 43 34 421
1015.0 96 111 145 40 33 425
1020.0 99 109 142 39 34 423
1025.0 101 107 140 47 33 428
1030.0 100 108 139 53 37 437
1035.0 98 101 137 52 34 422
1040.0 99 104 143 61 33 440
1045.0 106 101 140 58 31 436
1050.0 107 100 144 57 31 439
1055.0 103 102 147 55 30 437
1060.0 95 108 141 59 26 429
1065.0 100 109 140 60 25 434
1070.0 100 112 138 63 28 441
1075.0 101 120 142 65 29 457
1080.0 97 116 142 66 31 452
1085.0 101 119 139 64 29 452
1090.0 97 130 139 72 31 469
1095.0 99 129 140 71 29 468
1100.0 106 136 143 68 36 489
1105.0 103 145 151 67 43 509
1110.0 104 141 151 62 45 503
1115.0 100 144 162 68 47 521
1120.0 98 139 161 65 55 518
1125.0 96 139 154 61 55 505
1130.0 101 133 145 61 53 493
1135.0 105 139 145 56 51 496
1140.0 104 149 148 55 54 510
1145.0 106 143 148 58 54 509
1150.0 108 141 156 54 56 515
1155.0 110 137 152 54 54 507
1160.0 101 124 156 57 55 493
1165.0 101 115 150 56 60 482
1170.0 102 113 144 57 54 470
1175.0 106 116 130 57 53 462
1180.0 108 119 122 59 51 459
1185.0 108 121 119 63 48 459
1190.0 104 110 114 63 48 439
1195.0 100 100 113 59 47 419
1200.0 98 103 100 57 47 405
1205.0 91 92 102 65 43 393
1210.0 80 89 94 62 43 368
1215.0 85 75 104 57 43 364
1220.0 81 66 99 60 39 345
1225.0 84 67 98 47 37 333
1230.0 81 67 100 46 35 329
1235.0 76 67 94 48 35 320
1240.0 70 65 76 41 35 287
1245.0 73 60 74 41 30 278
1250.0 67 54 76 36 28 261
1255.0 61 51 77 34 28 251
1260.0 54 49 76 33 27 239
1265.0 44 48 68 33 25 218
1270.0 41 51 65 25 22 204
1275.0 37 46 55 22 23 183
1280.0 37 42 55 21 20 175
1285.0 35 38 48 20 16 157
1290.0 35 39 43 16 14 147
1295.0 26 34 38 15 13 126
1300.0 25 31 37 13 14 120
1305.0 22 32 26 13 13 106
1310.0 21 28 24 12 9 94
1315.0 21 24 21 11 9 86
1320.0 22 19 15 10 8 74
1325.0 19 15 17 10 3 64
1330.0 19 13 13 6 3 54
1335.0 15 9 11 6 4 45
1340.0 15 9 10 4 4 42
1345.0 13 8 10 2 4 37
1350.0 9 6 12 1 2 30
1355.0 9 5 12 1 2 29
1360.0 10 3 8 1 2 24
1365.0 5 4 7 0 2 18
1370.0 3 5 7 0 2 17
1375.0 3 4 6 0 3 16
1380.0 2 3 6 0 3 14
1385.0 2 2 5 0 3 12
1390.0 2 2 5 0 2 11
1395.0 2 1 4 0 3 10
1400.0 2 1 4 0 3 10
1405.0 2 2 4 0 3 11
1410.0 2 2 4 0 1 9
1415.0 3 2 3 0 0 8
1420.0 1 2 3 1 0 7
1425.0 1 1 3 1 0 6
1430.0 1 1 2 1 0 5
1435.0 1 1 2 1 0 5
