5.0 0 0 0 0 0 0
10.0 0 0 0 0 0 0
15.0 0 0 0 0 0 0
20.0 0 0 0 0 0 0
25.0 0 0 0 0 0 0
30.0 0 0 0 0 0 0
35.0 0 0 0 0 0 0
40.0 0 0 0 0 0 0
45.0 0 0 0 0 0 0
50.0 0 0 0 0 0 0
55.0 0 0 0 0 0 0
60.0 0 0 0 0 0 0
65.0 0 0 0 0 0 0
70.0 0 0 0 0 0 0
75.0 0 0 0 0 0 0
80.0 0 0 0 0 0 0
85.0 0 0 0 0 0 0
90.0 0 0 0 0 0 0
95.0 0 0 0 0 0 0
100.0 0 0 0 0 0 0
105.0 0 0 0 0 0 0
110.0 0 0 0 0 0 0
115.0 0 0 0 0 0 0
120.0 0 0 0 0 0 0
125.0 0 0 0 0 0 0
130.0 0 0 0 0 0 0
135.0 0 0 0 0 0 0
140.0 0 0 0 0 0 0
145.0 0 0 0 0 0 0
150.0 0 0 0 0 0 0
155.0 0 0 0 0 0 0
160.0 0 0 0 0 0 0
165.0 0 0 0 0 0 0
170.0 0 0 0 0 0 0
175.0 0 0 0 0 0 0
180.0 0 0 0 0 0 0
185.0 0 0 0 0 0 0
190.0 0 0 0 0 0 0
195.0 0 0 0 0 0 0
200.0 0 0 0 0 0 0
205.0 0 0 0 0 0 0
210.0 0 0 0 0 0 0
215.0 0 0 0 0 0 0
220.0 0 0 0 0 0 0
225.0 0 0 0 0 0 0
230.0 1 0 0 0 0 1
235.0 1 0 0 0 0 1
240.0 1 0 0 0 0 1
245.0 1 0 0 0 0 1
250.0 1 0 0 0 0 1
255.0 1 0 0 0 0 1
260.0 1 0 0 0 0 1
265.0 1 0 0 0 0 1
270.0 1 0 0 0 0 1
275.0 1 0 0 0 0 1
280.0 0 0 0 0 0 0
285.0 0 0 0 0 0 0
290.0 0 0 0 0 0 0
295.0 1 0 1 0 0 2
300.0 1 0 1 0 0 2
305.0 0 1 1 0 0 2
310.0 0 2 0 0 0 2
315.0 0 2 1 0 0 3
320.0 0 2 1 0 0 3
325.0 0 2 1 0 0 3
330.0 0 2 1 0 0 3
335.0 0 2 2 0 0 4
340.0 1 2 2 0 0 5
345.0 2 2 2 0 0 6
350.0 2 3 1 0 0 6
355.0 2 3 2 0 0 7
360.0 1 4 2 0 0 7
365.0 1 5 2 0 0 8
370.0 2 4 3 0 0 9
375.0 3 5 5 0 0 13
380.0 2 5 7 2 0 16
385.0 4 4 7 2 1 18
390.0 2 4 7 3 1 17
395.0 4 4 6 3 2 19
400.0 4 4 6 3 2 19
405.0 5 3 6 4 2 20
410.0 4 3 7 4 2 20
415.0 5 3 7 3 1 19
420.0 5 1 7 3 2 18
425.0 5 1 6 3 2 17
430.0 5 2 7 3 2 19
435.0 5 3 8 3 2 21
440.0 6 6 9 3 2 26
445.0 4 9 9 5 2 29
450.0 5 11 13 4 3 36
455.0 6 12 12 5 3 38
460.0 7 12 14 6 3 42
465.0 8 12 16 7 4 47
470.0 9 13 16 8 4 50
475.0 10 15 16 8 4 53
480.0 8 15 17 10 4 54
485.0 10 15 18 9 4 56
490.0 9 16 17 10 4 56
495.0 8 15 16 9 4 52
500.0 9 16 18 10 4 57
505.0 11 18 20 11 4 64
510.0 12 16 22 11 6 67
515.0 14 17 23 9 5 68
520.0 14 19 26 6 6 71
525.0 13 21 32 6 7 79
530.0 16 23 31 6 10 86
535.0 15 20 36 6 13 90
540.0 22 22 35 5 13 97
545.0 24 23 40 4 15 106
550.0 29 24 39 3 15 110
555.0 28 27 42 4 15 116
560.0 25 27 43 4 15 114
565.0 25 34 37 4 16 116
570.0 29 34 36 4 15 118
575.0 30 33 33 6 20 122
580.0 33 36 31 7 20 127
585.0 36 38 30 9 18 131
590.0 32 45 35 13 15 140
595.0 32 44 35 14 12 137
600.0 28 46 33 15 13 135
605.0 27 47 30 15 12 131
610.0 31 46 31 14 14 136
615.0 34 41 30 14 15 134
620.0 31 40 31 18 15 135
625.0 30 41 30 21 14 136
630.0 29 39 31 22 14 135
635.0 28 40 31 26 15 140
640.0 27 38 31 29 16 141
645.0 28 41 32 25 16 142
650.0 34 35 35 21 17 142
655.0 32 31 37 21 17 138
660.0 33 30 39 19 16 137
665.0 32 31 41 22 15 141
670.0 26 32 37 20 15 130
675.0 26 39 36 22 11 134
680.0 24 36 37 20 11 128
685.0 21 35 35 22 13 126
690.0 20 40 32 20 12 124
695.0 19 42 30 18 12 121
700.0 19 40 32 16 12 119
705.0 21 39 35 13 13 121
710.0 21 37 37 15 11 121
715.0 21 36 39 13 10 119
720.0 18 33 41 13 9 114
725.0 19 30 40 12 8 109
730.0 19 29 40 14 7 109
735.0 17 31 38 16 8 110
740.0 20 27 38 16 6 107
745.0 21 28 36 16 6 107
750.0 22 24 37 15 6 104
755.0 22 21 38 13 7 101
760.0 20 17 38 14 7 96
765.0 19 17 35 14 6 91
770.0 17 18 37 16 8 96
775.0 19 24 34 18 8 103
780.0 22 27 35 14 8 106
785.0 22 27 35 14 8 106
790.0 23 24 32 16 9 104
795.0 22 27 33 18 9 109
800.0 20 30 32 18 8 108
805.0 23 29 32 17 8 109
810.0 27 31 35 16 9 118
815.0 30 37 29 14 9 119
820.0 24 35 31 16 10 116
825.0 22 37 26 19 11 115
830.0 26 32 28 21 10 117
835.0 26 31 27 18 9 111
840.0 29 30 33 14 9 115
845.0 29 30 38 13 10 120
850.0 33 26 34 13 11 117
855.0 35 28 40 12 10 125
860.0 29 29 40 10 10 118
865.0 32 30 39 8 13 122
870.0 30 29 43 12 14 128
875.0 32 31 40 13 15 131
880.0 31 26 39 14 14 124
885.0 34 25 41 11 13 124
890.0 32 28 42 10 14 126
895.0 33 31 43 12 13 132
900.0 38 33 44 12 13 140
905.0 40 33 39 13 12 137
910.0 39 34 35 14 12 134
915.0 37 34 37 15 12 135
920.0 34 33 35 17 15 134
925.0 35 33 31 18 13 130
930.0 37 32 28 20 14 131
935.0 35 31 33 20 14 133
940.0 33 30 38 20 14 135
945.0 30 32 34 22 12 130
950.0 30 34 35 22 11 132
955.0 28 37 35 23 11 134
960.0 30 37 38 24 10 139
965.0 29 37 35 25 10 136
970.0 31 32 37 26 11 137
975.0 31 34 37 23 13 138
980.0 37 35 38 26 15 151
985.0 40 33 39 22 13 147
990.0 41 33 42 20 14 150
995.0 44 36 42 15 13 150
1000.0 40 31 47 20 15 153
1005.0 45 30 49 16 13 153
1010.0 42 30 46 18 13 149
1015.0 37 34 47 19 14 151
1020.0 35 32 48 20 14 149
1025.0 31 34 47 23 14 149
1030.0 34 39 47 22 15 157
1035.0 34 35 51 22 17 159
1040.0 31 36 52 21 14 154
1045.0 33 32 51 21 15 152
1050.0 36 29 46 19 15 145
1055.0 34 25 54 19 14 146
1060.0 36 32 55 22 13 158
1065.0 38 38 52 26 15 169
1070.0 36 40 51 26 17 170
1075.0 35 41 49 24 16 165
1080.0 33 44 48 25 16 166
1085.0 32 47 50 26 16 171
1090.0 32 49 55 23 15 174
1095.0 30 52 61 25 15 183
1100.0 31 49 63 26 16 185
1105.0 32 56 56 23 16 183
1110.0 33 53 50 23 16 175
1115.0 29 52 48 22 19 170
1120.0 26 55 50 23 19 173
1125.0 30 48 51 23 16 168
1130.0 32 50 48 18 17 165
1135.0 34 51 47 17 18 167
1140.0 31 52 48 19 21 171
1145.0 31 53 51 18 22 175
1150.0 30 57 53 19 23 182
1155.0 30 54 54 19 22 179
1160.0 24 52 55 23 22 176
1165.0 20 46 57 28 19 170
1170.0 26 45 52 27 20 170
1175.0 25 40 45 25 22 157
1180.0 24 39 46 24 21 154
1185.0 24 37 41 26 20 148
1190.0 24 36 44 22 19 145
1195.0 24 38 39 23 17 141
1200.0 20 39 33 19 13 124
1205.0 16 41 32 17 11 117
1210.0 19 42 36 15 9 121
1215.0 19 41 33 15 11 119
1220.0 17 34 34 16 10 111
1225.0 15 33 36 14 11 109
1230.0 15 31 34 15 8 103
1235.0 14 32 32 12 9 99
1240.0 14 29 29 14 10 96
1245.0 12 29 28 15 10 94
1250.0 17 26 27 15 10 95
1255.0 14 23 25 13 9 84
1260.0 9 20 23 15 9 76
1265.0 9 19 22 13 9 72
1270.0 8 16 15 14 9 62
1275.0 8 13 15 11 9 56
1280.0 6 11 15 10 9 51
1285.0 8 11 12 11 8 50
1290.0 7 12 7 8 3 37
1295.0 9 13 9 4 3 38
1300.0 10 10 10 4 3 37
1305.0 9 6 8 5 4 32
1310.0 5 7 5 4 3 24
1315.0 5 8 5 2 3 23
1320.0 4 6 7 2 4 23
1325.0 3 7 5 2 4 21
1330.0 3 5 4 2 4 18
1335.0 4 3 3 1 3 14
1340.0 1 3 3 1 2 10
1345.0 1 4 3 0 1 9
1350.0 1 4 4 0 1 10
1355.0 2 3 3 0 2 10
1360.0 0 2 3 0 2 7
1365.0 1 1 0 0 2 4
1370.0 1 0 0 0 2 3
1375.0 1 0 0 0 2 3
1380.0 1 0 0 1 1 3
1385.0 0 0 0 1 1 2
1390.0 0 0 0 1 0 1
1395.0 0 0 0 1 0 1
1400.0 0 0 0 1 0 1
1405.0 0 0 0 1 0 1
1410.0 0 0 0 1 0 1
1415.0 0 0 0 1 0 1
1420.0 0 0 0 0 0 0
1425.0 0 0 0 0 0 0
1430.0 0 0 0 0 0 0
1435.0 0 0 0 0 0 0
