5.0 0 0 0 0 0 0
10.0 0 0 0 0 0 0
15.0 0 0 0 0 0 0
20.0 0 0 0 0 0 0
25.0 0 0 0 0 0 0
30.0 0 0 0 0 0 0
35.0 0 0 0 0 0 0
40.0 0 0 0 0 0 0
45.0 0 0 0 0 0 0
50.0 0 0 0 0 0 0
55.0 0 0 0 0 0 0
60.0 0 0 0 0 0 0
65.0 0 0 0 0 0 0
70.0 0 0 0 0 0 0
75.0 0 0 0 0 0 0
80.0 0 0 0 0 0 0
85.0 0 0 0 0 0 0
90.0 0 0 0 0 0 0
95.0 0 0 0 0 0 0
100.0 0 0 0 0 0 0
105.0 0 0 0 0 0 0
110.0 0 0 0 0 0 0
115.0 0 0 0 0 0 0
120.0 0 0 0 0 0 0
125.0 0 0 0 0 0 0
130.0 0 0 0 0 0 0
135.0 0 0 0 0 0 0
140.0 0 0 0 0 0 0
145.0 0 0 0 0 0 0
150.0 0 0 0 0 0 0
155.0 0 0 0 0 0 0
160.0 0 0 0 0 0 0
165.0 0 0 0 0 0 0
170.0 0 0 0 0 0 0
175.0 0 0 0 0 0 0
180.0 0 0 0 0 0 0
185.0 0 0 0 0 0 0
190.0 0 0 0 0 0 0
195.0 0 0 0 0 0 0
200.0 0 0 0 0 0 0
205.0 0 0 0 0 0 0
210.0 0 0 0 0 0 0
215.0 0 0 0 0 0 0
220.0 0 0 0 0 0 0
225.0 0 0 0 0 0 0
230.0 0 0 0 0 0 0
235.0 0 0 0 0 0 0
240.0 0 0 0 0 0 0
245.0 0 0 0 0 0 0
250.0 0 0 0 0 0 0
255.0 0 0 0 0 0 0
260.0 0 0 0 0 0 0
265.0 0 0 0 0 0 0
270.0 0 0 0 0 0 0
275.0 0 0 0 0 0 0
280.0 0 0 0 0 0 0
285.0 0 0 0 0 0 0
290.0 0 0 0 0 0 0
295.0 0 0 1 0 0 1
300.0 0 0 1 0 0 1
305.0 0 0 1 0 0 1
310.0 0 0 1 0 0 1
315.0 0 0 1 0 0 1
320.0 0 0 2 0 0 2
325.0 1 0 1 0 0 2
330.0 1 0 1 0 0 2
335.0 1 0 0 0 0 1
340.0 1 0 0 0 0 1
345.0 0 0 0 0 0 0
350.0 0 0 0 0 0 0
355.0 0 0 1 0 0 1
360.0 1 0 1 0 0 2
365.0 1 0 1 0 0 2
370.0 1 0 1 0 0 2
375.0 1 0 1 0 0 2
380.0 1 0 1 0 0 2
385.0 1 0 1 0 0 2
390.0 2 0 1 0 0 3
395.0 2 0 1 0 0 3
400.0 2 0 1 0 0 3
405.0 2 0 1 0 0 3
410.0 2 0 1 0 0 3
415.0 2 0 1 0 0 3
420.0 3 0 2 0 0 5
425.0 2 0 2 0 0 4
430.0 2 1 1 0 0 4
435.0 2 1 1 0 0 4
440.0 1 1 2 1 0 5
445.0 1 0 1 1 0 3
450.0 1 0 1 1 0 3
455.0 1 1 1 2 0 5
460.0 2 1 1 1 0 5
465.0 2 2 0 1 0 5
470.0 1 2 0 2 1 6
475.0 0 1 2 3 1 7
480.0 1 1 2 2 1 7
485.0 3 1 2 1 1 8
490.0 3 1 1 1 1 7
495.0 4 1 1 1 1 8
500.0 5 0 2 2 1 10
505.0 5 0 3 2 1 11
510.0 4 0 3 2 1 10
515.0 5 0 4 2 1 12
520.0 5 0 4 2 1 12
525.0 5 0 4 2 1 12
530.0 5 0 4 2 1 12
535.0 5 1 6 2 1 15
540.0 5 1 6 2 1 15
545.0 4 1 5 3 1 14
550.0 4 3 5 3 1 16
555.0 4 4 6 3 1 18
560.0 3 5 6 5 1 20
565.0 4 5 6 3 1 19
570.0 5 6 8 3 1 23
575.0 5 5 10 2 1 23
580.0 5 6 9 2 1 23
585.0 4 6 8 3 1 22
590.0 5 6 8 1 1 21
595.0 5 6 9 1 1 22
600.0 6 6 8 1 1 22
605.0 7 4 8 2 1 22
610.0 9 2 5 3 1 20
615.0 9 3 4 3 1 20
620.0 7 3 4 2 1 17
625.0 6 4 5 2 1 18
630.0 7 3 8 3 1 22
635.0 6 3 8 3 1 21
640.0 7 3 8 2 1 21
645.0 8 3 9 2 2 24
650.0 6 3 10 2 2 23
655.0 5 5 9 2 2 23
660.0 4 4 11 2 2 23
665.0 4 3 10 2 1 20
670.0 3 3 14 2 1 23
675.0 3 3 13 2 0 21
680.0 3 2 11 4 0 20
685.0 3 2 10 3 0 18
690.0 4 3 8 3 0 18
695.0 4 4 7 2 0 17
700.0 4 4 7 3 0 18
705.0 6 4 8 2 0 20
710.0 7 4 9 2 1 23
715.0 4 5 8 3 1 21
720.0 5 4 7 2 1 19
725.0 4 5 6 2 1 18
730.0 4 4 5 2 1 16
735.0 3 4 4 3 1 15
740.0 3 5 5 2 1 16
745.0 2 4 6 3 2 17
750.0 3 4 6 2 2 17
755.0 2 4 6 1 2 15
760.0 1 3 7 2 3 16
765.0 2 3 6 2 3 16
770.0 1 3 7 2 3 16
775.0 1 3 5 3 2 14
780.0 2 3 4 3 3 15
785.0 2 3 5 2 3 15
790.0 3 2 4 1 3 13
795.0 3 2 4 1 3 13
800.0 3 2 4 3 3 15
805.0 3 1 4 3 3 14
810.0 3 1 3 3 3 13
815.0 3 1 4 3 3 14
820.0 2 1 5 3 3 14
825.0 2 2 5 2 3 14
830.0 2 2 5 1 3 13
835.0 2 2 5 1 3 13
840.0 2 2 5 0 2 11
845.0 2 2 4 0 1 9
850.0 3 1 4 2 1 11
855.0 4 2 2 2 1 11
860.0 5 2 2 2 2 13
865.0 5 2 3 1 2 13
870.0 7 2 4 2 2 17
875.0 6 3 4 2 2 17
880.0 6 3 4 2 2 17
885.0 4 4 3 2 1 14
890.0 4 4 3 2 1 14
895.0 3 4 3 2 2 14
900.0 3 3 3 2 2 13
905.0 4 3 5 4 2 18
910.0 4 4 5 4 3 20
915.0 3 5 5 4 3 20
920.0 4 5 5 5 3 22
925.0 2 4 6 6 3 21
930.0 3 5 6 4 2 20
935.0 3 4 7 4 2 20
940.0 1 5 6 4 2 18
945.0 2 3 7 4 2 18
950.0 2 3 8 5 2 20
955.0 1 4 8 6 2 21
960.0 0 5 6 4 2 17
965.0 0 5 5 4 3 17
970.0 2 4 6 5 3 20
975.0 3 2 4 2 4 15
980.0 3 3 3 1 3 13
985.0 3 3 3 1 3 13
990.0 2 3 3 1 2 11
995.0 2 3 4 1 2 12
1000.0 2 3 4 1 2 12
1005.0 2 3 4 2 3 14
1010.0 2 2 5 3 4 16
1015.0 2 1 5 3 4 15
1020.0 2 2 1 2 5 12
1025.0 1 3 1 2 5 12
1030.0 1 4 3 2 5 15
1035.0 1 4 4 2 5 16
1040.0 1 2 6 2 4 15
1045.0 2 3 4 1 4 14
1050.0 3 3 4 0 4 14
1055.0 4 3 3 0 4 14
1060.0 3 1 3 0 4 11
1065.0 3 1 4 0 3 11
1070.0 3 1 3 0 3 10
1075.0 4 0 3 1 3 11
1080.0 5 1 5 1 3 15
1085.0 6 1 6 1 4 18
1090.0 5 1 7 1 4 18
1095.0 4 2 9 0 3 18
1100.0 2 3 9 0 3 17
1105.0 2 2 7 0 2 13
1110.0 2 2 8 0 2 14
1115.0 2 4 6 0 3 15
1120.0 1 4 5 0 3 13
1125.0 2 4 6 0 2 14
1130.0 1 5 4 0 1 11
1135.0 1 5 5 0 1 12
1140.0 1 4 5 0 1 11
1145.0 2 5 6 0 2 15
1150.0 2 7 4 1 1 15
1155.0 2 7 5 2 1 17
1160.0 3 8 5 2 0 18
1165.0 3 6 5 2 0 16
1170.0 2 7 5 2 0 16
1175.0 2 7 4 2 0 15
1180.0 2 7 3 2 0 14
1185.0 4 7 3 2 0 16
1190.0 4 5 3 2 0 14
1195.0 4 5 3 2 0 14
1200.0 5 4 2 1 0 12
1205.0 5 4 2 1 1 13
1210.0 4 4 3 2 0 13
1215.0 2 5 3 2 1 13
1220.0 2 4 3 2 1 12
1225.0 2 5 3 2 0 12
1230.0 1 6 2 2 1 12
1235.0 2 5 2 1 1 11
1240.0 2 5 2 1 1 11
1245.0 2 5 3 1 1 12
1250.0 3 5 3 1 1 13
1255.0 3 5 3 1 1 13
1260.0 2 5 3 2 1 13
1265.0 1 4 3 2 1 11
1270.0 0 3 4 2 1 10
1275.0 0 3 1 2 1 7
1280.0 0 3 1 0 1 5
1285.0 0 4 1 0 1 6
1290.0 0 2 1 0 1 4
1295.0 0 2 0 0 1 3
1300.0 0 2 0 0 1 3
1305.0 0 2 0 0 1 3
1310.0 0 1 0 1 1 3
1315.0 2 0 0 1 1 4
1320.0 2 1 0 1 1 5
1325.0 1 1 0 1 0 3
1330.0 1 1 0 1 0 3
1335.0 1 0 1 1 0 3
1340.0 1 0 1 1 0 3
1345.0 1 0 1 1 0 3
1350.0 0 0 1 1 0 2
1355.0 0 0 1 1 0 2
1360.0 0 0 1 0 0 1
1365.0 0 0 1 0 0 1
1370.0 0 0 1 0 0 1
1375.0 0 0 1 0 0 1
1380.0 0 0 0 0 0 0
1385.0 0 0 0 0 0 0
1390.0 0 0 0 0 0 0
1395.0 0 0 0 0 0 0
1400.0 0 0 0 0 0 0
1405.0 0 0 0 0 0 0
1410.0 0 0 0 0 0 0
1415.0 0 0 0 0 0 0
1420.0 0 0 0 0 0 0
1425.0 0 0 0 0 0 0
1430.0 0 0 0 0 0 0
1435.0 0 0 0 0 0 0
