5.0 0 0 0 0 0 0
10.0 0 0 0 0 0 0
15.0 0 0 0 0 0 0
20.0 0 0 0 0 0 0
25.0 0 0 0 0 0 0
30.0 0 0 0 0 0 0
35.0 0 0 0 0 0 0
40.0 0 0 0 0 0 0
45.0 0 0 0 0 0 0
50.0 0 0 0 0 0 0
55.0 0 0 0 0 0 0
60.0 0 0 0 0 0 0
65.0 0 0 0 0 0 0
70.0 0 0 0 0 0 0
75.0 0 0 0 0 0 0
80.0 0 0 0 0 0 0
85.0 0 0 0 0 0 0
90.0 0 0 0 0 0 0
95.0 0 0 0 0 0 0
100.0 0 0 0 0 0 0
105.0 0 0 0 0 0 0
110.0 0 0 0 0 0 0
115.0 0 0 0 0 0 0
120.0 0 0 0 0 0 0
125.0 0 0 0 0 0 0
130.0 0 0 0 0 0 0
135.0 0 0 0 0 0 0
140.0 0 0 0 0 0 0
145.0 0 0 0 0 0 0
150.0 0 0 0 0 0 0
155.0 0 0 0 0 0 0
160.0 0 0 0 0 0 0
165.0 0 0 0 0 0 0
170.0 0 0 0 0 0 0
175.0 0 0 0 0 0 0
180.0 0 0 0 0 0 0
185.0 0 0 0 0 0 0
190.0 0 0 0 0 0 0
195.0 0 0 0 0 0 0
200.0 0 0 0 0 0 0
205.0 0 0 0 0 0 0
210.0 0 0 0 0 0 0
215.0 0 0 0 0 0 0
220.0 0 0 0 0 0 0
225.0 0 0 0 0 0 0
230.0 0 0 0 0 0 0
235.0 0 0 0 0 0 0
240.0 0 0 0 0 0 0
245.0 0 0 0 0 0 0
250.0 0 0 0 0 0 0
255.0 0 0 0 0 0 0
260.0 0 0 0 0 0 0
265.0 0 0 0 0 0 0
270.0 0 0 0 0 0 0
275.0 0 0 0 0 0 0
280.0 0 0 0 0 0 0
285.0 0 0 0 0 0 0
290.0 0 0 0 0 0 0
295.0 0 0 0 0 0 0
300.0 0 0 0 0 0 0
305.0 0 0 0 0 0 0
310.0 0 0 0 0 0 0
315.0 0 0 0 0 0 0
320.0 0 0 0 0 0 0
325.0 0 0 0 0 0 0
330.0 0 0 0 0 0 0
335.0 0 0 0 0 0 0
340.0 0 0 0 0 0 0
345.0 0 0 0 0 0 0
350.0 0 0 0 0 0 0
355.0 0 0 0 0 0 0
360.0 0 0 0 0 0 0
365.0 0 0 0 0 0 0
370.0 0 0 0 0 0 0
375.0 0 0 0 0 0 0
380.0 0 0 0 0 0 0
385.0 0 0 0 0 0 0
390.0 0 0 0 0 0 0
395.0 0 0 0 0 1 1
400.0 0 0 0 0 1 1
405.0 0 0 0 0 1 1
410.0 1 0 0 0 1 2
415.0 1 0 3 0 1 5
420.0 1 0 3 0 1 5
425.0 1 1 1 0 1 4
430.0 2 1 1 0 1 5
435.0 2 1 1 0 1 5
440.0 1 2 1 0 1 5
445.0 0 4 2 0 2 8
450.0 0 4 2 0 2 8
455.0 0 4 2 0 2 8
460.0 0 6 2 0 2 10
465.0 0 7 2 0 2 11
470.0 1 7 1 0 2 11
475.0 1 8 2 0 2 13
480.0 1 9 1 1 2 14
485.0 1 9 2 1 2 15
490.0 0 9 2 2 2 15
495.0 0 8 2 2 2 14
500.0 1 8 1 1 2 13
505.0 2 8 1 1 2 14
510.0 3 8 1 0 2 14
515.0 3 7 3 0 2 15
520.0 2 7 3 1 2 15
525.0 3 5 3 1 2 14
530.0 4 5 3 1 2 15
535.0 5 5 3 0 2 15
540.0 6 5 4 0 2 17
545.0 5 7 5 0 2 19
550.0 5 9 7 2 1 24
555.0 5 8 7 2 2 24
560.0 4 7 9 4 2 26
565.0 6 5 9 4 2 26
570.0 7 5 8 4 2 26
575.0 6 7 5 3 2 23
580.0 5 6 5 4 2 22
585.0 5 6 8 4 2 25
590.0 4 6 10 3 2 25
595.0 5 7 12 3 2 29
600.0 5 6 13 1 2 27
605.0 5 5 12 3 2 27
610.0 4 5 11 3 2 25
615.0 6 6 11 2 2 27
620.0 9 7 12 2 2 32
625.0 10 8 13 2 2 35
630.0 10 8 12 4 2 36
635.0 12 8 10 2 2 34
640.0 12 8 8 4 2 34
645.0 13 9 8 5 2 37
650.0 13 8 9 4 2 36
655.0 16 7 9 3 2 37
660.0 17 6 8 5 3 39
665.0 14 5 8 5 4 36
670.0 14 5 8 5 5 37
675.0 13 4 10 4 4 35
680.0 13 4 11 4 4 36
685.0 9 3 12 4 4 32
690.0 10 4 11 3 4 32
695.0 10 5 10 2 4 31
700.0 9 8 10 2 4 33
705.0 7 9 9 2 6 33
710.0 5 8 11 3 5 32
715.0 5 8 11 3 4 31
720.0 5 7 13 3 3 31
725.0 5 6 12 4 3 30
730.0 4 5 12 5 2 28
735.0 4 7 12 5 2 30
740.0 3 8 9 4 1 25
745.0 4 8 8 4 2 26
750.0 3 9 9 3 1 25
755.0 4 8 9 3 0 24
760.0 4 6 9 3 0 22
765.0 2 6 11 3 1 23
770.0 2 6 10 3 1 22
775.0 4 6 10 3 1 24
780.0 3 7 9 3 1 23
785.0 3 7 7 2 1 20
790.0 3 6 7 1 0 17
795.0 4 7 9 1 0 21
800.0 5 6 8 1 0 20
805.0 5 7 11 2 0 25
810.0 6 6 12 2 0 26
815.0 6 5 13 2 0 26
820.0 6 5 16 1 0 28
825.0 5 7 16 1 1 30
830.0 3 8 15 1 1 28
835.0 5 9 13 1 1 29
840.0 5 8 13 1 1 28
845.0 5 8 10 1 2 26
850.0 7 7 12 2 2 30
855.0 6 8 12 3 2 31
860.0 5 8 10 3 2 28
865.0 5 8 11 3 2 29
870.0 5 7 12 2 2 28
875.0 3 10 10 3 2 28
880.0 5 10 12 2 2 31
885.0 5 11 12 2 2 32
890.0 3 9 14 2 2 30
895.0 5 10 11 3 3 32
900.0 4 11 11 3 2 31
905.0 4 10 12 3 2 31
910.0 4 11 14 3 3 35
915.0 3 11 15 3 4 36
920.0 5 11 14 3 4 37
925.0 5 10 12 3 4 34
930.0 6 7 13 3 4 33
935.0 7 7 10 2 3 29
940.0 6 7 10 2 3 28
945.0 9 7 10 2 2 30
950.0 9 7 11 2 2 31
955.0 10 7 12 1 2 32
960.0 10 6 12 1 2 31
965.0 11 8 12 1 2 34
970.0 10 9 12 4 2 37
975.0 8 8 14 5 2 37
980.0 9 8 12 6 3 38
985.0 11 9 10 8 3 41
990.0 11 9 11 7 3 41
995.0 8 11 12 7 3 41
1000.0 10 9 9 7 3 38
1005.0 9 9 9 6 3 36
1010.0 11 11 7 5 1 35
1015.0 7 8 11 10 1 37
1020.0 6 8 10 10 2 36
1025.0 7 8 8 9 3 35
1030.0 7 8 7 9 2 33
1035.0 6 9 10 8 3 36
1040.0 4 10 11 7 3 35
1045.0 5 10 12 7 5 39
1050.0 6 8 10 7 6 37
1055.0 8 12 9 5 6 40
1060.0 8 11 8 4 6 37
1065.0 6 10 8 4 6 34
1070.0 6 11 8 4 5 34
1075.0 7 11 8 4 5 35
1080.0 6 11 11 3 5 36
1085.0 5 8 12 5 5 35
1090.0 7 9 13 5 5 39
1095.0 5 11 15 5 5 41
1100.0 6 12 17 6 5 46
1105.0 9 8 17 8 4 46
1110.0 10 8 17 9 4 48
1115.0 12 7 17 8 4 48
1120.0 11 10 18 6 3 48
1125.0 11 12 18 4 3 48
1130.0 10 13 18 3 4 48
1135.0 10 11 17 3 4 45
1140.0 8 10 18 6 5 47
1145.0 7 11 16 6 5 45
1150.0 5 9 19 6 5 44
1155.0 5 9 15 6 6 41
1160.0 6 9 16 6 5 42
1165.0 6 9 15 6 5 41
1170.0 6 7 16 8 4 41
1175.0 6 6 16 9 4 41
1180.0 4 6 19 10 3 42
1185.0 5 4 17 8 3 37
1190.0 5 3 14 7 3 32
1195.0 5 1 13 7 2 28
1200.0 4 3 12 5 2 26
1205.0 5 3 11 5 2 26
1210.0 6 4 9 6 3 28
1215.0 6 6 7 5 3 27
1220.0 8 5 8 5 3 29
1225.0 8 8 8 4 3 31
1230.0 7 9 7 4 2 29
1235.0 8 9 6 3 1 27
1240.0 7 7 5 3 1 23
1245.0 7 6 4 3 0 20
1250.0 6 3 5 2 0 16
1255.0 5 3 4 1 0 13
1260.0 3 6 5 1 1 16
1265.0 3 6 5 1 1 16
1270.0 2 4 4 1 1 12
1275.0 1 3 4 1 1 10
1280.0 2 2 3 1 1 9
1285.0 3 1 3 1 1 9
1290.0 2 1 3 0 2 8
1295.0 2 1 3 0 1 7
1300.0 1 1 3 1 1 7
1305.0 0 1 4 1 1 7
1310.0 0 1 3 1 1 6
1315.0 1 1 3 0 0 5
1320.0 1 1 3 0 0 5
1325.0 1 0 3 1 0 5
1330.0 1 0 2 1 0 4
1335.0 1 0 2 1 0 4
1340.0 0 0 1 0 0 1
1345.0 0 0 1 0 0 1
1350.0 0 0 1 0 0 1
1355.0 0 0 2 0 0 2
1360.0 0 0 1 0 0 1
1365.0 0 0 1 0 0 1
1370.0 0 0 1 0 0 1
1375.0 0 1 0 0 0 1
1380.0 0 1 0 0 0 1
1385.0 0 1 0 0 0 1
1390.0 0 1 0 0 0 1
1395.0 0 1 0 0 0 1
1400.0 0 1 0 0 0 1
1405.0 0 0 0 0 0 0
1410.0 0 0 0 0 0 0
1415.0 0 0 0 0 0 0
1420.0 0 0 0 0 0 0
1425.0 0 0 0 0 0 0
1430.0 0 0 0 0 0 0
1435.0 0 0 0 0 0 0
