5.0 0 0 0 0 0 0
10.0 0 0 0 0 0 0
15.0 0 0 0 0 0 0
20.0 0 0 0 0 0 0
25.0 0 0 0 0 0 0
30.0 0 0 0 0 0 0
35.0 0 0 0 0 0 0
40.0 0 0 0 0 0 0
45.0 0 0 0 0 0 0
50.0 0 0 0 0 0 0
55.0 0 0 0 0 0 0
60.0 0 0 0 0 0 0
65.0 0 0 0 0 0 0
70.0 0 0 0 0 0 0
75.0 0 0 0 0 0 0
80.0 0 0 0 0 0 0
85.0 0 0 0 0 0 0
90.0 0 0 0 0 0 0
95.0 0 0 0 0 0 0
100.0 0 0 0 0 0 0
105.0 0 0 0 0 0 0
110.0 0 0 0 0 0 0
115.0 0 0 0 0 0 0
120.0 0 0 0 0 0 0
125.0 0 0 0 0 0 0
130.0 0 0 0 0 0 0
135.0 0 0 0 0 0 0
140.0 0 0 0 0 0 0
145.0 0 0 0 0 0 0
150.0 0 0 0 0 0 0
155.0 0 0 0 0 0 0
160.0 0 0 0 0 0 0
165.0 0 0 0 0 0 0
170.0 0 0 0 0 0 0
175.0 0 0 0 0 0 0
180.0 0 0 0 0 0 0
185.0 0 0 0 0 0 0
190.0 0 0 0 0 0 0
195.0 0 0 0 0 0 0
200.0 0 0 0 0 0 0
205.0 0 0 0 0 0 0
210.0 0 0 0 0 0 0
215.0 0 0 0 0 0 0
220.0 0 0 0 0 0 0
225.0 0 0 0 0 0 0
230.0 0 0 0 0 0 0
235.0 0 0 0 0 0 0
240.0 0 0 0 0 0 0
245.0 0 0 0 0 0 0
250.0 0 0 0 0 0 0
255.0 0 0 0 0 0 0
260.0 0 0 0 0 0 0
265.0 0 0 0 0 0 0
270.0 0 0 0 0 0 0
275.0 0 0 0 0 0 0
280.0 0 0 0 0 0 0
285.0 0 0 0 0 0 0
290.0 0 0 0 0 0 0
295.0 0 0 0 0 0 0
300.0 0 0 0 0 0 0
305.0 0 0 0 0 0 0
310.0 0 0 0 0 0 0
315.0 0 0 0 0 0 0
320.0 0 0 1 0 0 1
325.0 0 0 1 0 0 1
330.0 0 0 1 0 1 2
335.0 0 1 2 0 1 4
340.0 0 1 2 0 1 4
345.0 0 1 2 0 0 3
350.0 0 1 3 0 0 4
355.0 1 2 2 0 0 5
360.0 1 2 4 0 1 8
365.0 1 2 5 0 2 10
370.0 2 2 4 1 3 12
375.0 3 4 6 1 3 17
380.0 4 4 6 2 3 19
385.0 7 3 5 2 3 20
390.0 7 5 7 2 3 24
395.0 7 7 8 3 3 28
400.0 7 5 11 2 4 29
405.0 7 4 16 2 5 34
410.0 11 5 17 2 5 40
415.0 13 8 18 2 6 47
420.0 12 10 18 4 7 51
425.0 13 10 20 4 8 55
430.0 14 10 22 6 8 60
435.0 16 14 24 8 8 70
440.0 17 17 23 10 7 74
445.0 16 18 28 11 8 81
450.0 16 20 30 14 8 88
455.0 15 23 29 14 9 90
460.0 19 22 32 15 9 97
465.0 20 26 36 13 8 103
470.0 22 23 38 15 9 107
475.0 26 23 41 15 10 115
480.0 36 28 44 14 11 133
485.0 44 31 47 14 11 147
490.0 44 31 45 14 13 147
495.0 47 41 47 14 13 162
500.0 45 45 55 16 14 175
505.0 42 45 52 20 15 174
510.0 43 46 49 22 18 178
515.0 51 56 55 22 19 203
520.0 48 56 54 22 20 200
525.0 56 59 59 22 23 219
530.0 59 62 63 26 25 235
535.0 67 61 66 30 28 252
540.0 64 69 70 30 28 261
545.0 63 69 75 35 31 273
550.0 60 71 85 39 34 289
555.0 63 74 83 37 34 291
560.0 66 77 84 35 33 295
565.0 72 82 81 35 35 305
570.0 71 84 88 39 35 317
575.0 69 80 92 38 30 309
580.0 70 81 96 39 31 317
585.0 72 82 101 41 30 326
590.0 78 81 105 42 34 340
595.0 80 91 104 49 33 357
600.0 82 94 101 53 31 361
605.0 82 95 96 54 32 359
610.0 87 91 89 54 33 354
615.0 91 90 92 53 34 360
620.0 84 95 94 51 35 359
625.0 82 93 93 48 38 354
630.0 78 91 87 55 40 351
635.0 72 87 94 57 40 350
640.0 69 93 103 53 40 358
645.0 67 89 116 47 40 359
650.0 72 95 115 45 41 368
655.0 74 93 122 42 40 371
660.0 73 91 112 40 38 354
665.0 70 85 112 43 40 350
670.0 72 85 111 38 42 348
675.0 79 82 106 35 40 342
680.0 75 82 109 35 39 340
685.0 63 80 111 35 36 325
690.0 56 83 116 38 35 328
695.0 59 73 115 39 37 323
700.0 64 68 111 39 38 320
705.0 64 65 106 42 37 314
710.0 69 62 104 40 35 310
715.0 71 67 97 37 33 305
720.0 70 65 98 40 31 304
725.0 63 66 93 38 32 292
730.0 64 70 80 40 34 288
735.0 63 70 80 41 36 290
740.0 69 66 73 37 34 279
745.0 66 63 77 35 32 273
750.0 67 60 74 36 33 270
755.0 62 65 71 38 35 271
760.0 60 65 71 34 34 264
765.0 61 65 74 34 31 265
770.0 60 72 84 32 32 280
775.0 57 69 86 30 31 273
780.0 53 65 89 30 33 270
785.0 56 59 86 33 35 269
790.0 65 57 85 32 30 269
795.0 71 57 84 30 26 268
800.0 67 51 85 32 27 262
805.0 64 54 94 34 27 273
810.0 59 50 96 33 26 264
815.0 60 54 94 33 26 267
820.0 56 53 99 36 24 268
825.0 61 54 100 39 22 276
830.0 60 59 105 39 22 285
835.0 64 57 104 35 22 282
840.0 63 62 101 37 23 286
845.0 58 70 95 37 26 286
850.0 60 73 93 43 25 294
855.0 62 74 93 40 25 294
860.0 67 76 97 38 23 301
865.0 66 74 93 39 25 297
870.0 69 69 104 37 25 304
875.0 73 69 106 40 29 317
880.0 70 69 107 49 28 323
885.0 70 71 99 57 29 326
890.0 69 72 102 58 30 331
895.0 70 72 97 58 31 328
900.0 76 78 100 54 31 339
905.0 74 79 96 55 34 338
910.0 73 83 97 58 39 350
915.0 72 84 88 64 41 349
920.0 71 82 86 61 42 342
925.0 73 83 91 60 43 350
930.0 76 79 87 55 45 342
935.0 76 78 90 55 42 341
940.0 74 85 98 55 42 354
945.0 72 90 98 52 39 351
950.0 75 96 98 51 37 357
955.0 83 100 96 46 36 361
960.0 82 100 99 49 35 365
965.0 79 101 93 46 34 353
970.0 69 95 99 50 34 347
975.0 67 88 103 49 33 340
980.0 68 88 100 51 35 342
985.0 72 90 100 48 35 345
990.0 74 88 104 53 36 355
995.0 78 86 103 45 34 346
1000.0 81 88 98 46 32 345
1005.0 76 87 99 48 33 343
1010.0 71 79 108 49 33 340
1015.0 76 74 116 50 35 351
1020.0 71 71 117 51 37 347
1025.0 67 68 116 48 38 337
1030.0 76 72 110 50 39 347
1035.0 82 73 116 55 40 366
1040.0 83 78 116 45 40 362
1045.0 97 79 114 48 42 380
1050.0 93 88 115 50 43 389
1055.0 90 84 118 44 44 380
1060.0 84 85 122 45 46 382
1065.0 89 85 123 43 50 390
1070.0 87 85 125 44 52 393
1075.0 83 84 123 45 49 384
1080.0 81 81 115 41 46 364
1085.0 87 86 116 48 45 382
1090.0 87 85 116 55 45 388
1095.0 82 95 114 64 45 400
1100.0 76 102 112 60 46 396
1105.0 82 100 120 62 42 406
1110.0 89 105 120 54 40 408
1115.0 95 94 125 52 41 407
1120.0 101 91 129 52 43 416
1125.0 106 83 118 54 46 407
1130.0 99 83 117 57 46 402
1135.0 103 91 121 52 48 415
1140.0 95 89 125 62 50 421
1145.0 89 88 129 61 53 420
1150.0 90 96 123 65 53 427
1155.0 89 96 128 55 49 417
1160.0 90 95 122 50 46 403
1165.0 95 95 119 54 47 410
1170.0 97 94 127 55 45 418
1175.0 93 91 120 54 44 402
1180.0 91 87 116 47 45 386
1185.0 96 92 97 44 42 371
1190.0 93 88 96 45 39 361
1195.0 86 85 93 49 39 352
1200.0 89 84 93 40 40 346
1205.0 91 81 84 40 38 334
1210.0 80 73 84 41 35 313
1215.0 79 72 83 37 32 303
1220.0 76 69 78 38 31 292
1225.0 75 68 71 40 27 281
1230.0 70 64 68 39 27 268
1235.0 61 68 68 40 27 264
1240.0 47 60 63 43 24 237
1245.0 46 58 58 44 23 229
1250.0 40 59 55 43 24 221
1255.0 42 53 47 37 20 199
1260.0 42 42 44 33 18 179
1265.0 45 38 35 27 15 160
1270.0 42 35 36 25 18 156
1275.0 32 29 37 22 18 138
1280.0 27 26 36 19 18 126
1285.0 28 27 33 17 18 123
1290.0 28 26 32 16 15 117
1295.0 26 24 31 16 14 111
1300.0 21 25 27 14 15 102
1305.0 18 22 26 14 13 93
1310.0 16 24 24 13 12 89
1315.0 15 20 22 9 10 76
1320.0 17 21 19 8 11 76
1325.0 16 21 17 5 10 69
1330.0 10 20 17 5 7 59
1335.0 8 16 16 5 8 53
1340.0 6 16 13 4 7 46
1345.0 4 13 9 4 7 37
1350.0 5 13 6 2 8 34
1355.0 5 13 8 2 7 35
1360.0 5 7 7 2 7 28
1365.0 5 8 6 4 5 28
1370.0 5 4 4 4 4 21
1375.0 5 4 4 5 4 22
1380.0 5 4 2 4 4 19
1385.0 6 3 2 2 3 16
1390.0 4 4 2 1 3 14
1395.0 3 3 0 1 3 10
1400.0 2 2 0 2 1 7
1405.0 2 2 0 2 1 7
1410.0 2 2 0 2 1 7
1415.0 2 1 0 2 1 6
1420.0 2 1 0 2 1 6
1425.0 2 1 0 0 1 4
1430.0 2 1 0 0 1 4
1435.0 2 1 0 0 0 3
