5.0 0 0 0 0 0 0
10.0 0 0 0 0 0 0
15.0 0 0 0 0 0 0
20.0 0 0 0 0 0 0
25.0 0 0 0 0 0 0
30.0 0 0 0 0 0 0
35.0 0 0 0 0 0 0
40.0 0 0 0 0 0 0
45.0 0 0 0 0 0 0
50.0 0 0 0 0 0 0
55.0 0 0 0 0 0 0
60.0 0 0 0 0 0 0
65.0 0 0 0 0 0 0
70.0 0 0 0 0 0 0
75.0 0 0 0 0 0 0
80.0 0 0 0 0 0 0
85.0 0 0 0 0 0 0
90.0 0 0 0 0 0 0
95.0 0 0 0 0 0 0
100.0 0 0 0 0 0 0
105.0 0 0 0 0 0 0
110.0 0 0 0 0 0 0
115.0 0 0 0 0 0 0
120.0 0 0 0 0 0 0
125.0 0 0 0 0 0 0
130.0 0 0 0 0 0 0
135.0 0 0 0 0 0 0
140.0 0 0 0 0 0 0
145.0 0 0 0 0 0 0
150.0 0 0 0 0 0 0
155.0 0 0 0 0 0 0
160.0 0 0 0 0 0 0
165.0 0 0 0 0 0 0
170.0 0 0 0 0 0 0
175.0 0 0 0 0 0 0
180.0 0 0 0 0 0 0
185.0 0 0 0 0 0 0
190.0 0 0 0 0 0 0
195.0 0 0 0 0 0 0
200.0 0 0 0 0 0 0
205.0 0 0 0 0 0 0
210.0 0 0 0 0 0 0
215.0 0 0 0 0 0 0
220.0 0 0 0 0 0 0
225.0 0 0 0 0 0 0
230.0 0 0 0 0 0 0
235.0 0 0 0 0 0 0
240.0 0 0 0 0 0 0
245.0 0 0 0 0 0 0
250.0 0 0 0 0 0 0
255.0 0 0 0 0 0 0
260.0 0 0 0 0 0 0
265.0 0 0 0 0 0 0
270.0 0 0 0 0 0 0
275.0 0 0 0 0 0 0
280.0 0 0 0 0 0 0
285.0 0 0 0 0 0 0
290.0 0 0 1 0 0 1
295.0 0 0 1 0 0 1
300.0 0 1 1 0 0 2
305.0 0 1 1 0 0 2
310.0 1 1 1 0 0 3
315.0 1 1 1 0 0 3
320.0 1 1 1 0 0 3
325.0 1 1 1 0 0 3
330.0 0 1 1 1 0 3
335.0 0 2 1 1 1 5
340.0 0 2 0 0 1 3
345.0 0 2 1 0 1 4
350.0 0 2 1 0 2 5
355.0 1 3 1 0 2 7
360.0 1 3 1 0 2 7
365.0 1 3 2 0 2 8
370.0 0 5 4 1 2 12
375.0 0 5 4 1 2 12
380.0 0 4 4 1 2 11
385.0 0 4 4 0 2 10
390.0 2 3 4 0 2 11
395.0 3 4 5 1 2 15
400.0 4 4 6 2 2 18
405.0 4 6 8 2 2 22
410.0 4 8 10 2 2 26
415.0 5 7 10 2 2 26
420.0 6 7 11 3 3 30
425.0 5 7 13 5 3 33
430.0 5 7 14 5 2 33
435.0 2 8 14 7 3 34
440.0 3 8 13 6 3 33
445.0 5 6 15 6 2 34
450.0 5 6 16 6 3 36
455.0 6 7 17 7 3 40
460.0 5 7 18 7 4 41
465.0 9 8 17 7 3 44
470.0 10 9 19 10 2 50
475.0 14 8 14 9 3 48
480.0 14 9 16 7 4 50
485.0 15 12 22 8 5 62
490.0 13 14 23 9 4 63
495.0 16 16 25 11 5 73
500.0 22 19 23 10 5 79
505.0 23 17 24 9 6 79
510.0 25 19 25 10 6 85
515.0 23 23 28 11 6 91
520.0 21 27 28 12 6 94
525.0 22 30 30 11 8 101
530.0 20 34 31 12 11 108
535.0 22 41 34 9 10 116
540.0 21 41 36 12 11 121
545.0 24 44 39 14 11 132
550.0 23 46 43 13 12 137
555.0 24 48 43 12 13 140
560.0 25 45 41 12 13 136
565.0 25 44 46 16 11 142
570.0 22 46 50 19 11 148
575.0 23 46 51 21 12 153
580.0 23 51 49 24 11 158
585.0 26 51 57 23 13 170
590.0 34 50 56 23 15 178
595.0 35 49 57 22 18 181
600.0 36 40 57 21 19 173
605.0 36 49 55 24 21 185
610.0 37 51 56 23 20 187
615.0 42 47 50 27 23 189
620.0 39 48 49 27 22 185
625.0 36 46 49 31 22 184
630.0 36 40 50 29 24 179
635.0 37 43 47 25 25 177
640.0 38 47 47 24 22 178
645.0 39 46 53 24 21 183
650.0 39 43 53 25 20 180
655.0 40 39 53 23 18 173
660.0 40 37 52 24 18 171
665.0 38 38 55 20 16 167
670.0 38 39 51 18 16 162
675.0 35 38 49 21 20 163
680.0 33 43 51 24 19 170
685.0 31 42 52 22 23 170
690.0 40 41 51 21 23 176
695.0 39 33 50 17 23 162
700.0 36 34 48 21 25 164
705.0 34 32 38 23 25 152
710.0 35 36 37 23 24 155
715.0 37 39 32 19 27 154
720.0 38 40 34 21 28 161
725.0 38 36 40 17 29 160
730.0 39 38 38 20 26 161
735.0 33 41 38 22 25 159
740.0 35 46 37 19 24 161
745.0 37 46 36 19 22 160
750.0 34 46 33 18 21 152
755.0 33 42 37 17 23 152
760.0 32 44 41 18 23 158
765.0 32 45 39 19 22 157
770.0 34 41 41 17 21 154
775.0 32 42 37 18 21 150
780.0 29 41 40 19 21 150
785.0 25 38 42 16 19 140
790.0 25 41 36 13 20 135
795.0 24 41 31 12 20 128
800.0 25 44 33 9 19 130
805.0 26 44 35 8 19 132
810.0 26 42 37 10 19 134
815.0 29 39 39 10 18 135
820.0 24 40 39 12 17 132
825.0 27 45 43 13 17 145
830.0 29 47 44 11 15 146
835.0 27 51 43 12 15 148
840.0 30 47 44 13 15 149
845.0 30 48 42 16 16 152
850.0 33 49 40 17 18 157
855.0 32 51 43 19 16 161
860.0 29 51 45 20 17 162
865.0 29 47 42 23 16 157
870.0 26 43 44 22 16 151
875.0 31 41 44 24 16 156
880.0 29 41 40 24 18 152
885.0 30 39 44 22 19 154
890.0 32 38 43 24 19 156
895.0 30 36 48 22 19 155
900.0 30 42 50 23 18 163
905.0 30 42 48 22 18 160
910.0 33 37 48 25 17 160
915.0 33 41 46 26 17 163
920.0 34 42 45 32 15 168
925.0 31 40 51 28 15 165
930.0 36 43 54 24 16 173
935.0 42 49 48 16 15 170
940.0 39 46 51 15 17 168
945.0 40 50 51 13 18 172
950.0 38 50 55 14 20 177
955.0 40 53 56 12 22 183
960.0 41 55 49 15 22 182
965.0 43 50 48 17 23 181
970.0 40 50 46 19 23 178
975.0 44 48 53 19 21 185
980.0 44 43 49 19 20 175
985.0 42 42 55 24 21 184
990.0 42 42 51 23 22 180
995.0 41 46 55 21 21 184
1000.0 43 43 57 18 19 180
1005.0 45 44 53 18 16 176
1010.0 43 43 47 18 15 166
1015.0 45 37 44 17 17 160
1020.0 45 35 42 20 16 158
1025.0 46 37 44 19 18 164
1030.0 48 39 46 20 18 171
1035.0 53 39 41 20 19 172
1040.0 51 43 41 19 17 171
1045.0 49 43 40 17 20 169
1050.0 51 45 42 21 22 181
1055.0 49 49 43 20 22 183
1060.0 50 47 45 20 21 183
1065.0 54 50 51 20 19 194
1070.0 47 47 51 23 17 185
1075.0 49 43 48 25 15 180
1080.0 51 41 45 22 14 173
1085.0 50 39 45 25 18 177
1090.0 50 36 49 24 19 178
1095.0 48 40 53 26 20 187
1100.0 48 37 53 26 21 185
1105.0 45 40 61 28 21 195
1110.0 50 41 65 33 19 208
1115.0 58 43 67 32 20 220
1120.0 58 48 68 27 19 220
1125.0 58 56 66 28 20 228
1130.0 58 51 68 23 23 223
1135.0 64 57 67 22 21 231
1140.0 57 60 67 26 26 236
1145.0 55 58 63 20 26 222
1150.0 60 59 57 22 27 225
1155.0 61 60 58 22 27 228
1160.0 55 59 57 26 25 222
1165.0 48 53 58 26 27 212
1170.0 47 52 58 25 26 208
1175.0 53 49 57 23 25 207
1180.0 55 46 61 20 24 206
1185.0 54 41 57 18 23 193
1190.0 58 38 54 19 22 191
1195.0 49 42 51 24 21 187
1200.0 44 40 53 27 20 184
1205.0 45 33 50 28 20 176
1210.0 42 33 47 25 23 170
1215.0 39 34 47 22 16 158
1220.0 37 30 48 19 17 151
1225.0 41 33 44 13 16 147
1230.0 41 30 37 10 17 135
1235.0 35 29 32 9 13 118
1240.0 33 27 25 9 13 107
1245.0 29 26 24 11 15 105
1250.0 26 22 25 11 15 99
1255.0 26 22 23 9 12 92
1260.0 20 22 24 7 11 84
1265.0 19 21 25 8 12 85
1270.0 18 18 24 10 13 83
1275.0 17 15 24 7 14 77
1280.0 14 10 27 7 10 68
1285.0 12 13 29 5 8 67
1290.0 14 13 28 3 5 63
1295.0 14 11 25 5 4 59
1300.0 9 9 23 5 4 50
1305.0 8 5 15 6 2 36
1310.0 5 5 13 5 2 30
1315.0 3 5 13 5 2 28
1320.0 3 5 7 4 2 21
1325.0 4 5 4 5 2 20
1330.0 5 4 3 5 3 20
1335.0 5 4 2 3 2 16
1340.0 5 5 3 3 2 18
1345.0 4 3 3 5 2 17
1350.0 3 1 3 4 2 13
1355.0 3 0 3 4 2 12
1360.0 2 0 2 4 1 9
1365.0 2 1 2 4 1 10
1370.0 2 2 1 4 1 10
1375.0 2 1 1 3 1 8
1380.0 2 1 0 2 1 6
1385.0 2 1 0 1 1 5
1390.0 2 2 0 1 1 6
1395.0 1 2 1 1 1 6
1400.0 0 2 0 1 0 3
1405.0 0 2 0 1 0 3
1410.0 0 1 0 1 0 2
1415.0 1 1 0 0 0 2
1420.0 1 1 0 0 0 2
1425.0 2 1 0 0 0 3
1430.0 2 1 0 0 0 3
1435.0 2 0 0 0 0 2
