5.0 0 0 0 0 0 0
10.0 0 0 0 0 0 0
15.0 0 0 0 0 0 0
20.0 0 0 0 0 0 0
25.0 0 0 0 0 0 0
30.0 0 0 0 0 0 0
35.0 0 0 0 0 0 0
40.0 0 0 0 0 0 0
45.0 0 0 0 0 0 0
50.0 0 0 0 0 0 0
55.0 0 0 0 0 0 0
60.0 0 0 0 0 0 0
65.0 0 0 0 0 0 0
70.0 0 0 0 0 0 0
75.0 0 0 0 0 0 0
80.0 0 0 0 0 0 0
85.0 0 0 0 0 0 0
90.0 0 0 0 0 0 0
95.0 0 0 0 0 0 0
100.0 0 0 0 0 0 0
105.0 0 0 0 0 0 0
110.0 0 0 0 0 0 0
115.0 0 0 0 0 0 0
120.0 0 0 0 0 0 0
125.0 0 0 0 0 0 0
130.0 0 0 0 0 0 0
135.0 0 0 0 0 0 0
140.0 0 0 0 0 0 0
145.0 0 0 0 0 0 0
150.0 0 0 0 0 0 0
155.0 0 0 0 0 0 0
160.0 0 0 0 0 0 0
165.0 0 0 0 0 0 0
170.0 0 0 0 0 0 0
175.0 0 0 0 0 0 0
180.0 0 0 0 0 0 0
185.0 0 0 0 0 0 0
190.0 0 0 0 0 0 0
195.0 0 0 0 0 0 0
200.0 0 0 0 0 0 0
205.0 0 0 0 0 0 0
210.0 0 0 0 0 0 0
215.0 0 0 0 0 0 0
220.0 0 0 0 0 0 0
225.0 0 0 0 0 0 0
230.0 0 0 0 0 0 0
235.0 0 0 0 0 0 0
240.0 0 0 0 0 0 0
245.0 0 0 0 0 0 0
250.0 1 0 0 0 0 1
255.0 1 0 0 0 0 1
260.0 0 0 0 1 0 1
265.0 0 0 0 1 0 1
270.0 0 0 0 1 0 1
275.0 0 0 0 1 0 1
280.0 0 0 0 1 0 1
285.0 0 0 0 2 0 2
290.0 0 0 0 2 0 2
295.0 2 0 1 1 0 4
300.0 2 0 2 0 0 4
305.0 2 0 3 0 0 5
310.0 2 0 3 0 0 5
315.0 2 0 3 0 0 5
320.0 2 0 3 0 0 5
325.0 2 0 3 0 0 5
330.0 2 0 3 0 0 5
335.0 2 0 3 0 0 5
340.0 1 1 5 1 0 8
345.0 2 3 4 1 0 10
350.0 2 4 4 2 0 12
355.0 1 5 4 3 0 13
360.0 1 5 5 3 0 14
365.0 1 8 4 4 1 18
370.0 3 8 3 5 1 20
375.0 6 6 5 5 1 23
380.0 8 6 7 5 1 27
385.0 9 7 8 7 1 32
390.0 15 9 11 7 1 43
395.0 15 11 13 5 1 45
400.0 15 10 13 5 1 44
405.0 16 12 14 3 1 46
410.0 16 16 14 4 1 51
415.0 17 15 16 6 1 55
420.0 18 15 14 8 0 55
425.0 23 16 16 9 2 66
430.0 27 15 20 11 2 75
435.0 28 16 21 16 2 83
440.0 28 16 27 14 2 87
445.0 24 19 27 14 4 88
450.0 23 17 31 13 4 88
455.0 30 19 36 13 4 102
460.0 33 20 36 14 5 108
465.0 35 23 41 16 5 120
470.0 37 26 44 12 6 125
475.0 46 32 44 12 7 141
480.0 52 35 51 19 8 165
485.0 59 45 57 23 8 192
490.0 57 50 63 27 10 207
495.0 57 56 72 25 13 223
500.0 61 56 74 27 17 235
505.0 60 57 82 27 18 244
510.0 57 60 89 33 22 261
515.0 63 67 86 33 25 274
520.0 64 63 93 36 26 282
525.0 58 64 93 39 28 282
530.0 60 65 92 39 29 285
535.0 68 65 92 41 29 295
540.0 71 79 97 41 32 320
545.0 78 77 92 43 33 323
550.0 81 78 95 43 37 334
555.0 85 85 93 47 40 350
560.0 88 88 104 48 40 368
565.0 90 86 108 53 44 381
570.0 91 86 105 53 46 381
575.0 91 84 104 58 41 378
580.0 86 91 109 58 38 382
585.0 96 92 120 51 43 402
590.0 95 98 127 49 41 410
595.0 88 105 132 49 44 418
600.0 92 107 136 50 45 430
605.0 102 108 133 50 47 440
610.0 98 106 131 57 49 441
615.0 100 120 137 64 45 466
620.0 93 123 140 61 46 463
625.0 97 114 141 61 49 462
630.0 98 106 138 59 44 445
635.0 99 106 140 54 42 441
640.0 97 107 143 57 38 442
645.0 89 108 139 52 40 428
650.0 91 104 140 57 38 430
655.0 93 102 146 58 39 438
660.0 94 101 137 61 39 432
665.0 99 109 136 57 36 437
670.0 104 112 131 60 37 444
675.0 102 113 135 61 39 450
680.0 95 112 131 63 37 438
685.0 95 110 134 59 37 435
690.0 92 106 117 54 37 406
695.0 90 100 108 52 35 385
700.0 87 97 112 47 37 380
705.0 82 94 111 44 40 371
710.0 87 91 110 44 37 369
715.0 87 87 113 47 40 374
720.0 84 88 113 44 40 369
725.0 83 88 108 43 40 362
730.0 82 87 114 38 42 363
735.0 79 87 117 43 37 363
740.0 75 87 120 46 42 370
745.0 67 91 108 52 41 359
750.0 69 89 112 53 39 362
755.0 71 89 112 51 42 365
760.0 74 75 110 51 43 353
765.0 72 77 113 48 43 353
770.0 69 73 107 42 45 336
775.0 70 65 106 34 45 320
780.0 66 62 109 40 42 319
785.0 68 73 111 39 41 332
790.0 70 72 111 39 39 331
795.0 68 77 109 37 34 325
800.0 73 78 106 35 35 327
805.0 74 77 104 42 35 332
810.0 77 78 109 42 37 343
815.0 74 76 110 41 37 338
820.0 72 74 111 45 39 341
825.0 76 74 111 47 40 348
830.0 80 72 106 47 39 344
835.0 81 74 103 48 39 345
840.0 82 74 104 46 38 344
845.0 80 73 109 48 41 351
850.0 84 85 116 47 42 374
855.0 91 87 112 48 48 386
860.0 98 88 113 48 45 392
865.0 89 88 113 55 47 392
870.0 97 89 112 58 46 402
875.0 98 85 117 55 43 398
880.0 96 85 117 51 46 395
885.0 94 91 118 49 48 400
890.0 95 87 117 47 45 391
895.0 102 85 121 46 47 401
900.0 98 84 123 50 46 401
905.0 103 92 124 49 47 415
910.0 97 98 128 54 43 420
915.0 98 97 128 54 42 419
920.0 94 101 129 52 43 419
925.0 92 101 141 50 43 427
930.0 83 107 140 52 42 424
935.0 81 99 139 55 43 417
940.0 80 97 149 61 46 433
945.0 75 93 149 66 45 428
950.0 83 95 148 63 44 433
955.0 90 96 144 58 41 429
960.0 91 96 143 63 42 435
965.0 88 97 135 67 45 432
970.0 90 98 134 67 49 438
975.0 95 93 133 69 51 441
980.0 101 87 129 63 49 429
985.0 103 91 130 64 43 431
990.0 100 97 120 62 41 420
995.0 103 90 125 68 41 427
1000.0 99 99 122 67 38 425
1005.0 113 99 121 57 40 430
1010.0 102 100 131 58 39 430
1015.0 97 102 132 57 41 429
1020.0 97 103 132 54 40 426
1025.0 97 106 131 58 42 434
1030.0 107 108 123 60 44 442
1035.0 110 106 136 66 43 461
1040.0 106 100 137 69 44 456
1045.0 107 104 142 69 46 468
1050.0 103 103 138 71 43 458
1055.0 106 107 143 66 48 470
1060.0 106 109 155 67 50 487
1065.0 106 106 150 65 53 480
1070.0 102 104 150 65 51 472
1075.0 106 105 153 69 48 481
1080.0 98 108 143 73 51 473
1085.0 95 118 149 69 50 481
1090.0 96 114 151 62 53 476
1095.0 104 119 136 67 56 482
1100.0 114 122 128 60 56 480
1105.0 116 126 127 70 57 496
1110.0 109 133 145 71 53 511
1115.0 114 136 142 75 49 516
1120.0 113 133 148 78 53 525
1125.0 99 124 157 81 54 515
1130.0 98 116 166 77 51 508
1135.0 106 123 154 77 55 515
1140.0 108 122 151 75 56 512
1145.0 105 125 160 74 54 518
1150.0 91 124 162 73 57 507
1155.0 93 132 159 70 57 511
1160.0 91 134 157 62 56 500
1165.0 87 125 158 66 54 490
1170.0 86 119 158 63 52 478
1175.0 91 102 158 63 55 469
1180.0 94 96 151 61 50 452
1185.0 95 92 142 53 49 431
1190.0 89 93 134 49 52 417
1195.0 88 89 132 47 52 408
1200.0 91 89 124 47 46 397
1205.0 90 98 116 45 48 397
1210.0 91 94 113 47 46 391
1215.0 85 94 106 42 43 370
1220.0 77 91 104 38 39 349
1225.0 74 90 108 34 39 345
1230.0 68 78 108 32 31 317
1235.0 63 68 113 33 28 305
1240.0 60 60 106 36 32 294
1245.0 56 56 95 32 32 271
1250.0 55 53 95 30 31 264
1255.0 54 47 83 34 28 246
1260.0 48 49 67 40 22 226
1265.0 45 49 59 42 19 214
1270.0 49 46 51 37 18 201
1275.0 47 46 48 29 18 188
1280.0 36 41 46 27 16 166
1285.0 37 38 42 29 16 162
1290.0 34 36 42 23 13 148
1295.0 30 33 39 24 14 140
1300.0 22 28 34 17 12 113
1305.0 17 24 32 16 11 100
1310.0 21 22 28 11 5 87
1315.0 16 20 23 9 5 73
1320.0 15 21 20 8 4 68
1325.0 16 16 22 6 4 64
1330.0 17 13 16 3 4 53
1335.0 14 11 11 4 3 43
1340.0 14 11 10 4 3 42
1345.0 14 9 12 3 4 42
1350.0 11 9 12 2 4 38
1355.0 10 7 7 1 3 28
1360.0 6 7 6 1 3 23
1365.0 5 7 5 2 2 21
1370.0 3 6 2 2 2 15
1375.0 1 4 2 1 3 11
1380.0 1 1 1 1 3 7
1385.0 1 1 2 1 3 8
1390.0 1 1 1 1 3 7
1395.0 1 1 3 1 2 8
1400.0 1 0 1 0 1 3
1405.0 0 0 1 0 2 3
1410.0 0 0 0 0 2 2
1415.0 0 0 0 0 2 2
1420.0 0 0 0 0 2 2
1425.0 0 0 0 0 1 1
1430.0 0 0 0 0 1 1
1435.0 0 0 0 0 1 1
