5.0 0 0 0 0 0 0
10.0 0 0 0 0 0 0
15.0 0 0 0 0 0 0
20.0 0 0 0 0 0 0
25.0 0 0 0 0 0 0
30.0 0 0 0 0 0 0
35.0 0 0 0 0 0 0
40.0 0 0 0 0 0 0
45.0 0 0 0 0 0 0
50.0 0 0 0 0 0 0
55.0 0 0 0 0 0 0
60.0 0 0 0 0 0 0
65.0 0 0 0 0 0 0
70.0 0 0 0 0 0 0
75.0 0 0 0 0 0 0
80.0 0 0 0 0 0 0
85.0 0 0 0 0 0 0
90.0 0 0 0 0 0 0
95.0 0 0 0 0 0 0
100.0 0 0 0 0 0 0
105.0 0 0 0 0 0 0
110.0 0 0 0 0 0 0
115.0 0 0 0 0 0 0
120.0 0 0 0 0 0 0
125.0 0 0 0 0 0 0
130.0 0 0 0 0 0 0
135.0 0 0 0 0 0 0
140.0 0 0 0 0 0 0
145.0 0 0 0 0 0 0
150.0 0 0 0 0 0 0
155.0 0 0 0 0 0 0
160.0 0 0 0 0 0 0
165.0 0 0 0 0 0 0
170.0 0 0 0 0 0 0
175.0 0 0 0 0 0 0
180.0 0 0 0 0 0 0
185.0 0 0 0 0 0 0
190.0 0 0 0 0 0 0
195.0 0 0 0 0 0 0
200.0 0 0 0 0 0 0
205.0 0 0 0 0 0 0
210.0 0 0 0 0 0 0
215.0 0 0 0 0 0 0
220.0 0 0 0 0 0 0
225.0 0 0 0 1 0 1
230.0 0 0 0 1 0 1
235.0 0 0 0 1 0 1
240.0 0 0 0 1 0 1
245.0 0 0 1 1 0 2
250.0 0 0 1 1 0 2
255.0 0 0 1 1 0 2
260.0 0 0 2 0 0 2
265.0 0 0 2 0 0 2
270.0 1 1 1 0 0 3
275.0 1 1 1 0 0 3
280.0 1 1 1 0 0 3
285.0 1 1 1 0 0 3
290.0 1 1 2 0 0 4
295.0 1 0 3 0 0 4
300.0 1 0 3 0 0 4
305.0 1 0 2 1 0 4
310.0 2 0 2 1 0 5
315.0 2 0 2 1 0 5
320.0 1 0 2 1 0 4
325.0 1 0 3 1 1 6
330.0 3 0 4 0 1 8
335.0 4 1 6 0 2 13
340.0 4 1 5 1 2 13
345.0 4 2 5 1 2 14
350.0 3 3 5 1 2 14
355.0 2 4 8 1 2 17
360.0 4 5 8 1 3 21
365.0 6 9 8 2 3 28
370.0 9 8 7 2 2 28
375.0 9 5 11 2 2 29
380.0 8 5 11 3 2 29
385.0 8 6 12 3 2 31
390.0 10 8 14 3 2 37
395.0 9 11 16 5 2 43
400.0 10 11 18 6 2 47
405.0 9 13 22 8 2 54
410.0 8 13 21 9 3 54
415.0 14 13 22 8 3 60
420.0 17 13 22 7 6 65
425.0 19 18 25 10 6 78
430.0 18 19 33 12 5 87
435.0 18 20 39 13 7 97
440.0 18 20 42 14 7 101
445.0 22 21 49 13 8 113
450.0 25 21 49 13 9 117
455.0 28 22 51 15 9 125
460.0 35 21 52 18 10 136
465.0 39 25 48 20 13 145
470.0 45 30 52 19 16 162
475.0 46 36 55 21 18 176
480.0 53 38 62 19 20 192
485.0 56 45 58 21 21 201
490.0 60 50 60 25 21 216
495.0 60 48 69 30 25 232
500.0 62 46 71 34 26 239
505.0 64 51 69 38 28 250
510.0 59 55 82 40 30 266
515.0 59 62 90 43 31 285
520.0 65 69 103 39 32 308
525.0 72 72 104 41 33 322
530.0 77 73 104 43 35 332
535.0 82 76 111 46 36 351
540.0 92 80 113 40 37 362
545.0 83 81 108 48 38 358
550.0 89 88 116 49 39 381
555.0 78 95 119 52 37 381
560.0 83 90 123 59 42 397
565.0 83 100 125 68 44 420
570.0 92 108 128 68 42 438
575.0 98 111 143 70 43 465
580.0 101 112 141 75 46 475
585.0 107 116 145 69 49 486
590.0 106 119 147 73 48 493
595.0 113 124 148 74 52 511
600.0 121 119 158 78 54 530
605.0 122 121 167 74 52 536
610.0 118 120 158 76 52 524
615.0 116 125 162 86 52 541
620.0 117 126 162 79 54 538
625.0 113 130 161 76 59 539
630.0 114 129 166 73 58 540
635.0 123 131 170 77 56 557
640.0 128 132 163 73 60 556
645.0 129 142 163 76 59 569
650.0 119 137 159 82 62 559
655.0 119 134 154 72 60 539
660.0 121 132 160 72 61 546
665.0 111 133 156 70 60 530
670.0 103 139 152 72 57 523
675.0 111 142 146 72 57 528
680.0 107 142 139 71 54 513
685.0 103 130 147 69 59 508
690.0 98 121 151 64 57 491
695.0 92 115 153 66 53 479
700.0 86 118 164 64 55 487
705.0 91 132 158 65 54 500
710.0 92 126 152 65 52 487
715.0 97 128 143 65 49 482
720.0 97 121 140 66 50 474
725.0 102 119 136 68 51 476
730.0 94 124 128 68 48 462
735.0 100 118 121 66 46 451
740.0 97 117 128 62 48 452
745.0 93 111 132 57 46 439
750.0 94 113 128 60 46 441
755.0 89 111 132 54 39 425
760.0 91 109 137 54 41 432
765.0 101 104 131 53 36 425
770.0 109 103 125 48 34 419
775.0 111 104 121 50 36 422
780.0 108 98 118 53 36 413
785.0 104 105 113 44 35 401
790.0 100 103 115 45 36 399
795.0 88 108 118 51 37 402
800.0 86 117 111 52 36 402
805.0 85 104 118 50 37 394
810.0 92 101 112 56 39 400
815.0 99 98 118 58 41 414
820.0 96 102 113 54 40 405
825.0 108 107 114 50 41 420
830.0 101 108 115 49 45 418
835.0 102 105 119 57 43 426
840.0 97 100 126 63 43 429
845.0 94 105 123 70 43 435
850.0 92 106 138 61 42 439
855.0 95 118 138 62 41 454
860.0 96 121 144 55 44 460
865.0 92 118 149 58 44 461
870.0 94 123 148 64 45 474
875.0 104 122 143 70 44 483
880.0 103 122 143 69 45 482
885.0 99 127 144 66 48 484
890.0 92 135 139 69 52 487
895.0 89 137 140 71 50 487
900.0 81 143 142 74 43 483
905.0 82 138 157 78 42 497
910.0 89 137 160 74 37 497
915.0 100 140 167 73 41 521
920.0 107 137 178 71 39 532
925.0 110 137 178 72 39 536
930.0 113 137 179 80 40 549
935.0 119 142 179 79 39 558
940.0 125 152 163 74 42 556
945.0 129 152 167 73 43 564
950.0 130 152 170 66 43 561
955.0 126 149 158 68 42 543
960.0 123 143 150 72 42 530
965.0 116 132 144 72 42 506
970.0 117 128 138 67 45 495
975.0 121 136 129 60 48 494
980.0 116 127 136 58 50 487
985.0 110 127 144 61 53 495
990.0 104 119 146 68 51 488
995.0 111 121 162 62 49 505
1000.0 121 118 156 65 49 509
1005.0 120 118 157 72 53 520
1010.0 119 121 160 77 53 530
1015.0 117 115 162 81 51 526
1020.0 116 116 159 84 49 524
1025.0 118 116 162 84 51 531
1030.0 115 120 160 83 53 531
1035.0 111 122 163 85 50 531
1040.0 114 127 154 86 49 530
1045.0 122 135 154 81 53 545
1050.0 117 144 154 87 56 558
1055.0 118 151 163 82 55 569
1060.0 125 153 164 78 55 575
1065.0 128 142 167 72 58 567
1070.0 129 138 170 73 61 571
1075.0 129 141 165 78 63 576
1080.0 137 150 165 75 63 590
1085.0 138 147 160 76 61 582
1090.0 139 146 164 82 60 591
1095.0 143 147 158 87 58 593
1100.0 134 151 166 92 62 605
1105.0 136 146 171 85 63 601
1110.0 139 145 182 75 61 602
1115.0 134 149 189 79 61 612
1120.0 136 147 193 80 68 624
1125.0 141 135 204 81 68 629
1130.0 145 143 202 82 67 639
1135.0 141 148 204 82 68 643
1140.0 131 148 191 78 70 618
1145.0 123 143 195 83 73 617
1150.0 127 150 197 79 73 626
1155.0 127 144 196 71 68 606
1160.0 130 149 187 63 65 594
1165.0 126 157 175 62 64 584
1170.0 120 152 173 65 63 573
1175.0 136 151 162 70 60 579
1180.0 133 148 166 77 57 581
1185.0 128 140 160 78 62 568
1190.0 128 140 157 75 61 561
1195.0 124 131 147 74 59 535
1200.0 122 129 143 73 56 523
1205.0 115 127 131 68 53 494
1210.0 116 116 135 70 48 485
1215.0 108 118 134 63 46 469
1220.0 99 110 133 60 47 449
1225.0 85 103 122 60 46 416
1230.0 86 93 123 49 44 395
1235.0 74 93 122 47 44 380
1240.0 68 78 119 50 43 358
1245.0 66 75 112 48 38 339
1250.0 67 70 113 43 35 328
1255.0 63 65 109 42 35 314
1260.0 60 58 97 43 32 290
1265.0 60 55 92 36 33 276
1270.0 61 56 90 31 27 265
1275.0 48 60 77 29 28 242
1280.0 50 59 67 24 30 230
1285.0 47 50 61 21 28 207
1290.0 43 49 51 18 24 185
1295.0 45 44 50 21 24 184
1300.0 40 45 42 17 22 166
1305.0 37 38 38 19 17 149
1310.0 34 37 31 19 13 134
1315.0 26 36 29 15 12 118
1320.0 22 35 21 13 9 100
1325.0 18 29 21 12 8 88
1330.0 14 25 19 12 9 79
1335.0 15 19 16 11 10 71
1340.0 11 20 12 9 10 62
1345.0 9 17 11 8 8 53
1350.0 10 16 9 7 9 51
1355.0 8 16 7 8 7 46
1360.0 8 16 5 7 4 40
1365.0 4 11 2 8 4 29
1370.0 4 10 1 8 4 27
1375.0 3 11 1 6 4 25
1380.0 3 9 2 5 4 23
1385.0 3 8 3 5 5 24
1390.0 1 7 3 4 5 20
1395.0 1 6 3 4 4 18
1400.0 2 6 3 3 4 18
1405.0 2 5 3 2 3 15
1410.0 1 4 4 2 2 13
1415.0 1 4 2 1 2 10
1420.0 1 4 3 0 2 10
1425.0 1 5 3 0 2 11
1430.0 1 3 1 0 2 7
1435.0 0 1 1 0 0 2
