5.0 0 0 0 0 0 0
10.0 0 0 0 0 0 0
15.0 0 0 0 0 0 0
20.0 0 0 0 0 0 0
25.0 0 0 0 0 0 0
30.0 0 0 0 0 0 0
35.0 0 0 0 0 0 0
40.0 0 0 0 0 0 0
45.0 0 0 0 0 0 0
50.0 0 0 0 0 0 0
55.0 0 0 0 0 0 0
60.0 0 0 0 0 0 0
65.0 0 0 0 0 0 0
70.0 0 0 0 0 0 0
75.0 0 0 0 0 0 0
80.0 0 0 0 0 0 0
85.0 0 0 0 0 0 0
90.0 0 0 0 0 0 0
95.0 0 0 0 0 0 0
100.0 0 0 0 0 0 0
105.0 0 0 0 0 0 0
110.0 0 0 0 0 0 0
115.0 0 0 0 0 0 0
120.0 0 0 0 0 0 0
125.0 0 0 0 0 0 0
130.0 0 0 0 0 0 0
135.0 0 0 0 0 0 0
140.0 0 0 0 0 0 0
145.0 0 0 0 0 0 0
150.0 0 0 0 0 0 0
155.0 0 0 0 0 0 0
160.0 0 0 0 0 0 0
165.0 0 0 0 0 0 0
170.0 0 0 0 0 0 0
175.0 0 0 0 0 0 0
180.0 0 0 0 0 0 0
185.0 0 0 0 0 0 0
190.0 0 0 0 0 0 0
195.0 0 0 0 0 0 0
200.0 0 0 0 0 0 0
205.0 0 0 0 0 0 0
210.0 0 0 0 0 0 0
215.0 0 0 0 0 0 0
220.0 0 0 0 0 0 0
225.0 0 0 0 0 0 0
230.0 0 0 0 0 0 0
235.0 0 0 0 0 0 0
240.0 0 0 0 0 0 0
245.0 0 0 0 0 0 0
250.0 0 0 0 0 0 0
255.0 0 0 0 0 0 0
260.0 0 0 0 0 0 0
265.0 0 0 0 0 0 0
270.0 0 0 0 0 0 0
275.0 0 0 0 1 0 1
280.0 0 1 0 1 0 2
285.0 0 1 0 1 0 2
290.0 0 1 0 1 0 2
295.0 0 2 0 1 0 3
300.0 0 2 0 1 0 3
305.0 0 2 0 1 0 3
310.0 0 2 1 1 0 4
315.0 0 2 2 1 1 6
320.0 0 2 2 1 1 6
325.0 0 2 2 2 1 7
330.0 1 2 1 2 1 7
335.0 2 1 2 2 1 8
340.0 2 1 2 1 1 7
345.0 2 1 3 1 1 8
350.0 2 2 3 1 1 9
355.0 2 2 3 1 1 9
360.0 2 3 4 1 2 12
365.0 2 3 4 2 2 13
370.0 2 3 4 4 2 15
375.0 3 3 5 4 2 17
380.0 2 1 5 4 3 15
385.0 4 1 5 3 3 16
390.0 5 3 4 3 3 18
395.0 6 4 4 4 4 22
400.0 6 3 7 4 5 25
405.0 7 4 8 4 6 29
410.0 7 2 9 6 6 30
415.0 11 7 10 5 7 40
420.0 14 8 11 5 7 45
425.0 17 11 14 5 9 56
430.0 15 12 16 7 9 59
435.0 16 14 17 10 10 67
440.0 18 14 20 13 11 76
445.0 20 16 21 13 9 79
450.0 21 16 24 12 8 81
455.0 23 17 27 9 8 84
460.0 28 20 24 8 9 89
465.0 27 29 26 10 8 100
470.0 28 32 32 11 8 111
475.0 29 33 35 11 10 118
480.0 33 31 44 11 12 131
485.0 38 31 45 13 14 141
490.0 43 34 49 17 15 158
495.0 42 34 51 25 15 167
500.0 34 42 56 31 16 179
505.0 38 48 55 36 16 193
510.0 37 47 60 37 18 199
515.0 44 50 64 37 21 216
520.0 52 58 62 38 23 233
525.0 57 60 66 37 25 245
530.0 59 67 79 39 29 273
535.0 65 72 80 42 29 288
540.0 63 73 81 49 29 295
545.0 68 78 89 46 33 314
550.0 71 73 97 45 31 317
555.0 78 74 97 43 31 323
560.0 74 84 92 46 30 326
565.0 79 82 87 52 33 333
570.0 86 83 87 49 37 342
575.0 76 87 94 50 42 349
580.0 73 94 100 49 44 360
585.0 65 101 98 52 42 358
590.0 59 100 101 52 48 360
595.0 65 104 97 41 49 356
600.0 65 102 105 42 48 362
605.0 61 104 109 46 50 370
610.0 67 101 114 45 48 375
615.0 79 104 109 42 45 379
620.0 78 99 112 45 43 377
625.0 84 97 105 44 44 374
630.0 89 91 108 50 44 382
635.0 84 88 113 52 47 384
640.0 76 98 109 48 46 377
645.0 73 96 108 44 45 366
650.0 70 105 111 44 49 379
655.0 71 106 107 44 53 381
660.0 72 102 105 46 54 379
665.0 67 105 100 44 51 367
670.0 69 93 100 46 48 356
675.0 73 91 102 48 46 360
680.0 79 90 103 44 39 355
685.0 83 85 105 45 39 357
690.0 82 84 114 43 41 364
695.0 78 88 116 45 44 371
700.0 77 88 117 47 45 374
705.0 81 88 113 47 45 374
710.0 81 81 117 52 46 377
715.0 75 79 123 48 45 370
720.0 71 75 116 43 46 351
725.0 65 77 109 36 47 334
730.0 66 72 111 36 43 328
735.0 67 73 108 34 40 322
740.0 69 77 106 34 37 323
745.0 68 75 102 32 34 311
750.0 69 77 97 30 35 308
755.0 59 67 98 36 36 296
760.0 65 68 102 37 35 307
765.0 66 65 99 34 35 299
770.0 70 65 94 33 33 295
775.0 76 65 89 28 31 289
780.0 69 67 86 30 31 283
785.0 64 71 92 28 35 290
790.0 62 66 93 30 36 287
795.0 62 65 90 31 35 283
800.0 60 63 86 33 36 278
805.0 61 63 86 37 34 281
810.0 56 61 84 36 34 271
815.0 53 65 88 35 35 276
820.0 56 78 83 34 34 285
825.0 58 81 81 38 32 290
830.0 53 84 81 42 29 289
835.0 50 81 81 43 29 284
840.0 57 80 77 47 28 289
845.0 59 77 81 45 29 291
850.0 66 79 76 48 32 301
855.0 64 81 79 41 35 300
860.0 63 82 77 43 34 299
865.0 69 75 80 42 34 300
870.0 73 75 81 44 34 307
875.0 68 79 84 48 37 316
880.0 68 79 88 46 40 321
885.0 68 77 91 50 37 323
890.0 64 78 87 51 39 319
895.0 64 80 87 54 43 328
900.0 63 79 80 56 45 323
905.0 71 80 80 55 45 331
910.0 69 77 86 52 42 326
915.0 71 78 95 48 46 338
920.0 76 75 92 52 43 338
925.0 79 75 95 46 43 338
930.0 80 80 94 45 40 339
935.0 78 82 89 45 39 333
940.0 75 79 89 45 40 328
945.0 78 79 85 48 37 327
950.0 85 80 86 43 36 330
955.0 85 82 89 44 39 339
960.0 86 92 95 43 36 352
965.0 83 91 96 50 35 355
970.0 80 91 82 54 30 337
975.0 82 97 77 50 31 337
980.0 80 102 71 48 31 332
985.0 81 105 72 48 33 339
990.0 84 104 66 50 34 338
995.0 88 101 63 52 34 338
1000.0 95 100 64 58 31 348
1005.0 100 94 66 57 33 350
1010.0 104 92 69 55 31 351
1015.0 96 95 77 52 29 349
1020.0 93 93 84 52 29 351
1025.0 83 95 91 51 32 352
1030.0 78 97 92 51 32 350
1035.0 72 102 87 52 29 342
1040.0 77 109 86 40 31 343
1045.0 72 112 88 41 34 347
1050.0 70 107 95 45 39 356
1055.0 68 114 92 47 39 360
1060.0 72 110 99 45 39 365
1065.0 74 111 101 46 42 374
1070.0 72 108 106 46 39 371
1075.0 78 104 105 49 40 376
1080.0 81 97 105 45 40 368
1085.0 77 94 115 48 41 375
1090.0 71 89 114 52 43 369
1095.0 78 92 105 49 45 369
1100.0 74 93 108 56 47 378
1105.0 79 91 113 50 46 379
1110.0 82 96 109 53 47 387
1115.0 84 100 107 51 41 383
1120.0 88 98 108 51 43 388
1125.0 90 107 118 43 44 402
1130.0 102 107 118 40 43 410
1135.0 108 109 103 46 39 405
1140.0 96 116 103 50 40 405
1145.0 100 109 107 52 43 411
1150.0 95 105 110 49 46 405
1155.0 87 102 100 50 49 388
1160.0 85 100 101 51 47 384
1165.0 90 98 103 45 44 380
1170.0 83 98 110 42 45 378
1175.0 85 97 101 43 42 368
1180.0 82 107 94 38 47 368
1185.0 80 111 96 40 44 371
1190.0 81 106 89 45 41 362
1195.0 70 100 100 47 35 352
1200.0 70 92 94 46 32 334
1205.0 68 82 91 46 32 319
1210.0 62 81 90 39 29 301
1215.0 56 79 92 34 32 293
1220.0 47 83 89 31 27 277
1225.0 42 87 84 28 25 266
1230.0 38 82 73 28 24 245
1235.0 40 75 67 29 25 236
1240.0 40 78 64 28 23 233
1245.0 40 74 59 29 21 223
1250.0 32 73 61 26 17 209
1255.0 34 69 49 27 19 198
1260.0 30 65 52 24 14 185
1265.0 26 60 48 24 11 169
1270.0 22 57 45 26 10 160
1275.0 22 50 39 22 7 140
1280.0 22 47 33 15 7 124
1285.0 19 41 32 17 9 118
1290.0 17 33 30 14 10 104
1295.0 16 25 33 12 10 96
1300.0 15 24 30 11 8 88
1305.0 12 21 28 11 7 79
1310.0 14 20 20 10 7 71
1315.0 10 17 18 7 8 60
1320.0 8 13 21 7 8 57
1325.0 5 11 19 6 5 46
1330.0 4 10 15 7 4 40
1335.0 4 6 15 5 4 34
1340.0 4 5 13 6 3 31
1345.0 3 5 9 8 3 28
1350.0 3 4 8 8 2 25
1355.0 4 4 7 5 2 22
1360.0 4 3 7 7 2 23
1365.0 3 3 7 7 1 21
1370.0 2 2 5 6 1 16
1375.0 2 2 4 4 0 12
1380.0 2 1 3 2 0 8
1385.0 2 0 3 2 0 7
1390.0 2 0 2 2 0 6
1395.0 2 1 2 2 0 7
1400.0 1 1 0 2 0 4
1405.0 1 0 0 1 0 2
1410.0 0 0 1 1 0 2
1415.0 0 0 1 1 0 2
1420.0 0 0 1 1 0 2
1425.0 0 0 2 2 0 4
1430.0 0 0 1 2 0 3
1435.0 0 0 0 1 0 1
