5.0 0 0 0 0 0 0
10.0 0 0 0 0 0 0
15.0 0 0 0 0 0 0
20.0 0 0 0 0 0 0
25.0 0 0 0 0 0 0
30.0 0 0 0 0 0 0
35.0 0 0 0 0 0 0
40.0 0 0 0 0 0 0
45.0 0 0 0 0 0 0
50.0 0 0 0 0 0 0
55.0 0 0 0 0 0 0
60.0 0 0 0 0 0 0
65.0 0 0 0 0 0 0
70.0 0 0 0 0 0 0
75.0 0 0 0 0 0 0
80.0 0 0 0 0 0 0
85.0 0 0 0 0 0 0
90.0 0 0 0 0 0 0
95.0 0 0 0 0 0 0
100.0 0 0 0 0 0 0
105.0 0 0 0 0 0 0
110.0 0 0 0 0 0 0
115.0 0 0 0 0 0 0
120.0 0 0 0 0 0 0
125.0 0 0 0 0 0 0
130.0 0 0 0 0 0 0
135.0 0 0 0 0 0 0
140.0 0 0 0 0 0 0
145.0 0 0 0 0 0 0
150.0 0 0 0 0 0 0
155.0 0 0 0 0 0 0
160.0 0 0 0 0 0 0
165.0 0 0 0 0 0 0
170.0 0 0 0 0 0 0
175.0 0 0 0 0 0 0
180.0 0 0 0 0 0 0
185.0 0 0 0 0 0 0
190.0 0 0 0 0 0 0
195.0 0 0 0 0 0 0
200.0 0 0 0 0 0 0
205.0 0 0 0 0 0 0
210.0 0 0 0 0 0 0
215.0 0 0 0 0 0 0
220.0 0 0 0 0 0 0
225.0 0 0 0 0 0 0
230.0 0 0 0 0 0 0
235.0 0 0 0 0 0 0
240.0 0 0 1 0 0 1
245.0 0 0 1 0 0 1
250.0 0 0 1 0 0 1
255.0 0 0 1 0 0 1
260.0 1 0 0 0 0 1
265.0 1 0 0 1 0 2
270.0 1 0 0 1 0 2
275.0 1 0 0 1 0 2
280.0 2 0 0 0 0 2
285.0 2 0 0 0 0 2
290.0 1 0 0 0 0 1
295.0 1 0 0 0 0 1
300.0 0 0 0 0 0 0
305.0 0 1 0 0 0 1
310.0 0 1 0 0 0 1
315.0 0 1 0 0 0 1
320.0 1 1 0 0 0 2
325.0 2 0 0 0 0 2
330.0 2 0 1 0 0 3
335.0 1 0 1 0 0 2
340.0 1 0 2 0 0 3
345.0 1 0 2 0 0 3
350.0 1 0 3 0 0 4
355.0 1 0 4 0 0 5
360.0 2 1 4 0 0 7
365.0 2 2 5 0 0 9
370.0 4 3 5 1 0 13
375.0 5 5 5 1 0 16
380.0 4 6 5 2 1 18
385.0 5 8 5 2 1 21
390.0 5 9 6 2 1 23
395.0 6 9 5 0 1 21
400.0 6 7 5 0 1 19
405.0 8 7 5 0 1 21
410.0 8 9 5 0 1 23
415.0 8 10 4 0 1 23
420.0 10 7 2 2 1 22
425.0 11 7 4 3 1 26
430.0 12 8 6 4 1 31
435.0 11 8 9 4 1 33
440.0 11 7 14 4 2 38
445.0 12 6 14 3 2 37
450.0 10 6 12 2 2 32
455.0 8 5 14 3 2 32
460.0 7 6 18 4 3 38
465.0 8 7 23 6 3 47
470.0 7 9 22 7 3 48
475.0 9 10 25 8 4 56
480.0 11 11 25 9 4 60
485.0 12 16 27 9 4 68
490.0 15 17 32 8 4 76
495.0 14 15 34 10 5 78
500.0 14 21 31 10 5 81
505.0 16 20 33 10 4 83
510.0 15 18 37 10 6 86
515.0 16 20 36 11 6 89
520.0 18 22 40 10 8 98
525.0 19 25 41 10 8 103
530.0 23 26 41 12 10 112
535.0 26 29 43 11 10 119
540.0 28 31 39 12 10 120
545.0 27 36 38 13 10 124
550.0 25 33 38 15 9 120
555.0 26 34 36 17 9 122
560.0 27 32 37 19 10 125
565.0 35 30 34 20 10 129
570.0 35 30 35 21 14 135
575.0 37 35 37 21 15 145
580.0 38 37 41 24 14 154
585.0 30 38 44 26 17 155
590.0 28 38 50 27 15 158
595.0 30 39 48 26 11 154
600.0 29 37 53 28 12 159
605.0 30 37 49 29 12 157
610.0 27 38 47 33 12 157
615.0 28 41 47 31 12 159
620.0 33 44 52 26 13 168
625.0 35 44 49 24 15 167
630.0 35 43 49 21 16 164
635.0 35 50 44 22 14 165
640.0 33 43 41 21 17 155
645.0 35 40 44 21 18 158
650.0 35 38 46 22 19 160
655.0 35 41 47 22 20 165
660.0 37 40 48 17 21 163
665.0 42 39 52 13 20 166
670.0 37 38 55 14 23 167
675.0 34 33 53 21 22 163
680.0 37 33 46 24 22 162
685.0 36 29 40 27 21 153
690.0 36 28 39 28 22 153
695.0 36 32 39 27 22 156
700.0 36 34 45 30 20 165
705.0 31 34 47 27 22 161
710.0 29 35 44 25 23 156
715.0 28 30 43 26 25 152
720.0 30 30 42 25 23 150
725.0 29 26 42 27 20 144
730.0 25 26 44 22 20 137
735.0 26 27 46 21 20 140
740.0 26 28 51 22 19 146
745.0 26 31 45 23 20 145
750.0 24 31 42 25 20 142
755.0 25 33 41 23 20 142
760.0 25 32 37 21 18 133
765.0 22 30 42 19 19 132
770.0 18 31 45 20 18 132
775.0 21 31 38 16 18 124
780.0 17 33 34 16 16 116
785.0 16 36 34 18 13 117
790.0 19 37 30 18 16 120
795.0 19 39 29 20 14 121
800.0 19 41 34 22 14 130
805.0 24 36 33 24 16 133
810.0 24 38 36 24 16 138
815.0 26 38 35 24 15 138
820.0 30 37 36 25 14 142
825.0 27 37 36 26 16 142
830.0 31 40 33 19 15 138
835.0 33 39 36 22 15 145
840.0 31 39 35 22 16 143
845.0 34 41 32 21 16 144
850.0 35 38 34 25 17 149
855.0 32 41 38 25 17 153
860.0 35 41 38 22 19 155
865.0 33 38 32 22 20 145
870.0 35 34 31 26 19 145
875.0 37 38 29 28 21 153
880.0 38 34 32 27 23 154
885.0 46 34 35 26 24 165
890.0 48 35 42 16 25 166
895.0 43 30 46 19 25 163
900.0 44 32 47 18 26 167
905.0 41 31 46 20 24 162
910.0 40 37 46 23 24 170
915.0 44 38 44 20 25 171
920.0 44 32 51 22 24 173
925.0 49 29 51 23 23 175
930.0 46 30 52 20 25 173
935.0 51 31 53 18 24 177
940.0 51 27 49 19 26 172
945.0 49 31 50 18 26 174
950.0 45 30 53 21 26 175
955.0 39 33 55 20 25 172
960.0 39 33 54 22 26 174
965.0 44 36 55 18 27 180
970.0 45 36 56 21 26 184
975.0 40 45 58 20 26 189
980.0 36 49 55 24 22 186
985.0 40 49 53 24 22 188
990.0 40 52 50 22 22 186
995.0 45 51 49 19 20 184
1000.0 43 44 51 19 19 176
1005.0 45 42 48 17 19 171
1010.0 39 42 53 19 21 174
1015.0 42 39 52 21 21 175
1020.0 47 35 51 20 25 178
1025.0 49 35 49 19 26 178
1030.0 46 38 45 19 24 172
1035.0 47 39 46 23 23 178
1040.0 47 38 50 23 21 179
1045.0 47 43 49 28 22 189
1050.0 46 45 47 27 23 188
1055.0 49 44 43 25 26 187
1060.0 48 41 44 23 25 181
1065.0 51 40 46 22 24 183
1070.0 52 44 51 19 25 191
1075.0 53 40 52 22 20 187
1080.0 51 40 53 25 20 189
1085.0 52 43 54 22 23 194
1090.0 52 45 55 27 22 201
1095.0 46 47 53 29 22 197
1100.0 40 43 54 30 20 187
1105.0 41 44 51 38 24 198
1110.0 40 48 56 38 26 208
1115.0 41 47 60 37 23 208
1120.0 42 50 66 34 22 214
1125.0 44 48 67 30 22 211
1130.0 47 48 70 28 21 214
1135.0 49 51 70 26 20 216
1140.0 52 54 70 28 23 227
1145.0 50 50 68 29 22 219
1150.0 49 50 65 30 20 214
1155.0 44 45 67 28 21 205
1160.0 45 41 66 27 22 201
1165.0 45 40 68 22 22 197
1170.0 42 40 67 18 20 187
1175.0 44 41 70 21 24 200
1180.0 43 44 60 22 25 194
1185.0 43 45 59 18 26 191
1190.0 40 41 61 20 24 186
1195.0 36 35 61 16 23 171
1200.0 38 35 58 17 21 169
1205.0 38 34 56 17 20 165
1210.0 33 31 51 21 22 158
1215.0 34 29 49 20 19 151
1220.0 32 30 44 18 17 141
1225.0 34 26 36 17 17 130
1230.0 35 32 27 17 15 126
1235.0 33 27 27 15 17 119
1240.0 30 24 27 15 18 114
1245.0 25 25 22 12 18 102
1250.0 22 27 23 9 16 97
1255.0 20 22 20 12 16 90
1260.0 19 21 19 11 14 84
1265.0 16 20 19 8 12 75
1270.0 20 16 19 8 10 73
1275.0 17 15 16 8 8 64
1280.0 14 12 16 9 7 58
1285.0 13 11 16 6 5 51
1290.0 11 10 17 5 5 48
1295.0 11 9 13 4 4 41
1300.0 12 11 12 4 4 43
1305.0 9 13 12 4 3 41
1310.0 7 12 8 4 3 34
1315.0 8 11 7 5 2 33
1320.0 5 10 7 7 4 33
1325.0 5 9 7 6 3 30
1330.0 5 7 7 6 1 26
1335.0 5 6 6 3 1 21
1340.0 6 3 5 2 1 17
1345.0 5 3 4 2 0 14
1350.0 4 3 3 1 0 11
1355.0 0 3 3 2 0 8
1360.0 0 4 3 2 0 9
1365.0 0 4 3 1 0 8
1370.0 0 3 2 0 0 5
1375.0 0 3 2 0 0 5
1380.0 0 2 1 0 0 3
1385.0 0 2 1 0 0 3
1390.0 0 2 1 0 0 3
1395.0 0 2 0 0 0 2
1400.0 0 1 0 0 0 1
1405.0 0 1 0 1 0 2
1410.0 0 1 1 1 0 3
1415.0 0 0 0 1 0 1
1420.0 0 0 0 1 0 1
1425.0 0 0 0 1 0 1
1430.0 0 0 0 1 0 1
1435.0 0 0 0 1 0 1
