5.0 0 0 0 0 0 0
10.0 0 0 0 0 0 0
15.0 0 0 0 0 0 0
20.0 0 0 0 0 0 0
25.0 0 0 0 0 0 0
30.0 0 0 0 0 0 0
35.0 0 0 0 0 0 0
40.0 0 0 0 0 0 0
45.0 0 0 0 0 0 0
50.0 0 0 0 0 0 0
55.0 0 0 0 0 0 0
60.0 0 0 0 0 0 0
65.0 0 0 0 0 0 0
70.0 0 0 0 0 0 0
75.0 0 0 0 0 0 0
80.0 0 0 0 0 0 0
85.0 0 0 0 0 0 0
90.0 0 0 0 0 0 0
95.0 0 0 0 0 0 0
100.0 0 0 0 0 0 0
105.0 0 0 0 0 0 0
110.0 0 0 0 0 0 0
115.0 0 0 0 0 0 0
120.0 0 0 0 0 0 0
125.0 0 0 0 0 0 0
130.0 0 0 0 0 0 0
135.0 0 0 0 0 0 0
140.0 0 0 0 0 0 0
145.0 0 0 0 0 0 0
150.0 0 0 0 0 0 0
155.0 0 0 0 0 0 0
160.0 0 0 0 0 0 0
165.0 0 0 0 0 0 0
170.0 0 0 0 0 0 0
175.0 0 0 0 0 0 0
180.0 0 0 0 0 0 0
185.0 0 0 0 0 0 0
190.0 0 1 0 0 0 1
195.0 0 1 0 0 0 1
200.0 0 1 0 0 0 1
205.0 0 1 0 0 0 1
210.0 0 1 0 0 0 1
215.0 0 1 0 0 0 1
220.0 0 1 0 0 0 1
225.0 0 1 0 0 0 1
230.0 0 1 0 0 0 1
235.0 0 1 0 0 0 1
240.0 1 1 0 0 0 2
245.0 1 1 0 0 0 2
250.0 1 1 0 0 0 2
255.0 1 1 0 0 0 2
260.0 1 1 0 0 0 2
265.0 1 1 0 0 0 2
270.0 1 1 0 0 0 2
275.0 1 1 0 0 0 2
280.0 1 1 0 0 0 2
285.0 1 1 0 0 0 2
290.0 1 1 0 0 0 2
295.0 1 1 0 0 0 2
300.0 1 1 0 0 0 2
305.0 1 1 0 0 0 2
310.0 1 1 0 0 0 2
315.0 1 1 0 0 0 2
320.0 2 2 0 0 0 4
325.0 2 2 0 0 0 4
330.0 2 3 0 0 0 5
335.0 2 3 0 0 0 5
340.0 1 3 2 0 0 6
345.0 0 3 3 0 0 6
350.0 1 3 2 0 0 6
355.0 1 3 1 0 0 5
360.0 2 5 1 0 0 8
365.0 3 5 2 0 0 10
370.0 4 5 2 0 0 11
375.0 5 5 3 0 1 14
380.0 4 5 4 0 1 14
385.0 4 4 6 0 1 15
390.0 4 4 6 2 1 17
395.0 4 5 7 2 1 19
400.0 6 5 5 2 1 19
405.0 8 10 7 1 1 27
410.0 10 9 9 1 1 30
415.0 11 9 8 1 1 30
420.0 9 7 12 3 2 33
425.0 10 7 13 3 2 35
430.0 11 9 11 4 2 37
435.0 10 12 8 4 3 37
440.0 13 13 12 5 4 47
445.0 11 16 15 5 4 51
450.0 13 16 13 7 5 54
455.0 12 16 18 9 4 59
460.0 11 15 25 9 4 64
465.0 8 13 29 11 4 65
470.0 12 13 32 11 4 72
475.0 15 13 28 14 6 76
480.0 19 12 34 13 5 83
485.0 23 13 36 14 4 90
490.0 27 16 36 12 5 96
495.0 31 20 37 12 5 105
500.0 34 23 42 12 6 117
505.0 32 23 41 14 8 118
510.0 32 29 40 16 9 126
515.0 34 29 45 17 10 135
520.0 33 27 54 16 11 141
525.0 36 31 54 16 13 150
530.0 35 32 54 17 14 152
535.0 37 41 57 16 15 166
540.0 39 47 57 16 15 174
545.0 37 44 59 16 15 171
550.0 37 42 57 19 16 171
555.0 41 42 50 20 15 168
560.0 45 46 47 21 18 177
565.0 49 46 43 21 19 178
570.0 52 46 46 20 19 183
575.0 50 45 46 18 19 178
580.0 47 44 50 19 20 180
585.0 49 43 52 20 22 186
590.0 49 48 53 22 20 192
595.0 48 46 60 18 22 194
600.0 49 47 66 15 22 199
605.0 41 48 76 23 22 210
610.0 40 51 79 26 24 220
615.0 43 53 83 24 25 228
620.0 43 55 79 23 24 224
625.0 46 59 72 26 25 228
630.0 50 58 75 26 24 233
635.0 52 53 68 26 25 224
640.0 50 51 69 27 26 223
645.0 45 53 70 29 27 224
650.0 46 53 66 27 30 222
655.0 45 51 71 27 29 223
660.0 45 55 72 20 29 221
665.0 39 56 63 19 30 207
670.0 33 55 64 23 29 204
675.0 32 54 67 24 29 206
680.0 32 58 65 25 25 205
685.0 35 57 61 25 27 205
690.0 38 54 59 21 28 200
695.0 39 46 59 22 26 192
700.0 40 49 59 19 24 191
705.0 39 50 54 19 27 189
710.0 39 50 52 16 24 181
715.0 34 51 53 22 21 181
720.0 37 54 45 26 18 180
725.0 34 53 45 26 20 178
730.0 39 52 43 22 19 175
735.0 35 52 46 23 20 176
740.0 38 47 50 21 18 174
745.0 31 44 52 20 18 165
750.0 33 40 50 19 21 163
755.0 36 40 51 20 21 168
760.0 36 43 53 20 21 173
765.0 42 40 51 17 22 172
770.0 40 41 55 18 23 177
775.0 38 43 56 19 25 181
780.0 37 37 55 20 25 174
785.0 34 39 48 19 23 163
790.0 37 38 42 19 20 156
795.0 37 41 43 20 19 160
800.0 35 41 48 23 15 162
805.0 39 40 46 25 14 164
810.0 42 37 45 26 13 163
815.0 44 38 40 29 15 166
820.0 42 44 37 27 16 166
825.0 38 45 40 28 19 170
830.0 40 42 45 28 19 174
835.0 40 40 49 24 18 171
840.0 33 47 48 23 14 165
845.0 29 45 53 21 16 164
850.0 26 44 58 24 16 168
855.0 29 45 60 27 17 178
860.0 31 52 57 27 17 184
865.0 33 46 58 27 18 182
870.0 33 47 58 29 17 184
875.0 41 49 55 26 17 188
880.0 46 49 52 26 18 191
885.0 50 51 50 25 18 194
890.0 49 55 45 22 18 189
895.0 51 57 50 22 18 198
900.0 50 52 55 22 20 199
905.0 53 53 56 21 16 199
910.0 56 53 59 19 20 207
915.0 57 53 61 18 21 210
920.0 53 55 62 15 21 206
925.0 53 52 69 19 19 212
930.0 57 48 61 18 21 205
935.0 61 55 54 22 23 215
940.0 58 58 52 25 26 219
945.0 53 54 53 25 27 212
950.0 49 61 60 29 27 226
955.0 45 67 62 31 27 232
960.0 44 64 57 32 28 225
965.0 49 67 58 31 27 232
970.0 46 64 57 27 25 219
975.0 43 60 58 29 25 215
980.0 38 56 55 29 22 200
985.0 40 53 65 27 21 206
990.0 42 51 68 26 20 207
995.0 46 48 70 27 18 209
1000.0 39 48 72 29 19 207
1005.0 38 43 69 27 20 197
1010.0 41 46 64 30 19 200
1015.0 42 54 60 34 18 208
1020.0 38 61 65 33 20 217
1025.0 35 61 69 34 21 220
1030.0 40 63 65 29 25 222
1035.0 43 56 67 30 24 220
1040.0 42 51 66 29 26 214
1045.0 45 54 53 28 23 203
1050.0 39 55 56 29 21 200
1055.0 38 54 59 29 22 202
1060.0 37 60 61 31 17 206
1065.0 40 60 61 32 17 210
1070.0 44 61 61 32 17 215
1075.0 48 58 60 34 16 216
1080.0 51 57 63 33 19 223
1085.0 48 58 61 32 22 221
1090.0 49 57 61 30 22 219
1095.0 65 61 60 24 20 230
1100.0 62 63 60 24 23 232
1105.0 54 64 57 24 23 222
1110.0 53 58 58 30 24 223
1115.0 56 59 58 30 24 227
1120.0 57 61 62 32 22 234
1125.0 61 66 63 31 23 244
1130.0 57 65 68 29 23 242
1135.0 54 69 73 29 21 246
1140.0 60 68 75 33 22 258
1145.0 56 72 63 37 21 249
1150.0 65 70 58 31 23 247
1155.0 68 66 55 26 22 237
1160.0 64 66 64 25 18 237
1165.0 64 62 61 26 20 233
1170.0 60 54 67 25 22 228
1175.0 57 55 70 18 20 220
1180.0 57 56 64 22 23 222
1185.0 55 51 65 22 23 216
1190.0 56 53 66 23 19 217
1195.0 54 56 69 20 18 217
1200.0 56 51 65 18 21 211
1205.0 48 50 62 19 21 200
1210.0 44 43 60 16 20 183
1215.0 39 41 58 17 17 172
1220.0 43 40 53 15 17 168
1225.0 39 35 52 17 16 159
1230.0 32 33 48 17 16 146
1235.0 33 29 44 17 15 138
1240.0 31 30 48 14 16 139
1245.0 25 30 44 16 16 131
1250.0 24 25 39 20 16 124
1255.0 23 28 34 18 14 117
1260.0 21 27 28 17 11 104
1265.0 19 25 28 15 8 95
1270.0 21 22 20 10 7 80
1275.0 20 16 21 9 7 73
1280.0 21 15 19 7 7 69
1285.0 23 12 19 7 6 67
1290.0 17 12 20 6 6 61
1295.0 17 11 16 5 6 55
1300.0 14 10 12 6 7 49
1305.0 11 9 10 6 6 42
1310.0 7 7 9 5 4 32
1315.0 8 7 6 7 3 31
1320.0 9 7 7 5 3 31
1325.0 7 7 8 5 3 30
1330.0 5 6 9 3 1 24
1335.0 6 5 10 4 1 26
1340.0 7 3 9 3 1 23
1345.0 7 4 7 4 1 23
1350.0 7 3 4 2 1 17
1355.0 4 3 4 3 0 14
1360.0 4 4 6 3 0 17
1365.0 4 4 4 2 0 14
1370.0 3 2 4 2 0 11
1375.0 3 2 3 1 0 9
1380.0 1 2 2 1 0 6
1385.0 0 3 3 1 0 7
1390.0 1 3 2 1 0 7
1395.0 1 2 2 1 0 6
1400.0 0 1 2 1 0 4
1405.0 1 1 0 1 0 3
1410.0 1 1 0 1 0 3
1415.0 1 1 0 1 0 3
1420.0 0 1 0 0 0 1
1425.0 0 1 0 0 0 1
1430.0 1 0 0 0 0 1
1435.0 1 0 0 1 0 2
