5.0 0 0 0 0 0 0
10.0 0 0 0 0 0 0
15.0 0 0 0 0 0 0
20.0 0 0 0 0 0 0
25.0 0 0 0 0 0 0
30.0 0 0 0 0 0 0
35.0 0 0 0 0 0 0
40.0 0 0 0 0 0 0
45.0 0 0 0 0 0 0
50.0 0 0 0 0 0 0
55.0 0 0 0 0 0 0
60.0 0 0 0 0 0 0
65.0 0 0 0 0 0 0
70.0 0 0 0 0 0 0
75.0 0 0 0 0 0 0
80.0 0 0 0 0 0 0
85.0 0 0 0 0 0 0
90.0 0 0 0 0 0 0
95.0 0 0 0 0 0 0
100.0 0 0 0 0 0 0
105.0 0 0 0 0 0 0
110.0 0 0 0 0 0 0
115.0 0 0 0 0 0 0
120.0 0 0 0 0 0 0
125.0 0 0 0 0 0 0
130.0 0 0 0 0 0 0
135.0 0 0 0 0 0 0
140.0 0 0 0 0 0 0
145.0 0 0 0 0 0 0
150.0 0 0 0 0 0 0
155.0 0 0 0 0 0 0
160.0 0 0 0 0 0 0
165.0 0 0 0 0 0 0
170.0 0 0 0 0 0 0
175.0 0 0 0 0 0 0
180.0 0 0 0 0 0 0
185.0 0 0 0 0 0 0
190.0 0 0 0 0 0 0
195.0 0 0 0 0 0 0
200.0 0 0 0 0 0 0
205.0 0 0 0 0 0 0
210.0 0 0 0 0 0 0
215.0 0 0 0 0 0 0
220.0 0 0 0 0 0 0
225.0 0 0 0 0 0 0
230.0 0 0 0 0 0 0
235.0 0 0 0 0 0 0
240.0 0 0 0 0 0 0
245.0 0 0 0 0 0 0
250.0 0 0 1 0 0 1
255.0 0 0 1 0 0 1
260.0 0 0 1 0 0 1
265.0 0 0 1 0 0 1
270.0 1 0 1 0 0 2
275.0 1 0 1 0 0 2
280.0 1 0 0 0 0 1
285.0 1 0 0 0 0 1
290.0 1 0 0 0 0 1
295.0 1 0 0 0 0 1
300.0 1 0 0 0 0 1
305.0 1 0 0 0 0 1
310.0 1 0 1 0 0 2
315.0 1 0 1 0 0 2
320.0 1 0 1 0 0 2
325.0 0 0 1 0 0 1
330.0 0 0 1 0 0 1
335.0 0 0 1 0 0 1
340.0 0 0 1 0 0 1
345.0 0 0 1 0 0 1
350.0 0 0 1 0 0 1
355.0 0 0 1 0 0 1
360.0 1 0 1 0 0 2
365.0 1 0 1 0 0 2
370.0 1 1 1 0 0 3
375.0 1 1 3 1 0 6
380.0 1 2 3 1 0 7
385.0 1 2 3 1 0 7
390.0 1 2 3 1 0 7
395.0 1 2 1 2 0 6
400.0 1 2 1 1 0 5
405.0 0 1 1 2 0 4
410.0 1 2 2 2 0 7
415.0 1 2 2 2 0 7
420.0 1 2 2 2 1 8
425.0 1 2 4 2 1 10
430.0 1 2 5 3 3 14
435.0 1 2 8 3 3 17
440.0 2 1 9 2 3 17
445.0 2 2 9 3 4 20
450.0 3 1 10 4 5 23
455.0 3 2 10 4 5 24
460.0 3 5 10 5 6 29
465.0 2 6 10 5 6 29
470.0 4 6 11 5 7 33
475.0 7 9 12 5 5 38
480.0 8 7 14 7 5 41
485.0 9 8 14 6 9 46
490.0 7 9 14 7 9 46
495.0 7 10 12 6 9 44
500.0 7 14 7 6 9 43
505.0 6 15 4 6 10 41
510.0 9 15 4 6 9 43
515.0 9 16 8 7 8 48
520.0 9 16 10 6 9 50
525.0 9 17 11 7 10 54
530.0 10 21 13 4 9 57
535.0 9 18 17 5 9 58
540.0 6 15 17 7 9 54
545.0 6 16 18 9 9 58
550.0 5 15 17 8 9 54
555.0 8 14 17 7 10 56
560.0 8 16 18 8 10 60
565.0 10 16 19 8 11 64
570.0 12 19 19 8 11 69
575.0 12 21 21 7 12 73
580.0 15 19 19 6 14 73
585.0 15 19 20 5 13 72
590.0 16 17 19 5 11 68
595.0 14 19 22 5 10 70
600.0 10 17 21 6 9 63
605.0 11 19 23 7 7 67
610.0 9 19 23 9 6 66
615.0 11 18 22 8 6 65
620.0 16 14 20 8 7 65
625.0 15 15 20 8 6 64
630.0 14 16 20 9 8 67
635.0 15 16 20 9 9 69
640.0 15 20 20 10 9 74
645.0 18 22 23 9 9 81
650.0 18 21 20 7 9 75
655.0 19 21 20 9 10 79
660.0 18 18 21 11 9 77
665.0 17 18 20 12 11 78
670.0 15 21 22 13 11 82
675.0 14 21 22 14 11 82
680.0 15 23 21 15 13 87
685.0 15 24 19 15 13 86
690.0 15 24 21 14 12 86
695.0 13 22 22 9 11 77
700.0 13 23 24 8 11 79
705.0 17 20 23 7 11 78
710.0 14 17 19 7 12 69
715.0 15 16 16 7 12 66
720.0 16 13 16 2 12 59
725.0 15 13 17 2 12 59
730.0 12 14 19 3 12 60
735.0 12 15 16 6 8 57
740.0 15 16 16 4 8 59
745.0 14 20 18 6 8 66
750.0 14 18 17 7 8 64
755.0 14 17 18 8 9 66
760.0 14 17 17 10 8 66
765.0 14 19 18 9 8 68
770.0 15 18 19 9 9 70
775.0 15 19 17 9 9 69
780.0 17 16 18 8 10 69
785.0 18 18 22 7 10 75
790.0 20 18 20 9 10 77
795.0 12 17 20 11 11 71
800.0 14 15 16 12 10 67
805.0 13 14 19 11 10 67
810.0 14 14 19 11 11 69
815.0 15 13 16 7 8 59
820.0 14 14 14 6 9 57
825.0 13 15 16 5 8 57
830.0 15 17 15 5 7 59
835.0 13 18 14 6 7 58
840.0 12 19 15 6 8 60
845.0 13 17 15 7 8 60
850.0 12 19 15 8 8 62
855.0 12 18 13 8 9 60
860.0 14 17 14 9 9 63
865.0 15 15 14 8 8 60
870.0 18 17 14 7 8 64
875.0 14 19 16 7 8 64
880.0 15 21 15 4 8 63
885.0 14 25 13 6 10 68
890.0 14 23 14 6 10 67
895.0 14 20 16 6 12 68
900.0 12 20 17 6 12 67
905.0 15 22 17 8 11 73
910.0 15 17 20 9 12 73
915.0 19 18 19 8 12 76
920.0 18 20 20 9 11 78
925.0 17 20 23 8 11 79
930.0 18 23 21 8 12 82
935.0 19 20 22 10 13 84
940.0 16 24 21 11 12 84
945.0 16 23 21 11 12 83
950.0 15 21 22 9 12 79
955.0 15 25 24 7 11 82
960.0 17 25 27 8 9 86
965.0 16 27 27 7 9 86
970.0 17 27 23 9 9 85
975.0 15 27 24 8 10 84
980.0 13 26 25 7 9 80
985.0 14 19 22 10 9 74
990.0 14 18 22 9 9 72
995.0 17 17 23 8 8 73
1000.0 14 18 22 10 7 71
1005.0 17 18 24 10 7 76
1010.0 20 18 23 8 6 75
1015.0 18 17 19 10 7 71
1020.0 18 19 20 11 8 76
1025.0 19 25 19 8 8 79
1030.0 21 25 17 8 8 79
1035.0 19 24 22 10 7 82
1040.0 21 27 21 13 7 89
1045.0 20 26 22 10 8 86
1050.0 20 22 21 9 7 79
1055.0 18 21 24 9 9 81
1060.0 19 21 24 9 9 82
1065.0 21 21 26 9 9 86
1070.0 21 22 22 9 8 82
1075.0 21 19 27 7 8 82
1080.0 18 24 21 8 10 81
1085.0 23 22 21 7 11 84
1090.0 21 24 20 9 13 87
1095.0 19 24 19 11 14 87
1100.0 19 26 19 11 15 90
1105.0 21 32 17 11 14 95
1110.0 19 30 20 9 12 90
1115.0 21 30 18 9 12 90
1120.0 22 31 19 8 10 90
1125.0 22 27 19 9 11 88
1130.0 17 27 22 9 10 85
1135.0 16 28 23 10 10 87
1140.0 20 32 24 8 10 94
1145.0 18 31 26 11 10 96
1150.0 19 35 25 12 9 100
1155.0 19 33 24 10 8 94
1160.0 17 33 25 8 8 91
1165.0 17 33 19 8 9 86
1170.0 13 28 21 9 8 79
1175.0 15 20 20 8 6 69
1180.0 14 18 22 9 7 70
1185.0 12 19 23 8 7 69
1190.0 11 19 25 7 8 70
1195.0 10 18 27 5 7 67
1200.0 12 20 20 4 6 62
1205.0 10 19 18 4 8 59
1210.0 9 19 18 5 8 59
1215.0 9 17 17 6 8 57
1220.0 10 19 19 7 9 64
1225.0 6 19 20 8 8 61
1230.0 10 18 16 9 6 59
1235.0 8 13 13 9 4 47
1240.0 8 12 11 10 4 45
1245.0 7 11 9 7 5 39
1250.0 9 7 10 4 6 36
1255.0 10 6 10 2 5 33
1260.0 9 6 10 1 5 31
1265.0 7 6 8 1 5 27
1270.0 6 6 8 2 3 25
1275.0 4 5 10 2 4 25
1280.0 2 4 11 2 4 23
1285.0 3 5 9 1 4 22
1290.0 3 6 8 1 3 21
1295.0 2 6 8 0 3 19
1300.0 1 4 7 0 2 14
1305.0 0 2 6 0 2 10
1310.0 0 2 5 0 2 9
1315.0 0 3 5 0 2 10
1320.0 0 3 5 0 2 10
1325.0 0 3 5 0 2 10
1330.0 0 2 5 0 0 7
1335.0 1 1 3 1 0 6
1340.0 1 1 3 1 0 6
1345.0 1 1 1 0 0 3
1350.0 1 1 1 0 0 3
1355.0 2 0 1 0 0 3
1360.0 2 0 1 0 0 3
1365.0 2 0 1 0 0 3
1370.0 1 0 1 0 0 2
1375.0 0 1 1 0 0 2
1380.0 0 1 1 0 0 2
1385.0 0 1 1 0 0 2
1390.0 0 0 1 0 0 1
1395.0 0 0 1 0 1 2
1400.0 0 0 1 0 1 2
1405.0 0 0 1 0 1 2
1410.0 0 0 1 0 1 2
1415.0 0 0 1 0 1 2
1420.0 0 0 1 0 0 1
1425.0 0 0 0 0 0 0
1430.0 0 0 0 0 0 0
1435.0 0 0 0 0 0 0
