5.0 0 0 0 0 0 0
10.0 0 0 0 0 0 0
15.0 0 0 0 0 0 0
20.0 0 0 0 0 0 0
25.0 0 0 0 0 0 0
30.0 0 0 0 0 0 0
35.0 0 0 0 0 0 0
40.0 0 0 0 0 0 0
45.0 0 0 0 0 0 0
50.0 0 0 0 0 0 0
55.0 0 0 0 0 0 0
60.0 0 0 0 0 0 0
65.0 0 0 0 0 0 0
70.0 0 0 0 0 0 0
75.0 0 0 0 0 0 0
80.0 0 0 0 0 0 0
85.0 0 0 0 0 0 0
90.0 0 0 0 0 0 0
95.0 0 0 0 0 0 0
100.0 0 0 0 0 0 0
105.0 0 0 0 0 0 0
110.0 0 0 0 0 0 0
115.0 0 0 0 0 0 0
120.0 0 0 0 0 0 0
125.0 0 0 0 0 0 0
130.0 0 0 0 0 0 0
135.0 0 0 0 0 0 0
140.0 0 0 0 0 0 0
145.0 0 0 0 0 0 0
150.0 0 0 0 0 0 0
155.0 0 0 0 0 0 0
160.0 0 0 0 0 0 0
165.0 0 0 0 0 0 0
170.0 0 0 0 0 0 0
175.0 0 0 0 0 0 0
180.0 0 0 0 0 0 0
185.0 0 0 0 0 0 0
190.0 0 0 0 0 0 0
195.0 0 0 0 0 0 0
200.0 0 0 0 0 0 0
205.0 0 0 0 0 0 0
210.0 0 0 0 0 0 0
215.0 0 0 0 0 0 0
220.0 0 0 0 0 0 0
225.0 0 0 0 0 0 0
230.0 0 0 0 0 0 0
235.0 0 0 0 0 0 0
240.0 0 0 0 0 0 0
245.0 0 0 0 0 0 0
250.0 0 0 0 0 0 0
255.0 0 0 0 0 0 0
260.0 0 0 0 0 0 0
265.0 0 0 0 0 0 0
270.0 0 0 0 0 0 0
275.0 0 0 1 0 0 1
280.0 0 0 1 0 0 1
285.0 0 0 1 0 0 1
290.0 0 0 1 0 0 1
295.0 0 0 1 0 0 1
300.0 0 0 1 0 0 1
305.0 0 0 1 0 0 1
310.0 0 0 1 0 0 1
315.0 0 0 1 0 0 1
320.0 0 0 1 0 0 1
325.0 0 0 1 0 0 1
330.0 0 0 1 0 0 1
335.0 0 0 1 0 0 1
340.0 0 1 1 0 0 2
345.0 0 1 1 0 0 2
350.0 0 1 1 0 0 2
355.0 1 1 0 0 0 2
360.0 1 1 2 0 0 4
365.0 1 0 2 0 0 3
370.0 1 0 2 0 0 3
375.0 0 0 2 0 0 2
380.0 1 1 3 0 0 5
385.0 2 1 3 0 0 6
390.0 2 3 3 1 0 9
395.0 1 3 3 1 0 8
400.0 0 3 3 1 1 8
405.0 2 3 3 0 2 10
410.0 5 1 2 1 2 11
415.0 5 1 2 1 2 11
420.0 5 3 3 1 2 14
425.0 6 4 6 0 2 18
430.0 6 5 8 1 2 22
435.0 5 6 9 1 2 23
440.0 4 8 9 2 2 25
445.0 6 6 9 3 1 25
450.0 5 9 10 3 1 28
455.0 5 9 12 3 2 31
460.0 5 9 10 4 3 31
465.0 6 11 11 4 3 35
470.0 6 12 14 4 3 39
475.0 7 9 14 3 3 36
480.0 8 8 14 5 3 38
485.0 9 12 13 5 2 41
490.0 11 15 11 4 3 44
495.0 13 16 15 3 3 50
500.0 14 15 18 5 3 55
505.0 15 17 17 6 4 59
510.0 14 18 16 7 5 60
515.0 14 17 23 8 6 68
520.0 16 18 23 6 6 69
525.0 14 18 25 6 6 69
530.0 16 16 28 7 7 74
535.0 17 15 31 4 9 76
540.0 18 17 29 5 9 78
545.0 18 19 31 7 9 84
550.0 22 22 27 5 11 87
555.0 22 24 25 6 13 90
560.0 23 32 23 6 12 96
565.0 23 34 25 6 12 100
570.0 25 35 27 4 10 101
575.0 24 37 30 4 12 107
580.0 25 32 32 9 14 112
585.0 29 31 32 11 14 117
590.0 27 34 30 14 14 119
595.0 23 33 31 17 12 116
600.0 25 33 32 16 15 121
605.0 25 34 30 17 16 122
610.0 26 37 28 18 17 126
615.0 24 36 34 17 18 129
620.0 27 36 34 17 18 132
625.0 30 36 33 18 18 135
630.0 28 35 34 17 16 130
635.0 29 32 27 17 15 120
640.0 27 33 35 17 16 128
645.0 26 34 37 16 16 129
650.0 26 35 37 16 19 133
655.0 29 38 37 14 18 136
660.0 28 38 31 13 17 127
665.0 27 39 26 14 18 124
670.0 27 34 27 16 17 121
675.0 26 35 26 17 17 121
680.0 27 35 26 21 16 125
685.0 28 32 28 22 15 125
690.0 25 29 31 21 13 119
695.0 26 30 31 20 12 119
700.0 27 31 33 20 11 122
705.0 25 31 32 21 11 120
710.0 18 29 31 23 14 115
715.0 20 28 29 21 13 111
720.0 22 24 30 19 12 107
725.0 25 27 32 13 11 108
730.0 23 28 32 13 11 107
735.0 22 26 30 11 10 99
740.0 20 26 29 11 10 96
745.0 21 24 28 9 9 91
750.0 22 26 28 6 9 91
755.0 25 24 28 5 9 91
760.0 20 20 28 9 9 86
765.0 23 22 29 10 11 95
770.0 22 22 31 10 12 97
775.0 21 23 28 9 9 90
780.0 21 25 27 11 12 96
785.0 16 23 30 15 11 95
790.0 17 22 31 14 9 93
795.0 16 19 28 13 8 84
800.0 17 19 30 12 10 88
805.0 17 20 30 12 9 88
810.0 14 21 26 12 8 81
815.0 16 19 25 12 7 79
820.0 16 23 21 9 7 76
825.0 20 25 16 10 7 78
830.0 24 27 19 7 7 84
835.0 27 26 20 9 7 89
840.0 29 25 19 11 8 92
845.0 28 24 18 13 7 90
850.0 28 27 18 13 7 93
855.0 29 26 24 14 7 100
860.0 28 24 30 16 7 105
865.0 26 26 34 17 6 109
870.0 27 23 31 19 7 107
875.0 27 22 29 19 8 105
880.0 28 21 26 20 8 103
885.0 30 23 28 22 11 114
890.0 31 20 30 23 12 116
895.0 31 16 27 24 12 110
900.0 36 13 27 21 14 111
905.0 36 14 26 20 15 111
910.0 37 11 27 18 15 108
915.0 36 13 25 21 14 109
920.0 33 11 28 22 15 109
925.0 36 14 30 26 16 122
930.0 30 11 31 27 16 115
935.0 30 12 34 27 15 118
940.0 31 14 28 28 12 113
945.0 28 17 27 23 12 107
950.0 28 17 32 18 14 109
955.0 27 19 33 18 13 110
960.0 25 18 34 18 11 106
965.0 24 17 37 21 13 112
970.0 21 18 38 19 14 110
975.0 22 23 35 17 14 111
980.0 23 23 33 13 13 105
985.0 18 22 33 13 14 100
990.0 20 21 32 13 15 101
995.0 20 25 32 12 14 103
1000.0 19 24 35 10 12 100
1005.0 19 21 32 10 13 95
1010.0 18 21 37 10 12 98
1015.0 24 21 36 12 11 104
1020.0 25 21 32 12 10 100
1025.0 28 21 32 13 10 104
1030.0 26 24 29 12 8 99
1035.0 26 28 29 13 9 105
1040.0 24 32 29 13 10 108
1045.0 20 34 29 11 12 106
1050.0 20 33 35 12 13 113
1055.0 21 39 23 12 15 110
1060.0 23 35 27 11 15 111
1065.0 23 34 28 11 13 109
1070.0 25 37 29 12 12 115
1075.0 24 38 29 11 12 114
1080.0 23 35 28 15 12 113
1085.0 22 30 35 13 12 112
1090.0 20 32 37 13 13 115
1095.0 21 33 32 17 13 116
1100.0 23 32 30 16 15 116
1105.0 25 34 26 17 14 116
1110.0 26 32 27 18 13 116
1115.0 25 30 32 18 14 119
1120.0 25 32 28 17 14 116
1125.0 23 29 31 17 15 115
1130.0 23 31 33 15 14 116
1135.0 20 27 37 18 13 115
1140.0 20 28 39 16 15 118
1145.0 24 30 37 16 16 123
1150.0 28 30 39 12 19 128
1155.0 28 27 36 11 20 122
1160.0 30 23 38 13 18 122
1165.0 31 24 34 12 20 121
1170.0 31 25 33 10 21 120
1175.0 28 20 39 13 21 121
1180.0 25 19 34 15 19 112
1185.0 26 18 37 16 17 114
1190.0 23 17 37 16 16 109
1195.0 20 17 39 15 18 109
1200.0 17 17 33 14 18 99
1205.0 18 18 32 13 17 98
1210.0 15 16 26 14 17 88
1215.0 13 14 26 14 18 85
1220.0 11 17 22 13 20 83
1225.0 11 16 21 11 19 78
1230.0 11 14 22 10 19 76
1235.0 12 12 20 7 17 68
1240.0 10 13 19 8 17 67
1245.0 10 12 15 9 14 60
1250.0 9 10 14 9 12 54
1255.0 9 10 14 6 13 52
1260.0 12 13 14 5 12 56
1265.0 10 11 16 4 11 52
1270.0 9 11 17 3 9 49
1275.0 9 11 18 3 8 49
1280.0 9 10 13 2 8 42
1285.0 6 9 12 3 7 37
1290.0 4 7 10 2 7 30
1295.0 5 6 7 4 7 29
1300.0 4 5 8 3 5 25
1305.0 6 6 6 2 4 24
1310.0 8 4 6 1 4 23
1315.0 7 5 5 1 3 21
1320.0 6 4 4 1 3 18
1325.0 7 4 3 1 2 17
1330.0 7 4 4 1 1 17
1335.0 6 3 4 3 1 17
1340.0 5 2 4 2 1 14
1345.0 5 2 4 1 0 12
1350.0 5 2 2 2 0 11
1355.0 4 2 1 1 0 8
1360.0 2 1 1 1 1 6
1365.0 2 1 2 1 1 7
1370.0 0 1 1 2 1 5
1375.0 0 0 0 1 1 2
1380.0 0 0 0 0 1 1
1385.0 0 0 0 0 1 1
1390.0 0 0 0 0 1 1
1395.0 1 0 0 0 1 2
1400.0 1 0 0 0 0 1
1405.0 1 0 0 0 0 1
1410.0 0 0 0 0 0 0
1415.0 0 0 0 0 0 0
1420.0 0 0 0 0 0 0
1425.0 0 0 0 0 0 0
1430.0 0 0 0 0 0 0
1435.0 0 0 0 0 0 0
