5.0 0 0 0 0 0 0
10.0 0 0 0 0 0 0
15.0 0 0 0 0 0 0
20.0 0 0 0 0 0 0
25.0 0 0 0 0 0 0
30.0 0 0 0 0 0 0
35.0 0 0 0 0 0 0
40.0 0 0 0 0 0 0
45.0 0 0 0 0 0 0
50.0 0 0 0 0 0 0
55.0 0 0 0 0 0 0
60.0 0 0 0 0 0 0
65.0 0 0 0 0 0 0
70.0 0 0 0 0 0 0
75.0 0 0 0 0 0 0
80.0 0 0 0 0 0 0
85.0 0 0 0 0 0 0
90.0 0 0 0 0 0 0
95.0 0 0 0 0 0 0
100.0 0 0 0 0 0 0
105.0 0 0 0 0 0 0
110.0 0 0 0 0 0 0
115.0 0 0 0 0 0 0
120.0 0 0 0 0 0 0
125.0 0 0 0 0 0 0
130.0 0 0 0 0 0 0
135.0 0 0 0 0 0 0
140.0 0 0 0 0 0 0
145.0 0 0 0 0 0 0
150.0 0 0 0 0 0 0
155.0 0 0 0 0 0 0
160.0 0 0 0 0 0 0
165.0 0 0 0 0 0 0
170.0 0 0 0 0 0 0
175.0 0 0 0 0 0 0
180.0 0 0 0 0 0 0
185.0 0 0 0 0 0 0
190.0 0 0 0 0 0 0
195.0 0 0 0 0 0 0
200.0 0 0 0 0 0 0
205.0 0 0 0 0 0 0
210.0 0 0 0 0 0 0
215.0 0 0 0 0 0 0
220.0 0 0 0 0 0 0
225.0 0 0 0 0 0 0
230.0 0 0 0 0 0 0
235.0 0 0 0 0 0 0
240.0 0 0 0 0 0 0
245.0 0 0 0 0 0 0
250.0 0 0 0 0 0 0
255.0 0 0 0 0 0 0
260.0 0 0 0 0 0 0
265.0 0 0 0 0 0 0
270.0 0 0 0 0 0 0
275.0 0 0 0 0 0 0
280.0 0 0 0 0 0 0
285.0 0 0 0 0 0 0
290.0 0 0 0 0 0 0
295.0 0 0 0 0 0 0
300.0 0 0 0 0 0 0
305.0 0 0 0 0 0 0
310.0 0 0 0 0 0 0
315.0 0 0 0 0 0 0
320.0 0 0 1 0 0 1
325.0 0 0 1 0 0 1
330.0 0 0 1 0 0 1
335.0 0 0 1 0 0 1
340.0 0 0 1 0 0 1
345.0 0 0 1 0 0 1
350.0 0 1 2 0 0 3
355.0 0 1 2 0 0 3
360.0 0 1 1 0 0 2
365.0 0 1 2 0 0 3
370.0 1 1 2 0 0 4
375.0 1 0 2 0 0 3
380.0 1 0 2 0 0 3
385.0 2 0 2 0 0 4
390.0 2 0 2 0 0 4
395.0 3 0 1 0 0 4
400.0 2 0 0 0 0 2
405.0 2 0 0 0 0 2
410.0 3 0 0 0 0 3
415.0 3 1 0 0 0 4
420.0 2 2 0 0 0 4
425.0 1 2 0 0 1 4
430.0 2 2 0 0 1 5
435.0 2 2 0 1 1 6
440.0 1 3 4 1 1 10
445.0 1 3 4 1 1 10
450.0 1 3 4 1 1 10
455.0 1 1 6 1 1 10
460.0 1 1 6 1 1 10
465.0 2 1 5 1 1 10
470.0 3 1 6 1 1 12
475.0 3 1 6 1 1 12
480.0 3 2 6 1 2 14
485.0 1 2 6 1 3 13
490.0 1 2 5 1 2 11
495.0 2 2 5 1 2 12
500.0 3 2 4 0 4 13
505.0 3 2 7 0 4 16
510.0 5 3 6 0 3 17
515.0 5 4 5 1 4 19
520.0 6 5 5 1 4 21
525.0 6 6 5 1 4 22
530.0 5 7 5 2 4 23
535.0 4 8 5 3 3 23
540.0 5 9 4 3 3 24
545.0 6 11 4 3 3 27
550.0 6 12 4 3 3 28
555.0 6 11 4 3 2 26
560.0 6 10 4 4 2 26
565.0 5 12 5 6 2 30
570.0 6 10 5 6 2 29
575.0 6 11 5 4 3 29
580.0 7 15 5 5 4 36
585.0 6 15 6 5 4 36
590.0 7 13 7 4 4 35
595.0 8 13 6 3 4 34
600.0 7 12 6 5 5 35
605.0 7 12 5 5 6 35
610.0 10 10 7 3 6 36
615.0 11 5 9 4 6 35
620.0 10 6 9 6 5 36
625.0 11 5 10 6 5 37
630.0 12 4 10 5 6 37
635.0 17 7 10 4 6 44
640.0 14 11 9 5 6 45
645.0 14 11 8 5 7 45
650.0 13 12 6 5 7 43
655.0 13 13 5 4 8 43
660.0 10 13 7 4 8 42
665.0 9 12 8 5 8 42
670.0 7 11 9 5 8 40
675.0 7 11 10 5 7 40
680.0 7 13 9 6 7 42
685.0 6 13 8 6 7 40
690.0 9 14 7 6 7 43
695.0 8 13 7 6 4 38
700.0 9 12 6 6 3 36
705.0 12 12 6 5 2 37
710.0 9 11 7 6 2 35
715.0 8 12 6 5 2 33
720.0 8 10 6 5 3 32
725.0 8 11 7 5 1 32
730.0 7 11 7 4 0 29
735.0 8 9 7 5 0 29
740.0 8 9 9 3 0 29
745.0 6 7 10 3 1 27
750.0 6 5 8 3 1 23
755.0 8 5 8 2 1 24
760.0 8 5 8 3 2 26
765.0 7 5 8 4 4 28
770.0 6 6 8 6 4 30
775.0 4 6 9 8 4 31
780.0 4 7 13 7 4 35
785.0 4 7 13 7 5 36
790.0 5 6 12 7 4 34
795.0 5 6 14 5 4 34
800.0 5 7 11 5 4 32
805.0 4 8 11 3 4 30
810.0 4 8 10 3 4 29
815.0 4 5 13 3 4 29
820.0 4 5 16 3 4 32
825.0 5 4 16 3 2 30
830.0 5 3 14 4 2 28
835.0 5 5 8 2 2 22
840.0 4 5 6 2 3 20
845.0 5 8 6 2 3 24
850.0 5 9 5 3 3 25
855.0 5 8 5 4 3 25
860.0 5 7 5 5 3 25
865.0 3 7 7 6 3 26
870.0 4 6 7 5 3 25
875.0 5 8 9 5 2 29
880.0 6 9 8 4 3 30
885.0 6 11 6 5 3 31
890.0 6 12 6 4 3 31
895.0 6 11 7 5 3 32
900.0 4 9 7 5 3 28
905.0 4 5 9 6 2 26
910.0 5 6 9 6 2 28
915.0 7 6 12 4 1 30
920.0 8 5 14 4 1 32
925.0 9 8 11 5 1 34
930.0 9 8 10 4 1 32
935.0 11 8 9 4 0 32
940.0 10 7 11 5 2 35
945.0 9 10 13 6 2 40
950.0 9 9 13 7 1 39
955.0 8 9 13 8 1 39
960.0 7 8 13 8 1 37
965.0 7 8 12 7 2 36
970.0 5 6 10 8 3 32
975.0 6 5 10 8 3 32
980.0 6 8 9 7 3 33
985.0 5 7 6 6 4 28
990.0 6 8 9 4 4 31
995.0 6 8 8 4 4 30
1000.0 9 8 6 4 4 31
1005.0 8 8 7 3 3 29
1010.0 10 8 8 3 1 30
1015.0 8 5 7 3 4 27
1020.0 7 6 7 3 4 27
1025.0 6 7 9 3 4 29
1030.0 5 6 10 4 4 29
1035.0 4 6 10 5 4 29
1040.0 5 7 10 5 5 32
1045.0 6 7 13 4 5 35
1050.0 7 10 14 3 5 39
1055.0 8 11 13 2 6 40
1060.0 5 10 11 2 6 34
1065.0 4 11 9 1 5 30
1070.0 4 9 10 1 5 29
1075.0 3 9 10 2 5 29
1080.0 3 10 11 2 4 30
1085.0 3 9 10 3 3 28
1090.0 4 7 10 3 4 28
1095.0 4 7 11 3 4 29
1100.0 5 10 11 2 5 33
1105.0 4 11 12 3 5 35
1110.0 4 10 13 4 6 37
1115.0 3 11 15 4 7 40
1120.0 5 9 15 4 6 39
1125.0 5 8 16 4 5 38
1130.0 4 8 16 4 5 37
1135.0 5 8 12 5 5 35
1140.0 4 10 12 9 7 42
1145.0 5 8 8 8 7 36
1150.0 5 12 8 8 8 41
1155.0 5 15 10 6 5 41
1160.0 5 13 12 5 5 40
1165.0 4 12 10 4 5 35
1170.0 3 12 8 4 5 32
1175.0 4 11 5 6 5 31
1180.0 3 10 5 7 4 29
1185.0 5 7 5 7 4 28
1190.0 6 8 4 6 3 27
1195.0 5 8 4 6 3 26
1200.0 4 6 8 7 2 27
1205.0 4 7 6 5 2 24
1210.0 5 6 6 4 2 23
1215.0 4 6 4 4 2 20
1220.0 3 5 4 4 2 18
1225.0 3 6 4 3 3 19
1230.0 3 5 5 2 4 19
1235.0 2 5 5 3 4 19
1240.0 5 3 4 3 4 19
1245.0 5 3 4 3 5 20
1250.0 4 4 3 3 4 18
1255.0 3 3 1 2 4 13
1260.0 2 3 2 2 2 11
1265.0 1 3 3 2 2 11
1270.0 0 3 2 2 2 9
1275.0 1 3 1 2 2 9
1280.0 2 2 0 2 2 8
1285.0 2 2 0 2 1 7
1290.0 3 3 0 2 1 9
1295.0 2 4 2 3 1 12
1300.0 2 4 2 3 1 12
1305.0 1 2 2 3 1 9
1310.0 0 2 2 3 0 7
1315.0 0 2 1 2 0 5
1320.0 0 2 1 2 0 5
1325.0 0 1 1 2 0 4
1330.0 0 1 1 2 0 4
1335.0 1 2 0 2 0 5
1340.0 1 2 0 2 0 5
1345.0 1 1 0 2 0 4
1350.0 0 1 0 2 0 3
1355.0 0 2 0 0 0 2
1360.0 0 2 0 0 0 2
1365.0 0 2 0 0 0 2
1370.0 0 2 0 0 0 2
1375.0 0 2 0 0 0 2
1380.0 0 2 0 0 0 2
1385.0 0 2 0 0 0 2
1390.0 0 2 0 0 0 2
1395.0 0 2 0 0 0 2
1400.0 0 2 0 0 0 2
1405.0 0 2 0 0 0 2
1410.0 0 1 0 0 0 1
1415.0 0 1 0 0 0 1
1420.0 0 0 0 0 0 0
1425.0 0 0 0 0 0 0
1430.0 0 0 0 0 0 0
1435.0 0 0 0 0 0 0
