5.0 0 0 0 0 0 0
10.0 0 0 0 0 0 0
15.0 0 0 0 0 0 0
20.0 0 0 0 0 0 0
25.0 0 0 0 0 0 0
30.0 0 0 0 0 0 0
35.0 0 0 0 0 0 0
40.0 0 0 0 0 0 0
45.0 0 0 0 0 0 0
50.0 0 0 0 0 0 0
55.0 0 0 0 0 0 0
60.0 0 0 0 0 0 0
65.0 0 0 0 0 0 0
70.0 0 0 0 0 0 0
75.0 0 0 0 0 0 0
80.0 0 0 0 0 0 0
85.0 0 0 0 0 0 0
90.0 0 0 0 0 0 0
95.0 0 0 0 0 0 0
100.0 0 0 0 0 0 0
105.0 0 0 0 0 0 0
110.0 0 0 0 0 0 0
115.0 0 0 0 0 0 0
120.0 0 0 0 0 0 0
125.0 0 0 0 0 0 0
130.0 0 0 0 0 0 0
135.0 0 0 0 0 0 0
140.0 0 0 0 0 0 0
145.0 0 0 0 0 0 0
150.0 0 0 0 0 0 0
155.0 0 0 0 0 0 0
160.0 0 0 0 0 0 0
165.0 0 0 0 0 0 0
170.0 0 0 0 0 0 0
175.0 0 0 0 0 0 0
180.0 0 0 0 0 0 0
185.0 0 0 0 0 0 0
190.0 0 0 0 0 0 0
195.0 0 0 0 0 0 0
200.0 0 0 0 0 0 0
205.0 0 0 0 0 0 0
210.0 0 0 0 0 0 0
215.0 0 0 0 0 0 0
220.0 0 0 0 0 0 0
225.0 0 0 0 0 0 0
230.0 0 0 0 0 0 0
235.0 0 0 0 0 0 0
240.0 0 0 0 0 0 0
245.0 0 0 0 0 0 0
250.0 0 0 1 0 0 1
255.0 0 0 1 0 0 1
260.0 0 0 1 0 0 1
265.0 0 0 1 0 0 1
270.0 0 0 1 0 0 1
275.0 0 0 1 0 0 1
280.0 1 0 0 0 0 1
285.0 2 0 0 0 0 2
290.0 2 0 0 0 0 2
295.0 2 0 0 0 0 2
300.0 1 0 0 0 0 1
305.0 2 1 0 0 0 3
310.0 2 1 0 0 0 3
315.0 2 1 1 0 0 4
320.0 3 1 1 0 0 5
325.0 3 2 1 2 0 8
330.0 4 2 3 2 0 11
335.0 4 2 3 2 0 11
340.0 3 2 4 2 0 11
345.0 4 3 3 1 0 11
350.0 4 2 3 1 0 10
355.0 3 3 5 3 0 14
360.0 3 3 5 3 0 14
365.0 3 4 4 2 0 13
370.0 4 4 8 2 1 19
375.0 6 4 8 2 1 21
380.0 8 4 7 3 1 23
385.0 8 5 5 5 1 24
390.0 7 4 7 7 1 26
395.0 7 7 12 7 2 35
400.0 8 5 14 6 3 36
405.0 10 8 17 7 5 47
410.0 11 10 17 6 5 49
415.0 12 12 16 6 5 51
420.0 11 14 19 5 4 53
425.0 11 14 23 5 6 59
430.0 15 15 22 9 6 67
435.0 16 20 25 8 6 75
440.0 18 19 28 9 6 80
445.0 20 21 29 10 3 83
450.0 19 19 31 10 6 85
455.0 20 26 32 12 7 97
460.0 22 31 35 12 9 109
465.0 27 34 35 13 11 120
470.0 29 41 41 12 12 135
475.0 32 41 44 14 15 146
480.0 31 48 42 19 15 155
485.0 33 48 46 20 15 162
490.0 37 54 50 19 16 176
495.0 42 50 59 22 19 192
500.0 37 54 63 21 19 194
505.0 36 54 77 18 20 205
510.0 35 58 82 24 21 220
515.0 37 63 78 28 21 227
520.0 41 66 71 40 21 239
525.0 49 72 72 39 24 256
530.0 51 80 75 40 25 271
535.0 59 86 72 40 25 282
540.0 61 92 80 41 29 303
545.0 57 92 82 49 32 312
550.0 55 95 87 54 33 324
555.0 59 99 93 55 34 340
560.0 65 108 99 55 35 362
565.0 75 114 96 50 35 370
570.0 79 107 95 46 36 363
575.0 85 109 98 45 39 376
580.0 81 121 115 46 42 405
585.0 79 129 117 45 44 414
590.0 81 133 122 46 47 429
595.0 77 136 127 43 52 435
600.0 75 130 126 40 48 419
605.0 78 142 126 42 52 440
610.0 86 142 132 37 53 450
615.0 93 138 127 40 48 446
620.0 105 134 129 44 50 462
625.0 109 147 130 45 47 478
630.0 107 143 131 47 46 474
635.0 105 133 136 49 47 470
640.0 100 129 136 55 47 467
645.0 97 123 131 55 49 455
650.0 105 119 128 50 49 451
655.0 105 111 126 45 47 434
660.0 102 111 134 42 44 433
665.0 102 112 141 44 42 441
670.0 103 110 124 45 41 423
675.0 97 106 137 47 39 426
680.0 100 109 138 52 41 440
685.0 93 105 137 50 40 425
690.0 95 103 136 48 38 420
695.0 92 104 129 53 31 409
700.0 84 104 134 55 34 411
705.0 76 101 133 55 37 402
710.0 74 99 131 59 39 402
715.0 72 96 129 61 41 399
720.0 74 100 119 59 40 392
725.0 83 94 115 58 37 387
730.0 82 99 115 56 38 390
735.0 82 93 116 55 39 385
740.0 73 93 118 55 35 374
745.0 66 93 109 54 32 354
750.0 71 81 113 51 35 351
755.0 68 82 120 54 32 356
760.0 74 90 109 49 35 357
765.0 73 87 108 47 33 348
770.0 78 82 115 47 30 352
775.0 80 79 116 49 31 355
780.0 82 73 115 52 33 355
785.0 77 77 104 53 36 347
790.0 75 74 109 52 35 345
795.0 73 75 111 52 36 347
800.0 81 74 103 53 38 349
805.0 71 73 99 56 36 335
810.0 70 76 104 51 35 336
815.0 67 84 100 53 29 333
820.0 71 85 109 49 28 342
825.0 71 83 112 50 28 344
830.0 67 88 116 49 30 350
835.0 73 91 113 52 30 359
840.0 72 94 120 49 31 366
845.0 75 97 120 50 30 372
850.0 80 101 120 54 31 386
855.0 76 109 114 54 31 384
860.0 70 114 115 53 32 384
865.0 68 113 119 54 32 386
870.0 71 107 124 55 33 390
875.0 71 103 128 54 34 390
880.0 75 101 126 44 35 381
885.0 78 102 124 42 38 384
890.0 72 104 129 43 36 384
895.0 78 110 119 47 36 390
900.0 78 104 108 55 33 378
905.0 85 104 98 53 35 375
910.0 77 113 100 57 34 381
915.0 81 111 110 57 37 396
920.0 83 115 111 57 38 404
925.0 89 113 125 62 38 427
930.0 94 99 128 66 37 424
935.0 91 98 132 68 38 427
940.0 90 103 137 67 43 440
945.0 92 105 131 66 44 438
950.0 89 107 126 75 46 443
955.0 85 104 117 67 46 419
960.0 82 103 114 66 44 409
965.0 86 103 112 66 43 410
970.0 86 106 119 58 42 411
975.0 80 113 124 51 43 411
980.0 81 115 135 46 40 417
985.0 85 115 128 52 36 416
990.0 76 109 129 58 38 410
995.0 76 100 130 59 39 404
1000.0 79 98 123 56 43 399
1005.0 86 103 123 52 43 407
1010.0 84 110 125 52 44 415
1015.0 84 116 127 56 45 428
1020.0 82 116 130 53 47 428
1025.0 88 113 141 54 46 442
1030.0 89 108 133 55 44 429
1035.0 86 112 136 54 41 429
1040.0 98 107 137 55 42 439
1045.0 107 110 139 47 42 445
1050.0 107 111 137 48 42 445
1055.0 104 120 134 44 42 444
1060.0 100 118 145 52 46 461
1065.0 95 112 140 53 46 446
1070.0 100 111 140 56 45 452
1075.0 107 111 141 62 48 469
1080.0 104 109 144 70 51 478
1085.0 103 110 143 72 56 484
1090.0 104 115 145 70 57 491
1095.0 106 119 141 69 61 496
1100.0 105 128 132 73 56 494
1105.0 104 120 141 78 57 500
1110.0 114 125 141 78 54 512
1115.0 114 126 138 78 50 506
1120.0 118 123 141 77 50 509
1125.0 120 122 146 77 44 509
1130.0 112 125 154 67 43 501
1135.0 109 125 154 67 44 499
1140.0 110 131 154 75 49 519
1145.0 109 126 155 76 55 521
1150.0 109 121 155 78 54 517
1155.0 107 117 156 74 54 508
1160.0 112 126 153 68 48 507
1165.0 115 125 152 72 47 511
1170.0 116 118 150 68 52 504
1175.0 112 119 152 64 49 496
1180.0 99 117 150 72 49 487
1185.0 92 123 145 72 47 479
1190.0 96 120 148 68 51 483
1195.0 89 109 144 67 49 458
1200.0 89 119 134 65 46 453
1205.0 84 106 130 65 42 427
1210.0 86 97 121 66 44 414
1215.0 89 93 114 56 46 398
1220.0 80 86 111 51 46 374
1225.0 83 87 104 48 47 369
1230.0 73 86 97 46 47 349
1235.0 70 75 91 44 41 321
1240.0 69 72 80 40 41 302
1245.0 58 69 80 36 42 285
1250.0 52 63 76 40 38 269
1255.0 50 65 65 40 31 251
1260.0 47 61 60 35 30 233
1265.0 39 58 58 31 28 214
1270.0 37 57 50 28 32 204
1275.0 32 53 44 26 28 183
1280.0 38 47 49 19 22 175
1285.0 34 48 44 15 20 161
1290.0 30 39 39 16 16 140
1295.0 26 39 35 14 13 127
1300.0 28 41 30 11 10 120
1305.0 23 36 32 10 8 109
1310.0 21 32 26 8 8 95
1315.0 16 26 27 8 8 85
1320.0 11 25 24 8 9 77
1325.0 12 24 19 6 7 68
1330.0 9 22 18 7 7 63
1335.0 10 20 17 6 6 59
1340.0 14 14 15 4 4 51
1345.0 16 12 16 4 5 53
1350.0 13 10 11 5 4 43
1355.0 12 9 9 3 3 36
1360.0 6 7 8 3 3 27
1365.0 5 6 7 3 2 23
1370.0 5 5 8 2 2 22
1375.0 5 4 5 2 2 18
1380.0 3 4 5 2 2 16
1385.0 3 4 5 2 2 16
1390.0 2 3 5 1 2 13
1395.0 1 3 5 2 1 12
1400.0 0 2 3 2 0 7
1405.0 0 1 2 1 0 4
1410.0 0 1 2 1 0 4
1415.0 0 1 2 1 0 4
1420.0 0 1 2 1 0 4
1425.0 0 1 3 1 0 5
1430.0 0 1 3 1 0 5
1435.0 0 1 2 1 0 4
