5.0 0 0 0 0 0 0
10.0 0 0 0 0 0 0
15.0 0 0 0 0 0 0
20.0 0 0 0 0 0 0
25.0 0 0 0 0 0 0
30.0 0 0 0 0 0 0
35.0 0 0 0 0 0 0
40.0 0 0 0 0 0 0
45.0 0 0 0 0 0 0
50.0 0 0 0 0 0 0
55.0 0 0 0 0 0 0
60.0 0 0 0 0 0 0
65.0 0 0 0 0 0 0
70.0 0 0 0 0 0 0
75.0 0 0 0 0 0 0
80.0 0 0 0 0 0 0
85.0 0 0 0 0 0 0
90.0 0 0 0 0 0 0
95.0 0 0 0 0 0 0
100.0 0 0 0 0 0 0
105.0 0 0 0 0 0 0
110.0 0 0 0 0 0 0
115.0 0 0 0 0 0 0
120.0 0 0 0 0 0 0
125.0 0 0 0 0 0 0
130.0 0 0 0 0 0 0
135.0 0 0 0 0 0 0
140.0 0 0 0 0 0 0
145.0 0 0 0 0 0 0
150.0 0 0 0 0 0 0
155.0 0 0 0 0 0 0
160.0 0 0 0 0 0 0
165.0 0 0 0 0 0 0
170.0 0 0 0 0 0 0
175.0 0 0 0 0 0 0
180.0 0 0 0 0 0 0
185.0 0 0 0 0 0 0
190.0 0 0 0 0 0 0
195.0 0 0 0 0 0 0
200.0 0 0 0 0 0 0
205.0 0 0 0 0 0 0
210.0 0 0 0 0 0 0
215.0 0 0 0 0 0 0
220.0 0 0 0 0 0 0
225.0 0 0 0 0 0 0
230.0 0 0 0 0 0 0
235.0 0 0 0 0 0 0
240.0 0 0 0 0 0 0
245.0 0 0 0 0 0 0
250.0 0 0 1 0 0 1
255.0 0 0 1 0 0 1
260.0 0 0 1 0 0 1
265.0 0 0 1 0 0 1
270.0 0 0 1 0 0 1
275.0 0 0 1 0 0 1
280.0 0 0 1 0 0 1
285.0 0 0 1 0 0 1
290.0 0 0 0 0 0 0
295.0 0 0 0 0 0 0
300.0 0 0 0 0 0 0
305.0 0 0 0 0 0 0
310.0 0 0 0 1 0 1
315.0 1 0 0 1 0 2
320.0 1 0 0 1 0 2
325.0 1 0 0 1 0 2
330.0 1 0 1 1 0 3
335.0 1 0 1 1 0 3
340.0 1 0 1 1 1 4
345.0 2 0 0 2 1 5
350.0 3 0 0 2 1 6
355.0 2 0 0 2 1 5
360.0 2 0 0 1 1 4
365.0 2 0 1 0 1 4
370.0 1 0 2 1 1 5
375.0 0 0 2 1 1 4
380.0 0 0 2 2 1 5
385.0 0 0 4 2 1 7
390.0 0 1 4 2 1 8
395.0 0 1 3 3 3 10
400.0 0 2 3 2 3 10
405.0 0 2 3 2 3 10
410.0 1 2 5 4 3 15
415.0 3 2 6 5 3 19
420.0 4 2 9 6 3 24
425.0 5 3 11 5 3 27
430.0 6 6 14 5 3 34
435.0 6 8 17 6 3 40
440.0 8 10 16 6 3 43
445.0 7 11 14 8 3 43
450.0 7 10 16 8 5 46
455.0 3 11 16 9 7 46
460.0 5 15 17 10 7 54
465.0 7 16 15 10 7 55
470.0 9 19 20 6 8 62
475.0 12 20 21 7 10 70
480.0 11 23 21 6 10 71
485.0 11 23 22 5 11 72
490.0 13 25 24 5 11 78
495.0 13 21 29 6 11 80
500.0 18 18 33 7 11 87
505.0 18 19 32 9 12 90
510.0 18 18 36 9 12 93
515.0 20 16 35 9 13 93
520.0 21 19 35 12 12 99
525.0 22 22 33 14 11 102
530.0 22 24 40 14 11 111
535.0 24 27 43 13 10 117
540.0 28 32 44 12 9 125
545.0 33 36 42 10 12 133
550.0 32 37 41 9 11 130
555.0 33 36 38 10 12 129
560.0 36 37 39 11 12 135
565.0 39 39 38 12 15 143
570.0 40 48 36 14 16 154
575.0 39 43 41 16 17 156
580.0 41 42 44 17 16 160
585.0 43 39 44 23 16 165
590.0 42 46 46 25 17 176
595.0 41 49 48 27 16 181
600.0 37 53 47 26 16 179
605.0 41 53 51 26 19 190
610.0 44 50 53 29 21 197
615.0 47 50 51 26 19 193
620.0 47 47 50 29 19 192
625.0 44 50 52 33 18 197
630.0 41 54 48 33 16 192
635.0 42 47 44 33 17 183
640.0 42 46 42 30 17 177
645.0 44 47 39 25 16 171
650.0 41 47 38 24 16 166
655.0 42 45 40 24 18 169
660.0 44 49 41 28 17 179
665.0 41 49 49 26 17 182
670.0 40 50 48 24 18 180
675.0 42 45 49 24 18 178
680.0 43 42 47 21 20 173
685.0 41 41 49 24 18 173
690.0 44 38 51 22 20 175
695.0 42 35 51 21 20 169
700.0 40 34 48 21 19 162
705.0 37 31 50 21 19 158
710.0 35 34 49 19 20 157
715.0 35 35 49 18 22 159
720.0 39 33 42 18 18 150
725.0 40 32 42 20 17 151
730.0 40 35 45 20 15 155
735.0 38 39 47 22 15 161
740.0 35 37 50 24 14 160
745.0 34 37 46 23 15 155
750.0 37 38 49 22 14 160
755.0 38 38 47 19 12 154
760.0 38 39 44 19 12 152
765.0 36 39 46 19 11 151
770.0 38 40 43 22 11 154
775.0 36 40 41 20 11 148
780.0 41 36 42 18 12 149
785.0 42 34 42 16 12 146
790.0 44 33 44 11 10 142
795.0 37 31 42 14 10 134
800.0 32 32 50 16 11 141
805.0 36 31 46 14 11 138
810.0 35 30 44 15 12 136
815.0 40 27 48 16 13 144
820.0 34 30 45 22 13 144
825.0 35 28 43 22 12 140
830.0 29 33 49 20 11 142
835.0 33 25 48 18 13 137
840.0 36 32 50 18 11 147
845.0 31 32 49 20 12 144
850.0 34 29 47 19 12 141
855.0 38 27 47 20 13 145
860.0 37 27 50 24 12 150
865.0 35 29 47 26 13 150
870.0 37 30 43 23 9 142
875.0 40 33 50 23 9 155
880.0 40 32 46 25 10 153
885.0 41 31 46 27 12 157
890.0 36 32 47 30 13 158
895.0 37 35 45 31 12 160
900.0 35 38 49 34 14 170
905.0 36 39 51 34 15 175
910.0 40 42 48 36 14 180
915.0 40 41 45 38 14 178
920.0 40 36 46 37 14 173
925.0 37 41 48 37 15 178
930.0 35 39 48 35 15 172
935.0 36 39 49 34 15 173
940.0 40 49 45 31 16 181
945.0 41 41 47 34 16 179
950.0 38 43 50 32 19 182
955.0 44 46 48 29 22 189
960.0 41 44 47 29 23 184
965.0 42 39 48 26 25 180
970.0 46 40 47 30 25 188
975.0 45 34 52 32 24 187
980.0 43 35 48 29 23 178
985.0 42 30 50 29 22 173
990.0 38 32 52 33 21 176
995.0 41 31 51 33 20 176
1000.0 42 32 47 32 21 174
1005.0 46 32 47 29 19 173
1010.0 49 31 52 27 20 179
1015.0 49 32 52 25 22 180
1020.0 54 39 51 17 18 179
1025.0 54 38 55 18 18 183
1030.0 53 41 53 21 16 184
1035.0 51 36 61 21 14 183
1040.0 56 38 57 24 16 191
1045.0 53 44 59 26 16 198
1050.0 53 46 62 31 16 208
1055.0 49 48 67 31 16 211
1060.0 47 46 73 37 17 220
1065.0 53 42 70 34 18 217
1070.0 50 46 72 30 19 217
1075.0 58 60 72 25 20 235
1080.0 55 53 69 27 20 224
1085.0 55 55 69 27 19 225
1090.0 51 58 63 28 19 219
1095.0 48 58 64 27 19 216
1100.0 51 54 60 28 16 209
1105.0 48 56 65 33 16 218
1110.0 46 52 66 30 19 213
1115.0 47 46 68 34 17 212
1120.0 49 43 72 31 18 213
1125.0 53 45 69 25 16 208
1130.0 54 42 64 25 16 201
1135.0 48 43 66 22 19 198
1140.0 45 46 63 24 20 198
1145.0 40 50 62 26 21 199
1150.0 46 52 56 23 25 202
1155.0 49 52 57 18 27 203
1160.0 48 50 56 16 25 195
1165.0 44 44 54 19 23 184
1170.0 51 39 55 19 22 186
1175.0 49 43 59 19 22 192
1180.0 47 43 60 24 23 197
1185.0 48 43 63 25 23 202
1190.0 48 37 71 22 19 197
1195.0 46 31 68 24 20 189
1200.0 39 29 67 19 18 172
1205.0 38 32 62 21 18 171
1210.0 34 25 63 18 16 156
1215.0 33 24 59 18 15 149
1220.0 35 21 56 15 15 142
1225.0 38 21 52 15 13 139
1230.0 34 21 45 17 12 129
1235.0 29 20 39 19 13 120
1240.0 26 21 33 17 11 108
1245.0 27 23 32 14 11 107
1250.0 28 20 33 14 10 105
1255.0 23 21 30 13 10 97
1260.0 20 20 31 10 9 90
1265.0 16 20 28 10 8 82
1270.0 17 18 25 12 5 77
1275.0 18 16 23 12 4 73
1280.0 15 19 21 12 3 70
1285.0 14 21 19 10 2 66
1290.0 14 19 15 6 3 57
1295.0 12 17 17 6 3 55
1300.0 8 14 19 5 4 50
1305.0 6 12 17 6 3 44
1310.0 6 9 15 5 3 38
1315.0 6 9 14 4 3 36
1320.0 5 7 15 3 3 33
1325.0 2 6 12 1 2 23
1330.0 4 5 11 1 3 24
1335.0 3 5 10 1 2 21
1340.0 2 4 9 0 3 18
1345.0 1 6 8 1 3 19
1350.0 1 5 7 1 2 16
1355.0 1 5 6 1 1 14
1360.0 2 4 5 0 1 12
1365.0 4 3 4 0 0 11
1370.0 4 3 3 0 0 10
1375.0 4 4 2 0 0 10
1380.0 1 4 2 1 0 8
1385.0 0 3 0 1 0 4
1390.0 0 2 0 1 0 3
1395.0 0 2 0 1 0 3
1400.0 0 2 0 0 0 2
1405.0 0 2 0 0 0 2
1410.0 0 1 1 0 0 2
1415.0 0 1 1 0 0 2
1420.0 0 1 1 0 0 2
1425.0 0 0 0 0 0 0
1430.0 0 0 0 0 0 0
1435.0 0 0 0 0 1 1
