5.0 0 0 0 0 0 0
10.0 0 0 0 0 0 0
15.0 0 0 0 0 0 0
20.0 0 0 0 0 0 0
25.0 0 0 0 0 0 0
30.0 0 0 0 0 0 0
35.0 0 0 0 0 0 0
40.0 0 0 0 0 0 0
45.0 0 0 0 0 0 0
50.0 0 0 0 0 0 0
55.0 0 0 0 0 0 0
60.0 0 0 0 0 0 0
65.0 0 0 0 0 0 0
70.0 0 0 0 0 0 0
75.0 0 0 0 0 0 0
80.0 0 0 0 0 0 0
85.0 0 0 0 0 0 0
90.0 0 0 0 0 0 0
95.0 0 0 0 0 0 0
100.0 0 0 0 0 0 0
105.0 0 0 0 0 0 0
110.0 0 0 0 0 0 0
115.0 0 0 0 0 0 0
120.0 0 0 0 0 0 0
125.0 0 0 0 0 0 0
130.0 0 0 0 0 0 0
135.0 0 0 0 0 0 0
140.0 0 0 0 0 0 0
145.0 0 0 0 0 0 0
150.0 0 0 0 0 0 0
155.0 0 0 0 0 0 0
160.0 0 0 0 0 0 0
165.0 0 0 0 0 0 0
170.0 0 0 0 0 0 0
175.0 0 0 0 0 0 0
180.0 0 0 0 0 0 0
185.0 0 0 0 0 0 0
190.0 0 0 0 0 0 0
195.0 0 0 0 0 0 0
200.0 0 0 0 0 0 0
205.0 0 0 0 0 0 0
210.0 0 0 0 0 0 0
215.0 0 0 0 0 0 0
220.0 0 0 0 0 0 0
225.0 0 0 0 0 0 0
230.0 0 0 0 0 0 0
235.0 1 0 0 0 0 1
240.0 1 0 0 0 0 1
245.0 1 0 0 0 0 1
250.0 0 0 1 0 0 1
255.0 0 0 1 0 0 1
260.0 0 0 0 0 0 0
265.0 0 0 0 0 0 0
270.0 0 0 1 0 0 1
275.0 0 0 1 0 0 1
280.0 0 0 1 0 0 1
285.0 0 0 0 1 0 1
290.0 0 0 1 1 0 2
295.0 0 0 1 1 0 2
300.0 0 1 2 0 0 3
305.0 0 1 2 0 0 3
310.0 1 1 1 0 0 3
315.0 1 2 1 0 0 4
320.0 1 2 1 0 0 4
325.0 0 3 1 0 0 4
330.0 0 3 1 0 0 4
335.0 0 4 1 0 1 6
340.0 0 5 1 0 1 7
345.0 0 5 1 0 1 7
350.0 0 6 1 0 0 7
355.0 0 5 1 1 0 7
360.0 0 3 1 1 0 5
365.0 0 4 3 1 0 8
370.0 0 5 5 1 0 11
375.0 0 6 4 1 0 11
380.0 0 5 4 1 0 10
385.0 2 5 4 1 0 12
390.0 3 4 3 1 0 11
395.0 3 4 3 2 0 12
400.0 5 6 6 2 0 19
405.0 7 7 9 3 1 27
410.0 6 8 10 2 1 27
415.0 5 10 9 2 2 28
420.0 6 9 8 2 2 27
425.0 6 10 7 4 2 29
430.0 6 11 10 5 1 33
435.0 7 13 11 6 2 39
440.0 11 12 11 7 4 45
445.0 10 11 11 6 4 42
450.0 12 13 13 6 5 49
455.0 15 13 15 7 5 55
460.0 13 16 19 7 4 59
465.0 16 19 21 9 4 69
470.0 16 20 21 12 5 74
475.0 20 24 22 10 5 81
480.0 18 25 27 12 5 87
485.0 17 26 30 10 5 88
490.0 16 28 32 14 5 95
495.0 17 31 31 12 5 96
500.0 20 34 34 14 4 106
505.0 26 35 41 13 4 119
510.0 23 33 41 15 4 116
515.0 19 36 39 14 6 114
520.0 19 37 35 17 7 115
525.0 16 40 39 20 6 121
530.0 15 45 37 20 6 123
535.0 19 46 38 19 5 127
540.0 22 45 42 18 4 131
545.0 20 43 50 17 4 134
550.0 21 41 52 20 7 141
555.0 22 50 54 22 9 157
560.0 25 53 52 25 9 164
565.0 34 53 48 28 14 177
570.0 36 56 53 26 14 185
575.0 38 54 59 27 15 193
580.0 40 49 57 28 16 190
585.0 40 51 56 32 14 193
590.0 41 56 57 31 18 203
595.0 36 59 58 31 18 202
600.0 37 63 58 31 19 208
605.0 38 64 55 26 19 202
610.0 40 65 59 29 19 212
615.0 41 63 59 33 21 217
620.0 42 61 62 33 23 221
625.0 45 61 65 26 24 221
630.0 45 59 62 26 23 215
635.0 43 63 55 29 25 215
640.0 54 53 54 25 26 212
645.0 56 47 59 27 26 215
650.0 51 51 58 27 26 213
655.0 50 50 61 24 26 211
660.0 51 55 64 21 26 217
665.0 53 53 65 27 27 225
670.0 58 50 67 28 26 229
675.0 55 50 66 30 24 225
680.0 59 43 70 27 23 222
685.0 55 39 64 28 23 209
690.0 58 41 65 24 24 212
695.0 53 40 66 23 25 207
700.0 51 41 69 25 25 211
705.0 53 49 62 25 25 214
710.0 54 50 59 25 24 212
715.0 51 50 59 20 26 206
720.0 51 43 58 21 26 199
725.0 51 36 61 24 26 198
730.0 49 35 58 22 23 187
735.0 43 31 57 24 20 175
740.0 40 34 51 23 17 165
745.0 44 31 51 20 20 166
750.0 45 32 46 18 21 162
755.0 37 34 52 18 20 161
760.0 42 37 48 16 22 165
765.0 33 39 48 17 23 160
770.0 34 38 43 19 22 156
775.0 34 31 41 21 22 149
780.0 26 36 40 24 21 147
785.0 27 35 46 26 20 154
790.0 30 39 41 21 19 150
795.0 36 43 39 21 18 157
800.0 34 44 40 25 18 161
805.0 32 44 44 26 18 164
810.0 30 44 46 28 20 168
815.0 26 41 52 29 22 170
820.0 31 42 49 27 19 168
825.0 33 45 47 27 16 168
830.0 31 47 40 26 15 159
835.0 28 49 45 25 15 162
840.0 30 47 42 26 17 162
845.0 32 46 42 20 18 158
850.0 34 45 41 19 18 157
855.0 38 49 44 18 20 169
860.0 38 53 48 18 23 180
865.0 42 50 48 17 23 180
870.0 48 51 41 19 22 181
875.0 50 46 48 21 26 191
880.0 48 48 44 25 27 192
885.0 44 45 46 25 29 189
890.0 40 50 47 28 31 196
895.0 37 48 48 29 32 194
900.0 41 43 58 31 31 204
905.0 42 44 55 32 31 204
910.0 37 37 53 35 30 192
915.0 39 41 58 36 30 204
920.0 37 45 62 38 27 209
925.0 44 47 62 34 27 214
930.0 46 52 57 33 26 214
935.0 41 54 59 33 26 213
940.0 39 49 61 32 25 206
945.0 43 47 59 36 24 209
950.0 42 53 59 33 24 211
955.0 44 49 59 28 25 205
960.0 40 47 58 25 26 196
965.0 44 55 54 24 29 206
970.0 47 54 56 21 27 205
975.0 47 50 55 22 25 199
980.0 49 49 52 21 26 197
985.0 49 52 54 19 25 199
990.0 45 46 58 20 23 192
995.0 46 48 56 21 24 195
1000.0 52 46 55 21 24 198
1005.0 51 44 61 23 25 204
1010.0 47 40 66 23 26 202
1015.0 51 46 64 23 30 214
1020.0 51 45 63 22 25 206
1025.0 52 40 65 23 26 206
1030.0 55 41 59 29 24 208
1035.0 57 40 55 28 23 203
1040.0 54 45 55 29 25 208
1045.0 58 43 57 29 26 213
1050.0 55 45 53 30 24 207
1055.0 55 46 52 34 23 210
1060.0 62 45 60 34 26 227
1065.0 61 51 64 34 23 233
1070.0 60 47 65 38 24 234
1075.0 53 48 65 41 26 233
1080.0 55 44 65 37 26 227
1085.0 55 43 62 32 24 216
1090.0 60 39 58 36 25 218
1095.0 54 38 62 36 25 215
1100.0 54 41 66 38 26 225
1105.0 62 38 65 33 28 226
1110.0 66 36 67 36 30 235
1115.0 62 36 65 39 29 231
1120.0 55 39 67 40 31 232
1125.0 59 40 69 38 30 236
1130.0 57 44 66 41 30 238
1135.0 61 44 67 39 30 241
1140.0 60 46 69 39 28 242
1145.0 60 54 67 37 28 246
1150.0 58 48 67 35 32 240
1155.0 50 53 65 35 30 233
1160.0 51 62 59 36 28 236
1165.0 49 67 49 38 28 231
1170.0 47 69 53 38 29 236
1175.0 50 63 54 37 26 230
1180.0 55 54 53 34 26 222
1185.0 54 52 56 30 25 217
1190.0 55 50 60 28 26 219
1195.0 51 51 52 26 30 210
1200.0 47 49 57 26 30 209
1205.0 45 49 54 27 27 202
1210.0 37 46 58 26 26 193
1215.0 38 45 55 20 23 181
1220.0 39 48 50 14 22 173
1225.0 36 43 47 15 24 165
1230.0 34 51 40 14 20 159
1235.0 28 50 42 15 18 153
1240.0 26 48 44 14 19 151
1245.0 24 45 46 14 18 147
1250.0 22 38 43 16 18 137
1255.0 20 39 43 14 17 133
1260.0 20 34 45 12 16 127
1265.0 13 30 41 13 15 112
1270.0 13 27 37 14 14 105
1275.0 17 21 30 12 16 96
1280.0 13 21 28 12 16 90
1285.0 14 17 26 13 13 83
1290.0 14 14 23 12 12 75
1295.0 11 13 18 13 11 66
1300.0 11 12 14 13 11 61
1305.0 12 10 11 11 8 52
1310.0 12 10 10 12 6 50
1315.0 11 10 9 8 4 42
1320.0 8 7 6 8 4 33
1325.0 6 6 6 6 2 26
1330.0 6 7 7 5 2 27
1335.0 7 9 7 4 2 29
1340.0 5 7 7 2 2 23
1345.0 4 6 6 2 2 20
1350.0 3 7 6 0 2 18
1355.0 3 6 5 0 2 16
1360.0 3 5 5 0 2 15
1365.0 3 4 5 0 3 15
1370.0 3 2 4 0 3 12
1375.0 3 2 4 0 2 11
1380.0 2 2 2 1 2 9
1385.0 2 2 2 1 2 9
1390.0 2 2 3 1 1 9
1395.0 1 1 4 1 1 8
1400.0 2 1 3 0 1 7
1405.0 2 1 3 0 1 7
1410.0 2 1 2 0 1 6
1415.0 2 1 2 0 1 6
1420.0 2 1 2 0 1 6
1425.0 1 2 0 0 1 4
1430.0 1 2 0 0 0 3
1435.0 1 2 0 0 0 3
