5.0 0 0 0 0 0 0
10.0 0 0 0 0 0 0
15.0 0 0 0 0 0 0
20.0 0 0 0 0 0 0
25.0 0 0 0 0 0 0
30.0 0 0 0 0 0 0
35.0 0 0 0 0 0 0
40.0 0 0 0 0 0 0
45.0 0 0 0 0 0 0
50.0 0 0 0 0 0 0
55.0 0 0 0 0 0 0
60.0 0 0 0 0 0 0
65.0 0 0 0 0 0 0
70.0 0 0 0 0 0 0
75.0 0 0 0 0 0 0
80.0 0 0 0 0 0 0
85.0 0 0 0 0 0 0
90.0 0 0 0 0 0 0
95.0 0 0 0 0 0 0
100.0 0 0 0 0 0 0
105.0 0 0 0 0 0 0
110.0 0 0 0 0 0 0
115.0 0 0 0 0 0 0
120.0 0 0 0 0 0 0
125.0 0 0 0 0 0 0
130.0 0 0 0 0 0 0
135.0 0 0 0 0 0 0
140.0 0 0 0 0 0 0
145.0 0 0 0 0 0 0
150.0 0 0 0 0 0 0
155.0 0 0 0 0 0 0
160.0 0 0 0 0 0 0
165.0 0 0 0 0 0 0
170.0 0 0 0 0 0 0
175.0 0 0 0 0 0 0
180.0 0 0 0 0 0 0
185.0 0 0 0 0 0 0
190.0 0 0 0 0 0 0
195.0 0 0 0 0 0 0
200.0 0 0 0 0 0 0
205.0 0 0 0 0 0 0
210.0 0 0 0 0 0 0
215.0 0 0 0 0 0 0
220.0 0 0 0 0 0 0
225.0 0 0 0 0 0 0
230.0 0 0 0 0 0 0
235.0 0 0 0 0 0 0
240.0 0 0 0 0 0 0
245.0 0 0 0 0 0 0
250.0 0 0 0 0 0 0
255.0 0 0 0 0 0 0
260.0 0 0 0 0 0 0
265.0 0 0 0 0 0 0
270.0 0 0 0 0 0 0
275.0 0 0 0 0 0 0
280.0 0 0 0 0 0 0
285.0 0 0 0 0 0 0
290.0 0 0 0 0 0 0
295.0 0 0 0 0 0 0
300.0 0 0 0 0 0 0
305.0 0 0 0 0 0 0
310.0 0 0 0 0 0 0
315.0 0 0 0 0 0 0
320.0 0 0 0 0 0 0
325.0 0 0 0 0 0 0
330.0 0 0 0 0 0 0
335.0 0 0 0 0 0 0
340.0 0 0 0 0 0 0
345.0 0 0 0 0 0 0
350.0 0 0 0 0 0 0
355.0 0 0 0 0 0 0
360.0 0 0 0 0 0 0
365.0 0 0 0 0 0 0
370.0 0 0 0 0 0 0
375.0 0 0 0 0 0 0
380.0 0 0 0 0 0 0
385.0 0 0 0 0 0 0
390.0 0 0 0 0 0 0
395.0 0 0 0 0 0 0
400.0 0 0 0 0 0 0
405.0 0 0 0 0 0 0
410.0 1 0 0 0 0 1
415.0 2 0 1 0 0 3
420.0 2 0 1 0 0 3
425.0 1 0 1 0 0 2
430.0 1 0 1 0 0 2
435.0 1 0 2 0 0 3
440.0 1 0 2 0 0 3
445.0 1 0 2 0 0 3
450.0 1 0 2 0 0 3
455.0 1 0 1 0 0 2
460.0 0 0 1 0 0 1
465.0 0 0 1 0 0 1
470.0 0 0 1 1 0 2
475.0 0 0 1 1 0 2
480.0 0 0 1 1 0 2
485.0 0 0 1 2 0 3
490.0 1 0 0 2 0 3
495.0 1 0 1 1 0 3
500.0 1 0 2 1 0 4
505.0 0 0 2 1 0 3
510.0 0 1 1 2 0 4
515.0 0 1 2 1 0 4
520.0 0 2 2 2 0 6
525.0 1 2 2 2 0 7
530.0 1 3 2 1 0 7
535.0 0 2 2 0 0 4
540.0 0 2 2 0 0 4
545.0 0 2 2 1 0 5
550.0 0 1 2 1 0 4
555.0 0 1 2 1 0 4
560.0 0 1 2 1 0 4
565.0 1 1 3 1 0 6
570.0 1 1 4 1 0 7
575.0 0 1 5 1 0 7
580.0 0 1 4 1 0 6
585.0 0 1 4 1 0 6
590.0 0 1 5 1 0 7
595.0 0 1 5 2 0 8
600.0 0 2 4 1 0 7
605.0 0 2 4 1 0 7
610.0 0 3 3 1 0 7
615.0 1 2 2 1 0 6
620.0 1 2 2 1 0 6
625.0 2 2 1 0 0 5
630.0 3 3 0 1 0 7
635.0 3 3 0 2 0 8
640.0 3 4 0 2 0 9
645.0 4 4 0 2 1 11
650.0 3 4 0 2 1 10
655.0 3 3 1 1 1 9
660.0 3 3 1 0 1 8
665.0 2 3 1 1 1 8
670.0 2 3 1 1 1 8
675.0 4 1 1 1 1 8
680.0 3 1 1 1 1 7
685.0 3 1 3 1 1 9
690.0 3 0 3 2 1 9
695.0 3 0 3 3 0 9
700.0 3 0 3 3 0 9
705.0 3 0 3 3 0 9
710.0 4 2 3 3 0 12
715.0 5 1 3 2 0 11
720.0 4 1 3 2 0 10
725.0 3 1 3 2 0 9
730.0 2 1 3 2 0 8
735.0 2 1 3 1 0 7
740.0 2 1 2 1 0 6
745.0 1 1 2 1 0 5
750.0 1 1 2 1 0 5
755.0 2 1 2 1 0 6
760.0 2 1 3 1 0 7
765.0 2 1 3 1 0 7
770.0 3 1 3 1 0 8
775.0 2 1 4 2 0 9
780.0 2 1 4 2 0 9
785.0 2 1 2 2 0 7
790.0 3 2 1 2 0 8
795.0 3 2 1 2 0 8
800.0 4 1 1 1 0 7
805.0 4 1 3 1 0 9
810.0 4 1 3 1 0 9
815.0 3 1 3 1 0 8
820.0 3 2 2 0 0 7
825.0 3 2 3 0 0 8
830.0 2 2 3 0 0 7
835.0 2 2 2 0 0 6
840.0 2 2 3 0 0 7
845.0 2 2 5 0 0 9
850.0 2 2 5 0 0 9
855.0 2 3 5 0 0 10
860.0 1 2 4 1 0 8
865.0 1 2 3 2 0 8
870.0 2 2 4 2 0 10
875.0 2 2 3 2 0 9
880.0 2 2 2 1 1 8
885.0 2 2 2 2 1 9
890.0 3 2 2 2 1 10
895.0 3 2 2 2 1 10
900.0 2 2 4 1 1 10
905.0 3 1 4 1 1 10
910.0 3 2 4 1 1 11
915.0 3 3 5 1 1 13
920.0 3 4 3 1 1 12
925.0 3 4 5 0 1 13
930.0 4 4 3 0 1 12
935.0 5 4 2 0 1 12
940.0 5 4 3 0 1 13
945.0 4 4 3 0 1 12
950.0 4 3 3 0 1 11
955.0 2 2 3 1 1 9
960.0 3 2 3 1 1 10
965.0 3 2 2 1 1 9
970.0 3 2 2 0 1 8
975.0 2 2 2 1 1 8
980.0 2 2 2 1 1 8
985.0 1 2 1 1 1 6
990.0 1 3 1 1 2 8
995.0 1 2 1 2 2 8
1000.0 1 2 1 2 2 8
1005.0 0 2 1 2 2 7
1010.0 1 2 1 2 2 8
1015.0 1 2 1 2 2 8
1020.0 1 3 1 2 2 9
1025.0 1 3 1 2 3 10
1030.0 1 2 1 2 3 9
1035.0 1 1 2 2 3 9
1040.0 1 1 3 2 3 10
1045.0 0 1 3 2 4 10
1050.0 0 1 4 1 3 9
1055.0 1 2 2 1 3 9
1060.0 1 3 3 1 3 11
1065.0 1 3 3 1 2 10
1070.0 3 3 2 0 2 10
1075.0 3 3 1 0 2 9
1080.0 2 3 0 0 2 7
1085.0 2 3 0 0 3 8
1090.0 3 3 0 0 3 9
1095.0 3 5 0 0 2 10
1100.0 2 6 3 0 2 13
1105.0 1 7 3 1 2 14
1110.0 2 7 3 1 2 15
1115.0 2 7 3 1 2 15
1120.0 2 7 4 1 2 16
1125.0 2 8 4 1 1 16
1130.0 1 6 2 1 1 11
1135.0 2 7 1 0 1 11
1140.0 2 6 1 0 1 10
1145.0 4 4 2 0 1 11
1150.0 6 3 2 0 1 12
1155.0 7 3 2 0 1 13
1160.0 5 5 2 0 1 13
1165.0 4 5 2 0 1 12
1170.0 5 3 1 0 1 10
1175.0 5 2 2 1 1 11
1180.0 5 2 2 1 1 11
1185.0 5 2 1 1 1 10
1190.0 4 2 1 1 1 9
1195.0 3 2 1 1 1 8
1200.0 3 1 4 1 1 10
1205.0 3 1 4 1 0 9
1210.0 2 1 4 1 0 8
1215.0 2 1 3 1 1 8
1220.0 1 2 2 2 2 9
1225.0 1 2 2 2 0 7
1230.0 1 2 2 1 0 6
1235.0 0 2 2 1 0 5
1240.0 0 1 2 1 0 4
1245.0 0 1 1 1 0 3
1250.0 0 0 1 1 0 2
1255.0 0 0 1 2 0 3
1260.0 0 0 1 2 0 3
1265.0 1 0 1 2 0 4
1270.0 0 0 1 2 0 3
1275.0 0 2 1 2 0 5
1280.0 0 2 1 2 1 6
1285.0 0 2 0 2 1 5
1290.0 0 2 0 2 0 4
1295.0 0 2 0 2 0 4
1300.0 0 2 0 2 1 5
1305.0 0 2 0 2 1 5
1310.0 0 1 0 2 0 3
1315.0 0 1 0 2 0 3
1320.0 0 1 0 2 0 3
1325.0 0 1 0 2 0 3
1330.0 0 1 0 2 0 3
1335.0 1 1 0 1 0 3
1340.0 1 1 0 0 0 2
1345.0 1 0 0 0 0 1
1350.0 1 0 0 0 0 1
1355.0 0 0 0 1 0 1
1360.0 0 0 0 1 0 1
1365.0 0 0 0 1 0 1
1370.0 0 0 0 1 0 1
1375.0 0 0 0 1 0 1
1380.0 1 0 0 1 0 2
1385.0 1 0 0 1 0 2
1390.0 1 0 0 1 0 2
1395.0 0 0 0 1 0 1
1400.0 0 0 0 1 0 1
1405.0 0 0 0 0 0 0
1410.0 0 0 0 0 0 0
1415.0 0 0 0 0 0 0
1420.0 0 0 0 0 0 0
1425.0 0 0 0 0 0 0
1430.0 0 0 0 0 0 0
1435.0 0 0 0 0 0 0
