5.0 0 0 0 0 0 0
10.0 0 0 0 0 0 0
15.0 0 0 0 0 0 0
20.0 0 0 0 0 0 0
25.0 0 0 0 0 0 0
30.0 0 0 0 0 0 0
35.0 0 0 0 0 0 0
40.0 0 0 0 0 0 0
45.0 0 0 0 0 0 0
50.0 0 0 0 0 0 0
55.0 0 0 0 0 0 0
60.0 0 0 0 0 0 0
65.0 0 0 0 0 0 0
70.0 0 0 0 0 0 0
75.0 0 0 0 0 0 0
80.0 0 0 0 0 0 0
85.0 0 0 0 0 0 0
90.0 0 0 0 0 0 0
95.0 0 0 0 0 0 0
100.0 0 0 0 0 0 0
105.0 0 0 0 0 0 0
110.0 0 0 0 0 0 0
115.0 0 0 0 0 0 0
120.0 0 0 0 0 0 0
125.0 0 0 0 0 0 0
130.0 0 0 0 0 0 0
135.0 0 0 0 0 0 0
140.0 0 0 0 0 0 0
145.0 0 0 0 0 0 0
150.0 0 0 0 0 0 0
155.0 1 0 0 0 0 1
160.0 1 0 0 0 0 1
165.0 1 0 0 0 0 1
170.0 0 0 0 0 0 0
175.0 0 0 0 0 0 0
180.0 0 0 0 0 0 0
185.0 0 0 0 0 0 0
190.0 0 0 0 0 0 0
195.0 0 0 0 0 0 0
200.0 0 0 0 0 0 0
205.0 0 0 0 0 0 0
210.0 0 0 0 0 0 0
215.0 0 0 0 1 0 1
220.0 0 0 0 1 0 1
225.0 0 0 0 1 0 1
230.0 0 0 0 1 0 1
235.0 0 0 0 1 0 1
240.0 0 0 0 1 0 1
245.0 0 0 0 1 0 1
250.0 0 0 0 0 0 0
255.0 0 0 0 0 0 0
260.0 2 0 0 0 0 2
265.0 3 0 0 0 0 3
270.0 3 0 0 0 0 3
275.0 2 1 0 0 0 3
280.0 2 1 0 0 1 4
285.0 1 1 0 1 1 4
290.0 1 1 0 1 1 4
295.0 1 2 0 1 1 5
300.0 1 2 2 0 1 6
305.0 1 1 2 0 1 5
310.0 1 1 2 1 1 6
315.0 1 2 1 1 1 6
320.0 1 2 1 1 1 6
325.0 2 3 2 1 1 9
330.0 1 2 3 1 2 9
335.0 2 2 3 2 2 11
340.0 2 3 5 2 2 14
345.0 4 4 4 3 2 17
350.0 6 4 5 3 2 20
355.0 8 5 6 2 2 23
360.0 8 8 7 1 2 26
365.0 8 9 8 1 3 29
370.0 7 10 8 2 3 30
375.0 7 12 8 3 3 33
380.0 4 12 10 5 4 35
385.0 6 10 11 5 4 36
390.0 7 12 12 6 4 41
395.0 8 13 12 7 4 44
400.0 13 15 13 10 4 55
405.0 12 16 13 11 4 56
410.0 15 21 13 9 4 62
415.0 16 21 15 8 4 64
420.0 16 20 17 10 5 68
425.0 17 18 17 12 4 68
430.0 18 22 18 12 6 76
435.0 21 29 20 15 5 90
440.0 21 35 24 16 5 101
445.0 24 38 25 18 6 111
450.0 23 37 27 18 8 113
455.0 24 37 30 19 10 120
460.0 24 40 32 21 12 129
465.0 23 40 37 21 14 135
470.0 22 43 40 24 14 143
475.0 29 46 43 22 15 155
480.0 36 54 49 21 17 177
485.0 40 54 59 23 21 197
490.0 44 60 61 22 22 209
495.0 43 64 65 26 22 220
500.0 47 62 76 31 24 240
505.0 50 66 73 29 30 248
510.0 49 70 86 32 29 266
515.0 59 76 84 31 28 278
520.0 70 80 90 32 34 306
525.0 78 83 94 37 33 325
530.0 86 85 98 42 34 345
535.0 91 92 106 40 34 363
540.0 94 103 105 39 38 379
545.0 101 104 107 42 38 392
550.0 102 110 110 45 37 404
555.0 98 114 107 47 37 403
560.0 100 113 116 52 43 424
565.0 102 118 120 49 42 431
570.0 103 119 118 54 46 440
575.0 103 126 131 53 47 460
580.0 105 120 136 55 49 465
585.0 103 117 141 59 53 473
590.0 107 119 144 64 52 486
595.0 113 108 152 74 53 500
600.0 113 108 143 78 58 500
605.0 110 113 154 81 57 515
610.0 123 117 149 81 60 530
615.0 119 126 148 80 68 541
620.0 135 123 144 84 62 548
625.0 138 112 145 84 60 539
630.0 133 112 155 76 60 536
635.0 134 120 164 76 54 548
640.0 125 130 162 77 55 549
645.0 123 119 174 77 50 543
650.0 128 118 179 75 50 550
655.0 126 121 182 82 49 560
660.0 115 126 179 81 47 548
665.0 126 133 179 82 45 565
670.0 117 124 179 77 47 544
675.0 115 116 172 74 48 525
680.0 108 119 159 75 47 508
685.0 107 124 149 73 50 503
690.0 108 118 143 71 52 492
695.0 99 108 142 67 49 465
700.0 105 112 135 74 48 474
705.0 99 110 142 67 50 468
710.0 96 113 139 67 52 467
715.0 100 112 129 59 54 454
720.0 95 97 135 60 58 445
725.0 89 98 142 60 60 449
730.0 83 102 142 63 59 449
735.0 88 100 146 59 58 451
740.0 76 99 145 59 55 434
745.0 84 93 143 54 57 431
750.0 78 94 128 58 54 412
755.0 82 89 127 54 53 405
760.0 88 95 121 53 55 412
765.0 92 89 114 54 52 401
770.0 93 92 111 58 51 405
775.0 86 85 108 59 53 391
780.0 79 88 104 56 48 375
785.0 80 85 101 57 47 370
790.0 82 88 102 53 47 372
795.0 89 83 97 53 51 373
800.0 83 84 105 55 51 378
805.0 88 84 110 58 46 386
810.0 93 82 110 53 47 385
815.0 92 83 122 52 49 398
820.0 93 89 130 48 42 402
825.0 90 87 137 49 49 412
830.0 90 88 143 54 51 426
835.0 90 86 145 59 53 433
840.0 94 91 134 58 52 429
845.0 92 95 137 60 56 440
850.0 97 100 133 60 55 445
855.0 94 106 131 60 53 444
860.0 95 108 131 59 57 450
865.0 90 116 130 57 59 452
870.0 83 113 139 65 60 460
875.0 87 120 142 70 65 484
880.0 94 122 137 72 64 489
885.0 96 123 150 70 64 503
890.0 101 127 144 69 65 506
895.0 98 128 145 70 65 506
900.0 98 122 152 73 59 504
905.0 100 131 147 70 59 507
910.0 91 136 133 76 58 494
915.0 95 146 125 76 61 503
920.0 95 151 134 76 64 520
925.0 100 153 143 75 66 537
930.0 111 150 140 73 63 537
935.0 115 148 150 71 58 542
940.0 111 150 155 71 58 545
945.0 113 149 153 75 53 543
950.0 104 146 163 79 52 544
955.0 97 142 158 75 53 525
960.0 103 143 156 80 57 539
965.0 104 145 162 80 56 547
970.0 101 148 157 74 55 535
975.0 103 146 154 77 60 540
980.0 112 151 152 80 58 553
985.0 107 145 156 78 60 546
990.0 103 129 162 71 61 526
995.0 112 134 159 72 62 539
1000.0 121 140 166 73 53 553
1005.0 124 140 160 75 45 544
1010.0 118 132 163 71 48 532
1015.0 123 127 157 73 49 529
1020.0 124 137 150 66 46 523
1025.0 125 134 147 66 45 517
1030.0 120 134 147 70 45 516
1035.0 114 140 141 66 44 505
1040.0 120 134 130 68 46 498
1045.0 111 134 125 71 46 487
1050.0 112 135 144 70 48 509
1055.0 118 136 151 72 45 522
1060.0 116 141 153 78 49 537
1065.0 124 148 152 74 54 552
1070.0 126 151 147 75 52 551
1075.0 123 151 149 77 53 553
1080.0 120 149 152 85 50 556
1085.0 124 139 154 85 54 556
1090.0 129 134 159 84 58 564
1095.0 137 135 161 81 59 573
1100.0 145 128 167 83 55 578
1105.0 150 122 172 84 54 582
1110.0 145 127 161 85 57 575
1115.0 144 130 168 86 60 588
1120.0 146 136 172 83 65 602
1125.0 148 146 167 75 70 606
1130.0 147 155 176 77 70 625
1135.0 145 149 175 76 69 614
1140.0 146 160 172 77 64 619
1145.0 132 158 178 75 71 614
1150.0 129 143 174 77 72 595
1155.0 124 144 168 73 71 580
1160.0 120 143 176 71 78 588
1165.0 114 143 182 69 78 586
1170.0 116 125 175 76 74 566
1175.0 116 121 178 84 73 572
1180.0 110 127 176 82 72 567
1185.0 105 130 172 78 74 559
1190.0 106 122 163 73 72 536
1195.0 103 124 155 70 71 523
1200.0 91 121 146 69 67 494
1205.0 87 116 144 70 60 477
1210.0 86 119 141 63 61 470
1215.0 86 122 134 60 59 461
1220.0 92 112 137 53 55 449
1225.0 80 111 125 53 50 419
1230.0 80 104 113 50 46 393
1235.0 79 95 110 46 45 375
1240.0 76 87 97 46 40 346
1245.0 73 78 97 40 38 326
1250.0 70 67 87 39 31 294
1255.0 64 69 81 36 34 284
1260.0 58 63 75 34 34 264
1265.0 55 54 68 31 35 243
1270.0 48 57 62 28 33 228
1275.0 51 56 64 27 30 228
1280.0 46 58 61 20 24 209
1285.0 46 52 52 21 21 192
1290.0 39 48 49 21 18 175
1295.0 29 44 42 20 16 151
1300.0 26 47 35 23 13 144
1305.0 24 48 35 23 11 141
1310.0 20 38 36 24 10 128
1315.0 22 37 32 21 9 121
1320.0 19 32 31 15 9 106
1325.0 13 28 22 15 8 86
1330.0 11 23 16 13 8 71
1335.0 8 18 18 11 8 63
1340.0 8 19 17 9 7 60
1345.0 12 19 15 7 6 59
1350.0 12 11 15 4 4 46
1355.0 10 10 12 4 4 40
1360.0 7 8 12 5 3 35
1365.0 7 8 11 4 2 32
1370.0 5 6 11 5 0 27
1375.0 6 4 7 5 0 22
1380.0 5 3 5 4 1 18
1385.0 3 4 3 3 1 14
1390.0 4 3 2 3 1 13
1395.0 3 3 3 2 1 12
1400.0 1 4 3 2 1 11
1405.0 0 3 2 2 1 8
1410.0 0 3 1 1 1 6
1415.0 0 3 2 0 0 5
1420.0 0 3 2 0 0 5
1425.0 0 3 1 1 0 5
1430.0 0 2 1 1 0 4
1435.0 0 2 1 0 0 3
