5.0 0 0 0 0 0 0
10.0 0 0 0 0 0 0
15.0 0 0 0 0 0 0
20.0 0 0 0 0 0 0
25.0 0 0 0 0 0 0
30.0 0 0 0 0 0 0
35.0 0 0 0 0 0 0
40.0 0 0 0 0 0 0
45.0 0 0 0 0 0 0
50.0 0 0 0 0 0 0
55.0 0 0 0 0 0 0
60.0 0 0 0 0 0 0
65.0 0 0 0 0 0 0
70.0 0 0 0 0 0 0
75.0 0 0 0 0 0 0
80.0 0 0 0 0 0 0
85.0 0 0 0 0 0 0
90.0 0 0 0 0 0 0
95.0 0 0 0 0 0 0
100.0 0 0 0 0 0 0
105.0 0 0 0 0 0 0
110.0 0 0 0 0 0 0
115.0 0 0 0 0 0 0
120.0 0 0 0 0 0 0
125.0 0 0 0 0 0 0
130.0 0 0 0 0 0 0
135.0 0 0 0 0 0 0
140.0 0 0 0 0 0 0
145.0 0 0 0 0 0 0
150.0 0 0 0 0 0 0
155.0 0 0 0 0 0 0
160.0 0 0 0 0 0 0
165.0 0 0 0 0 0 0
170.0 0 0 0 0 0 0
175.0 0 0 0 0 0 0
180.0 0 0 0 0 0 0
185.0 0 0 0 0 0 0
190.0 0 0 0 0 0 0
195.0 0 0 0 0 0 0
200.0 0 0 0 0 0 0
205.0 0 0 0 0 0 0
210.0 0 0 0 0 0 0
215.0 0 0 0 0 0 0
220.0 0 0 0 0 0 0
225.0 0 0 0 0 0 0
230.0 0 0 0 0 0 0
235.0 0 0 0 0 0 0
240.0 0 1 0 0 0 1
245.0 0 1 0 0 0 1
250.0 0 0 1 0 0 1
255.0 0 1 1 0 0 2
260.0 0 1 1 0 0 2
265.0 0 1 1 0 0 2
270.0 0 2 1 1 0 4
275.0 0 2 1 1 0 4
280.0 0 2 1 1 0 4
285.0 0 2 1 1 0 4
290.0 1 2 1 1 0 5
295.0 1 2 1 1 0 5
300.0 3 1 1 0 0 5
305.0 4 1 1 0 0 6
310.0 4 1 0 0 1 6
315.0 4 1 0 0 1 6
320.0 4 1 1 0 1 7
325.0 5 1 2 0 1 9
330.0 5 1 2 0 1 9
335.0 4 1 2 0 1 8
340.0 4 1 3 1 1 10
345.0 3 1 3 1 1 9
350.0 2 2 4 1 1 10
355.0 1 2 4 2 2 11
360.0 0 4 5 2 2 13
365.0 0 6 5 1 3 15
370.0 1 7 5 3 3 19
375.0 2 7 7 3 3 22
380.0 3 8 10 4 3 28
385.0 3 7 10 4 4 28
390.0 4 9 10 4 3 30
395.0 5 9 10 6 3 33
400.0 7 8 10 6 4 35
405.0 8 8 9 7 5 37
410.0 9 8 10 5 5 37
415.0 11 12 10 6 5 44
420.0 10 14 13 6 6 49
425.0 11 14 14 7 8 54
430.0 10 17 16 10 7 60
435.0 11 19 18 12 7 67
440.0 13 17 23 13 8 74
445.0 17 18 25 13 8 81
450.0 17 18 31 10 8 84
455.0 18 17 29 13 8 85
460.0 18 20 29 13 8 88
465.0 18 22 33 12 9 94
470.0 23 25 35 16 10 109
475.0 28 26 35 14 11 114
480.0 36 27 37 13 10 123
485.0 33 27 35 14 13 122
490.0 37 29 41 15 14 136
495.0 39 35 48 15 15 152
500.0 36 37 52 18 16 159
505.0 36 46 58 22 16 178
510.0 39 47 61 21 19 187
515.0 42 49 59 24 18 192
520.0 44 51 66 24 17 202
525.0 43 49 64 29 19 204
530.0 47 51 68 32 17 215
535.0 47 54 70 33 21 225
540.0 52 59 76 35 20 242
545.0 60 66 76 33 21 256
550.0 61 68 81 34 21 265
555.0 65 74 85 30 22 276
560.0 66 76 90 32 26 290
565.0 68 76 83 38 34 299
570.0 58 83 92 44 36 313
575.0 66 84 94 48 38 330
580.0 70 89 93 50 40 342
585.0 71 92 95 55 39 352
590.0 77 88 99 57 40 361
595.0 77 90 107 58 40 372
600.0 71 97 109 58 40 375
605.0 73 91 117 58 39 378
610.0 77 99 113 56 40 385
615.0 74 98 110 56 37 375
620.0 76 95 115 53 38 377
625.0 79 87 112 57 37 372
630.0 75 88 110 58 36 367
635.0 71 94 114 56 37 372
640.0 78 88 106 57 38 367
645.0 88 86 107 58 36 375
650.0 89 86 108 52 40 375
655.0 91 89 115 48 43 386
660.0 85 87 113 45 43 373
665.0 83 88 112 41 44 368
670.0 82 88 114 35 44 363
675.0 84 84 110 35 45 358
680.0 73 88 99 39 41 340
685.0 79 92 97 39 37 344
690.0 81 94 95 37 36 343
695.0 83 94 95 40 34 346
700.0 80 88 94 40 33 335
705.0 81 84 92 43 31 331
710.0 79 91 96 39 32 337
715.0 67 93 96 44 32 332
720.0 76 80 95 47 32 330
725.0 80 73 100 40 31 324
730.0 82 63 98 43 31 317
735.0 79 58 92 41 29 299
740.0 83 64 86 42 27 302
745.0 85 66 83 43 27 304
750.0 73 70 82 42 26 293
755.0 69 64 80 40 29 282
760.0 67 62 77 43 28 277
765.0 69 59 76 46 29 279
770.0 72 60 75 42 28 277
775.0 71 60 81 36 26 274
780.0 74 58 77 36 26 271
785.0 71 62 78 39 27 277
790.0 67 58 84 37 27 273
795.0 70 65 80 40 29 284
800.0 73 57 82 42 28 282
805.0 74 55 82 41 26 278
810.0 77 58 74 39 27 275
815.0 72 55 72 37 27 263
820.0 71 64 78 37 29 279
825.0 71 64 83 37 28 283
830.0 76 68 87 37 35 303
835.0 78 61 95 42 38 314
840.0 78 58 96 45 41 318
845.0 83 57 95 48 41 324
850.0 89 60 88 45 36 318
855.0 88 63 88 41 35 315
860.0 88 68 86 37 33 312
865.0 85 68 85 38 32 308
870.0 84 78 94 40 37 333
875.0 80 71 101 38 34 324
880.0 82 76 96 40 36 330
885.0 84 79 92 38 36 329
890.0 85 88 87 42 38 340
895.0 81 96 89 45 36 347
900.0 83 92 91 41 38 345
905.0 83 92 80 39 35 329
910.0 89 87 85 36 34 331
915.0 89 82 86 33 34 324
920.0 84 79 95 35 36 329
925.0 82 74 95 37 37 325
930.0 74 69 102 38 38 321
935.0 77 75 102 45 36 335
940.0 74 85 101 45 38 343
945.0 78 90 100 40 38 346
950.0 78 85 101 40 39 343
955.0 76 84 104 36 38 338
960.0 82 83 96 38 38 337
965.0 81 84 103 41 34 343
970.0 83 81 99 43 37 343
975.0 79 89 96 46 38 348
980.0 83 81 96 42 37 339
985.0 73 79 95 42 40 329
990.0 65 84 91 42 40 322
995.0 66 89 93 42 38 328
1000.0 75 92 94 34 40 335
1005.0 72 94 101 35 42 344
1010.0 71 87 104 37 46 345
1015.0 83 87 107 37 46 360
1020.0 83 95 115 38 45 376
1025.0 85 93 120 38 42 378
1030.0 83 94 125 37 37 376
1035.0 75 83 117 42 35 352
1040.0 72 82 113 44 35 346
1045.0 73 88 116 46 33 356
1050.0 79 87 120 43 31 360
1055.0 83 90 118 41 32 364
1060.0 83 96 113 40 35 367
1065.0 82 102 109 39 35 367
1070.0 86 109 104 43 35 377
1075.0 84 102 99 50 33 368
1080.0 80 98 107 49 35 369
1085.0 92 100 105 50 33 380
1090.0 85 101 104 58 35 383
1095.0 81 105 106 67 36 395
1100.0 79 100 114 65 36 394
1105.0 82 101 110 59 36 388
1110.0 87 106 105 60 34 392
1115.0 85 114 106 63 33 401
1120.0 90 113 112 63 38 416
1125.0 91 114 110 56 38 409
1130.0 87 114 110 52 42 405
1135.0 81 111 108 52 44 396
1140.0 85 112 121 50 44 412
1145.0 90 111 121 49 41 412
1150.0 86 111 126 49 43 415
1155.0 92 108 133 42 40 415
1160.0 89 99 133 41 42 404
1165.0 87 88 130 45 39 389
1170.0 84 92 130 43 38 387
1175.0 82 86 117 46 39 370
1180.0 85 81 110 41 37 354
1185.0 74 83 110 39 35 341
1190.0 74 77 111 41 30 333
1195.0 80 73 104 41 30 328
1200.0 86 66 97 41 29 319
1205.0 87 60 99 41 31 318
1210.0 85 60 91 44 29 309
1215.0 84 53 86 43 25 291
1220.0 77 52 81 42 22 274
1225.0 72 42 82 37 20 253
1230.0 61 41 81 36 20 239
1235.0 48 36 77 34 20 215
1240.0 48 33 76 33 15 205
1245.0 43 37 78 34 14 206
1250.0 37 37 67 32 12 185
1255.0 33 39 57 29 12 170
1260.0 38 37 50 24 12 161
1265.0 34 33 47 25 10 149
1270.0 28 31 39 26 11 135
1275.0 31 28 37 21 10 127
1280.0 27 26 32 21 10 116
1285.0 26 24 27 19 9 105
1290.0 21 24 19 18 9 91
1295.0 20 24 19 15 10 88
1300.0 15 21 15 16 7 74
1305.0 17 19 17 15 6 74
1310.0 19 18 16 13 9 75
1315.0 17 16 15 11 9 68
1320.0 12 13 17 9 9 60
1325.0 9 12 17 7 8 53
1330.0 9 12 13 5 6 45
1335.0 12 11 13 3 5 44
1340.0 11 12 13 4 5 45
1345.0 9 10 12 6 4 41
1350.0 6 8 9 8 4 35
1355.0 8 9 7 5 3 32
1360.0 8 9 4 4 3 28
1365.0 5 4 7 4 3 23
1370.0 5 4 8 3 3 23
1375.0 4 5 7 4 2 22
1380.0 3 4 6 3 2 18
1385.0 3 3 5 1 2 14
1390.0 3 4 4 1 0 12
1395.0 4 4 2 0 0 10
1400.0 4 3 2 0 0 9
1405.0 3 3 2 0 0 8
1410.0 1 3 2 0 0 6
1415.0 1 2 2 0 0 5
1420.0 2 2 2 0 0 6
1425.0 2 2 0 0 0 4
1430.0 2 2 0 0 0 4
1435.0 2 1 0 0 0 3
