5.0 0 0 0 0 0 0
10.0 0 0 0 0 0 0
15.0 0 0 0 0 0 0
20.0 0 0 0 0 0 0
25.0 0 0 0 0 0 0
30.0 0 0 0 0 0 0
35.0 0 0 0 0 0 0
40.0 0 0 0 0 0 0
45.0 0 0 0 0 0 0
50.0 0 0 0 0 0 0
55.0 0 0 0 0 0 0
60.0 0 0 0 0 0 0
65.0 0 0 0 0 0 0
70.0 0 0 0 0 0 0
75.0 0 0 0 0 0 0
80.0 0 0 0 0 0 0
85.0 0 0 0 0 0 0
90.0 0 0 0 0 0 0
95.0 0 0 0 0 0 0
100.0 0 0 0 0 0 0
105.0 0 0 0 0 0 0
110.0 0 0 0 0 0 0
115.0 0 0 0 0 0 0
120.0 0 0 0 0 0 0
125.0 0 0 0 0 0 0
130.0 0 0 0 0 0 0
135.0 0 0 0 0 0 0
140.0 0 0 0 0 0 0
145.0 0 0 0 0 0 0
150.0 0 0 0 0 0 0
155.0 0 0 0 0 0 0
160.0 0 0 0 0 0 0
165.0 0 0 0 0 0 0
170.0 0 0 0 0 0 0
175.0 0 0 0 0 0 0
180.0 0 0 0 0 0 0
185.0 0 0 0 0 0 0
190.0 0 0 0 0 0 0
195.0 0 0 0 0 0 0
200.0 0 0 0 0 0 0
205.0 0 0 0 0 0 0
210.0 0 0 0 0 0 0
215.0 0 0 0 0 0 0
220.0 0 0 0 0 0 0
225.0 0 0 0 0 0 0
230.0 0 0 0 0 0 0
235.0 0 0 0 0 0 0
240.0 0 0 0 0 0 0
245.0 0 0 0 0 0 0
250.0 0 0 0 0 0 0
255.0 0 0 0 0 0 0
260.0 0 0 0 0 0 0
265.0 0 0 0 0 0 0
270.0 0 0 0 0 0 0
275.0 0 0 0 0 0 0
280.0 0 0 0 0 0 0
285.0 0 0 0 0 0 0
290.0 0 0 0 0 0 0
295.0 0 0 1 0 0 1
300.0 0 0 1 0 0 1
305.0 0 0 2 0 0 2
310.0 0 0 2 0 1 3
315.0 0 0 2 0 1 3
320.0 0 0 2 0 1 3
325.0 0 0 2 0 1 3
330.0 0 0 1 0 1 2
335.0 0 0 1 0 1 2
340.0 0 0 1 0 1 2
345.0 0 0 2 0 1 3
350.0 0 0 2 0 1 3
355.0 0 0 2 0 1 3
360.0 1 0 3 0 1 5
365.0 2 0 2 1 1 6
370.0 2 0 2 2 1 7
375.0 2 1 2 2 1 8
380.0 2 2 2 2 1 9
385.0 1 3 2 3 1 10
390.0 2 1 1 4 1 9
395.0 3 2 1 4 1 11
400.0 2 2 2 4 0 10
405.0 3 2 2 4 0 11
410.0 3 3 3 4 0 13
415.0 4 6 3 4 1 18
420.0 6 5 4 5 1 21
425.0 7 4 5 3 2 21
430.0 7 4 5 3 2 21
435.0 7 4 6 4 2 23
440.0 9 3 7 4 2 25
445.0 10 8 8 5 3 34
450.0 11 7 11 7 3 39
455.0 11 8 10 7 4 40
460.0 12 10 11 10 4 47
465.0 14 12 10 9 3 48
470.0 12 13 14 11 3 53
475.0 12 13 15 9 3 52
480.0 12 12 15 10 5 54
485.0 12 14 17 10 4 57
490.0 13 15 20 11 5 64
495.0 15 14 22 10 5 66
500.0 18 15 20 8 5 66
505.0 18 17 21 8 5 69
510.0 20 22 23 8 6 79
515.0 17 26 23 9 6 81
520.0 19 25 26 13 7 90
525.0 17 26 29 14 7 93
530.0 17 26 35 11 7 96
535.0 18 27 33 10 8 96
540.0 20 27 35 13 9 104
545.0 23 27 26 12 10 98
550.0 23 31 31 12 10 107
555.0 20 28 37 11 11 107
560.0 22 31 37 13 14 117
565.0 20 35 42 13 15 125
570.0 20 34 41 12 16 123
575.0 23 37 40 13 17 130
580.0 25 36 41 16 19 137
585.0 28 37 43 16 18 142
590.0 27 39 40 18 16 140
595.0 25 37 36 18 18 134
600.0 32 34 40 16 18 140
605.0 32 35 42 14 18 141
610.0 36 29 50 16 18 149
615.0 38 30 51 15 17 151
620.0 38 32 48 20 16 154
625.0 39 28 46 23 12 148
630.0 37 24 42 26 10 139
635.0 32 26 40 27 11 136
640.0 36 28 36 22 12 134
645.0 39 31 38 24 13 145
650.0 33 32 40 24 12 141
655.0 33 32 38 26 12 141
660.0 33 31 40 24 16 144
665.0 37 27 42 22 17 145
670.0 34 29 36 17 18 134
675.0 35 30 41 16 19 141
680.0 33 35 41 17 16 142
685.0 28 35 38 17 14 132
690.0 26 35 37 17 12 127
695.0 23 41 34 14 15 127
700.0 28 40 37 9 17 131
705.0 31 43 36 8 19 137
710.0 32 38 36 6 18 130
715.0 30 36 39 6 17 128
720.0 30 34 38 5 18 125
725.0 29 34 37 5 19 124
730.0 29 36 31 8 19 123
735.0 29 36 33 12 20 130
740.0 24 31 32 13 21 121
745.0 29 31 34 12 23 129
750.0 30 32 37 9 23 131
755.0 30 31 32 12 21 126
760.0 29 31 35 10 22 127
765.0 27 27 37 12 22 125
770.0 26 29 39 13 22 129
775.0 28 28 37 14 21 128
780.0 29 26 35 16 19 125
785.0 28 22 32 14 17 113
790.0 26 25 33 13 17 114
795.0 24 27 37 13 16 117
800.0 24 30 37 13 15 119
805.0 27 32 38 13 14 124
810.0 25 39 38 16 12 130
815.0 24 39 35 15 12 125
820.0 25 41 37 16 11 130
825.0 27 39 38 17 10 131
830.0 27 39 40 16 10 132
835.0 29 41 38 17 11 136
840.0 32 40 39 16 9 136
845.0 34 37 43 17 9 140
850.0 38 39 40 15 10 142
855.0 35 36 41 14 14 140
860.0 35 39 42 14 14 144
865.0 35 40 41 12 15 143
870.0 36 41 39 12 15 143
875.0 34 37 41 11 14 137
880.0 33 39 42 12 14 140
885.0 30 41 42 16 15 144
890.0 29 40 43 18 15 145
895.0 30 40 49 21 14 154
900.0 37 39 47 20 13 156
905.0 38 34 48 21 12 153
910.0 40 35 44 18 12 149
915.0 41 35 46 16 14 152
920.0 41 36 45 20 12 154
925.0 46 33 41 23 12 155
930.0 45 31 42 26 12 156
935.0 45 28 41 27 11 152
940.0 43 28 47 29 12 159
945.0 43 28 47 23 14 155
950.0 45 29 47 21 13 155
955.0 39 32 43 21 13 148
960.0 42 29 43 19 14 147
965.0 45 33 43 18 13 152
970.0 45 31 43 16 13 148
975.0 38 33 49 13 15 148
980.0 38 30 49 16 16 149
985.0 34 29 43 22 16 144
990.0 31 33 39 23 18 144
995.0 32 32 39 21 17 141
1000.0 29 31 40 20 16 136
1005.0 32 35 38 20 16 141
1010.0 28 36 35 22 18 139
1015.0 32 39 40 16 14 141
1020.0 34 34 37 18 13 136
1025.0 38 31 41 17 12 139
1030.0 36 34 42 17 8 137
1035.0 35 37 48 16 8 144
1040.0 30 34 50 18 9 141
1045.0 27 32 54 19 9 141
1050.0 25 29 55 23 11 143
1055.0 25 31 55 22 11 144
1060.0 22 33 60 20 12 147
1065.0 23 33 55 22 10 143
1070.0 26 36 49 22 11 144
1075.0 31 46 46 19 11 153
1080.0 34 43 47 15 11 150
1085.0 37 41 45 17 13 153
1090.0 40 41 43 20 12 156
1095.0 40 44 40 24 12 160
1100.0 40 48 42 27 11 168
1105.0 37 50 39 28 11 165
1110.0 33 48 44 27 10 162
1115.0 36 47 45 27 11 166
1120.0 36 48 47 23 10 164
1125.0 34 46 44 26 11 161
1130.0 34 44 45 27 11 161
1135.0 31 46 43 29 12 161
1140.0 35 43 43 25 9 155
1145.0 36 35 50 22 9 152
1150.0 38 37 56 16 10 157
1155.0 38 36 50 15 10 149
1160.0 34 37 47 17 11 146
1165.0 29 33 47 23 11 143
1170.0 31 29 41 21 9 131
1175.0 30 30 41 24 8 133
1180.0 31 31 38 24 10 134
1185.0 33 27 40 20 10 130
1190.0 33 28 41 20 11 133
1195.0 32 29 35 17 10 123
1200.0 32 29 32 13 8 114
1205.0 31 30 33 13 9 116
1210.0 28 28 33 11 11 111
1215.0 25 27 36 11 12 111
1220.0 26 22 35 12 12 107
1225.0 21 23 32 13 10 99
1230.0 20 21 32 14 10 97
1235.0 21 17 31 14 10 93
1240.0 20 15 24 12 11 82
1245.0 17 17 21 10 10 75
1250.0 17 15 23 11 10 76
1255.0 17 14 25 10 9 75
1260.0 19 12 21 8 8 68
1265.0 19 13 21 8 7 68
1270.0 16 11 21 7 4 59
1275.0 10 10 22 8 4 54
1280.0 11 8 21 4 3 47
1285.0 10 6 22 3 4 45
1290.0 10 6 19 4 4 43
1295.0 10 6 17 2 3 38
1300.0 6 7 14 5 3 35
1305.0 6 4 14 5 3 32
1310.0 8 2 11 2 3 26
1315.0 9 3 11 1 2 26
1320.0 7 3 10 1 2 23
1325.0 6 2 6 0 2 16
1330.0 4 2 4 0 1 11
1335.0 3 4 3 0 2 12
1340.0 2 3 3 0 1 9
1345.0 3 2 4 0 1 10
1350.0 3 0 4 1 1 9
1355.0 5 0 2 1 1 9
1360.0 4 0 2 1 1 8
1365.0 3 1 0 1 1 6
1370.0 1 1 0 1 0 3
1375.0 0 1 0 1 0 2
1380.0 1 1 0 0 0 2
1385.0 1 1 0 0 0 2
1390.0 1 1 0 0 0 2
1395.0 1 1 0 0 0 2
1400.0 1 0 1 0 0 2
1405.0 1 0 2 0 0 3
1410.0 1 0 1 0 0 2
1415.0 0 0 1 0 0 1
1420.0 0 0 0 0 0 0
1425.0 0 0 0 0 0 0
1430.0 0 1 0 0 0 1
1435.0 0 1 0 0 0 1
