5.0 0 0 0 0 0 0
10.0 0 0 0 0 0 0
15.0 0 0 0 0 0 0
20.0 0 0 0 0 0 0
25.0 0 0 0 0 0 0
30.0 0 0 0 0 0 0
35.0 0 0 0 0 0 0
40.0 0 0 0 0 0 0
45.0 0 0 0 0 0 0
50.0 0 0 0 0 0 0
55.0 0 0 0 0 0 0
60.0 0 0 0 0 0 0
65.0 0 0 0 0 0 0
70.0 0 0 0 0 0 0
75.0 0 0 0 0 0 0
80.0 0 0 0 0 0 0
85.0 0 0 0 0 0 0
90.0 0 0 0 0 0 0
95.0 0 0 0 0 0 0
100.0 0 0 0 0 0 0
105.0 0 0 0 0 0 0
110.0 0 0 0 0 0 0
115.0 0 0 0 0 0 0
120.0 0 0 0 0 0 0
125.0 0 0 0 0 0 0
130.0 0 0 0 0 0 0
135.0 0 0 0 0 0 0
140.0 0 0 0 0 0 0
145.0 0 0 0 0 0 0
150.0 0 0 0 0 0 0
155.0 0 0 0 0 0 0
160.0 0 0 0 0 0 0
165.0 0 0 0 0 0 0
170.0 0 0 0 0 0 0
175.0 0 0 0 0 0 0
180.0 0 0 0 0 0 0
185.0 0 0 0 0 0 0
190.0 0 0 0 0 0 0
195.0 0 0 0 0 0 0
200.0 0 0 0 0 0 0
205.0 0 0 0 0 0 0
210.0 0 0 0 0 0 0
215.0 0 1 0 0 0 1
220.0 0 1 0 0 0 1
225.0 0 1 0 0 0 1
230.0 0 1 0 0 0 1
235.0 0 1 0 0 0 1
240.0 0 1 0 0 0 1
245.0 0 1 0 0 0 1
250.0 0 1 0 0 0 1
255.0 0 1 0 0 0 1
260.0 0 1 0 0 0 1
265.0 0 1 0 0 0 1
270.0 0 1 0 0 0 1
275.0 0 1 0 0 0 1
280.0 0 1 0 0 0 1
285.0 1 0 0 0 0 1
290.0 1 0 0 1 0 2
295.0 1 0 0 1 0 2
300.0 1 0 0 1 0 2
305.0 1 0 0 0 0 1
310.0 1 0 0 0 0 1
315.0 1 0 0 0 0 1
320.0 1 0 0 0 0 1
325.0 1 0 1 0 0 2
330.0 2 0 1 1 0 4
335.0 3 0 1 1 0 5
340.0 3 0 1 1 0 5
345.0 2 1 1 3 0 7
350.0 3 1 1 3 0 8
355.0 3 1 3 3 0 10
360.0 4 1 3 3 0 11
365.0 4 1 4 2 1 12
370.0 4 2 5 2 1 14
375.0 4 2 3 3 2 14
380.0 4 2 4 3 3 16
385.0 2 3 5 3 4 17
390.0 3 3 4 4 4 18
395.0 4 5 5 4 3 21
400.0 5 4 6 3 3 21
405.0 6 7 6 5 5 29
410.0 6 8 6 5 6 31
415.0 10 7 7 5 5 34
420.0 8 9 7 4 5 33
425.0 10 10 9 5 5 39
430.0 15 11 11 5 6 48
435.0 21 14 12 5 8 60
440.0 19 12 14 8 9 62
445.0 19 16 14 9 9 67
450.0 19 17 15 8 10 69
455.0 23 22 19 11 12 87
460.0 20 28 21 15 12 96
465.0 26 31 27 13 11 108
470.0 27 29 31 15 10 112
475.0 28 29 36 17 9 119
480.0 26 30 39 16 12 123
485.0 25 36 45 18 16 140
490.0 23 37 45 22 17 144
495.0 23 38 46 26 19 152
500.0 31 39 47 28 19 164
505.0 32 41 49 32 18 172
510.0 37 44 60 32 20 193
515.0 34 48 59 30 19 190
520.0 41 47 67 26 19 200
525.0 38 53 72 31 22 216
530.0 39 61 76 28 22 226
535.0 45 65 77 24 25 236
540.0 53 67 74 25 24 243
545.0 60 72 76 27 24 259
550.0 68 71 73 31 24 267
555.0 63 74 80 34 25 276
560.0 63 74 89 38 25 289
565.0 61 76 99 37 29 302
570.0 63 83 111 38 28 323
575.0 68 80 109 41 31 329
580.0 63 87 110 39 34 333
585.0 66 94 113 39 33 345
590.0 63 102 123 43 35 366
595.0 59 98 120 38 32 347
600.0 64 104 117 40 30 355
605.0 65 106 115 42 32 360
610.0 64 111 115 44 35 369
615.0 65 105 111 44 32 357
620.0 68 103 105 46 30 352
625.0 72 106 107 54 29 368
630.0 60 111 100 55 29 355
635.0 65 113 104 58 29 369
640.0 62 116 103 61 32 374
645.0 63 114 105 62 30 374
650.0 78 113 101 51 32 375
655.0 76 112 101 50 32 371
660.0 76 107 102 52 35 372
665.0 79 108 93 47 35 362
670.0 75 104 91 44 36 350
675.0 72 98 92 45 34 341
680.0 71 101 94 39 31 336
685.0 72 95 89 35 32 323
690.0 86 91 87 30 30 324
695.0 84 83 83 30 33 313
700.0 79 93 85 27 31 315
705.0 78 90 92 27 29 316
710.0 76 83 101 31 29 320
715.0 74 78 103 30 31 316
720.0 69 81 105 33 31 319
725.0 68 81 102 32 31 314
730.0 66 81 97 29 28 301
735.0 67 78 92 30 27 294
740.0 66 78 83 33 26 286
745.0 71 76 81 31 26 285
750.0 72 72 80 29 26 279
755.0 70 77 83 32 26 288
760.0 72 78 83 28 22 283
765.0 64 73 81 32 21 271
770.0 66 72 78 34 18 268
775.0 63 64 86 36 19 268
780.0 65 63 81 33 23 265
785.0 60 56 76 31 24 247
790.0 66 55 72 28 24 245
795.0 61 51 74 27 26 239
800.0 59 54 82 31 25 251
805.0 65 53 80 30 23 251
810.0 62 56 82 32 23 255
815.0 62 59 77 32 25 255
820.0 72 62 74 34 26 268
825.0 75 64 77 33 24 273
830.0 73 66 88 38 22 287
835.0 63 71 88 38 23 283
840.0 63 72 85 42 21 283
845.0 67 72 88 39 21 287
850.0 69 80 81 43 23 296
855.0 64 79 79 44 28 294
860.0 66 80 80 48 27 301
865.0 64 86 82 47 31 310
870.0 67 91 83 45 31 317
875.0 65 89 88 45 29 316
880.0 77 80 80 39 28 304
885.0 77 89 84 42 29 321
890.0 85 94 87 43 29 338
895.0 86 90 85 40 27 328
900.0 84 90 91 42 30 337
905.0 87 90 90 45 31 343
910.0 82 89 90 48 30 339
915.0 85 93 97 49 33 357
920.0 78 95 107 45 32 357
925.0 81 88 108 49 32 358
930.0 77 84 101 51 34 347
935.0 77 81 99 52 34 343
940.0 82 76 90 55 36 339
945.0 82 75 89 53 33 332
950.0 82 70 97 49 38 336
955.0 84 70 99 49 39 341
960.0 85 67 97 48 37 334
965.0 80 75 98 47 39 339
970.0 82 80 99 40 38 339
975.0 79 83 95 43 37 337
980.0 84 84 89 41 35 333
985.0 79 80 88 44 36 327
990.0 77 80 86 47 34 324
995.0 80 82 84 45 35 326
1000.0 82 76 87 45 35 325
1005.0 77 79 86 46 35 323
1010.0 79 73 87 48 38 325
1015.0 72 74 85 47 35 313
1020.0 76 75 93 44 34 322
1025.0 80 76 94 50 32 332
1030.0 81 81 97 52 31 342
1035.0 86 84 94 44 33 341
1040.0 89 85 92 41 33 340
1045.0 84 91 90 40 31 336
1050.0 83 95 93 35 29 335
1055.0 83 98 94 38 29 342
1060.0 79 100 85 38 28 330
1065.0 77 96 91 36 28 328
1070.0 75 103 87 46 30 341
1075.0 74 107 95 45 28 349
1080.0 73 110 94 46 31 354
1085.0 75 102 109 49 32 367
1090.0 73 106 109 51 35 374
1095.0 81 93 120 56 35 385
1100.0 76 92 121 55 38 382
1105.0 68 95 128 55 39 385
1110.0 70 99 130 59 42 400
1115.0 74 98 123 61 45 401
1120.0 73 104 111 56 47 391
1125.0 78 110 105 56 42 391
1130.0 76 103 103 55 40 377
1135.0 77 97 107 53 38 372
1140.0 81 91 115 49 41 377
1145.0 88 87 116 47 40 378
1150.0 86 96 120 46 41 389
1155.0 89 93 127 41 38 388
1160.0 81 95 129 47 38 390
1165.0 79 92 121 51 41 384
1170.0 81 95 121 51 37 385
1175.0 87 87 124 47 38 383
1180.0 90 88 121 42 38 379
1185.0 89 88 120 40 38 375
1190.0 83 94 114 44 39 374
1195.0 81 91 112 40 38 362
1200.0 76 86 109 39 36 346
1205.0 78 87 111 35 34 345
1210.0 72 91 104 31 27 325
1215.0 64 84 93 30 26 297
1220.0 69 72 84 23 24 272
1225.0 70 72 79 20 22 263
1230.0 69 62 73 15 21 240
1235.0 67 55 70 16 21 229
1240.0 63 51 70 17 21 222
1245.0 56 50 63 15 18 202
1250.0 45 39 66 15 20 185
1255.0 38 31 62 12 21 164
1260.0 41 28 51 13 17 150
1265.0 40 27 48 12 18 145
1270.0 28 24 49 12 18 131
1275.0 28 25 45 13 17 128
1280.0 23 26 44 13 13 119
1285.0 23 24 41 14 12 114
1290.0 24 22 37 14 12 109
1295.0 24 21 29 15 10 99
1300.0 20 22 25 17 11 95
1305.0 22 17 18 14 9 80
1310.0 17 20 18 13 6 74
1315.0 16 18 13 14 5 66
1320.0 14 16 11 9 2 52
1325.0 12 13 13 6 2 46
1330.0 12 10 12 5 2 41
1335.0 12 11 9 7 2 41
1340.0 11 7 13 7 1 39
1345.0 10 5 10 7 1 33
1350.0 6 5 5 6 1 23
1355.0 8 3 4 8 0 23
1360.0 9 5 2 3 0 19
1365.0 6 6 2 1 0 15
1370.0 6 3 2 0 0 11
1375.0 4 2 3 0 0 9
1380.0 3 2 4 0 0 9
1385.0 2 2 4 0 0 8
1390.0 0 1 4 0 0 5
1395.0 0 1 2 0 0 3
1400.0 0 1 1 0 0 2
1405.0 0 1 0 0 0 1
1410.0 0 1 0 0 0 1
1415.0 0 1 0 0 0 1
1420.0 0 1 0 0 0 1
1425.0 0 1 0 0 0 1
1430.0 0 1 0 0 0 1
1435.0 0 1 0 0 0 1
