5.0 0 0 0 0 0 0
10.0 0 0 0 0 0 0
15.0 0 0 0 0 0 0
20.0 0 0 0 0 0 0
25.0 0 0 0 0 0 0
30.0 0 0 0 0 0 0
35.0 0 0 0 0 0 0
40.0 0 0 0 0 0 0
45.0 0 0 0 0 0 0
50.0 0 0 0 0 0 0
55.0 0 0 0 0 0 0
60.0 0 0 0 0 0 0
65.0 0 0 0 0 0 0
70.0 0 0 0 0 0 0
75.0 0 0 0 0 0 0
80.0 0 0 0 0 0 0
85.0 0 0 0 0 0 0
90.0 0 0 0 0 0 0
95.0 0 0 0 0 0 0
100.0 0 0 0 0 0 0
105.0 0 0 0 0 0 0
110.0 0 0 0 0 0 0
115.0 0 0 0 0 0 0
120.0 0 0 0 0 0 0
125.0 0 0 0 0 0 0
130.0 0 0 0 0 0 0
135.0 0 0 0 0 0 0
140.0 0 0 0 0 0 0
145.0 0 0 0 0 0 0
150.0 0 0 0 0 0 0
155.0 0 0 0 0 0 0
160.0 0 0 0 0 0 0
165.0 0 0 0 0 0 0
170.0 0 0 0 0 0 0
175.0 0 0 0 0 0 0
180.0 0 0 0 0 0 0
185.0 0 0 0 0 0 0
190.0 0 0 0 0 0 0
195.0 0 0 0 0 0 0
200.0 0 0 0 0 0 0
205.0 0 0 0 0 0 0
210.0 0 0 0 0 0 0
215.0 0 0 0 0 0 0
220.0 0 0 0 0 0 0
225.0 0 0 0 0 0 0
230.0 0 0 0 0 0 0
235.0 0 0 0 0 0 0
240.0 0 0 0 0 0 0
245.0 0 0 0 0 0 0
250.0 0 0 0 0 0 0
255.0 0 0 0 0 0 0
260.0 0 0 0 0 0 0
265.0 0 0 0 0 0 0
270.0 0 0 0 0 0 0
275.0 0 0 0 0 0 0
280.0 0 0 0 0 0 0
285.0 0 0 0 0 0 0
290.0 0 1 0 0 0 1
295.0 0 2 0 0 1 3
300.0 0 2 0 0 1 3
305.0 0 1 2 0 1 4
310.0 0 1 2 0 1 4
315.0 0 2 2 0 1 5
320.0 0 2 2 0 1 5
325.0 0 2 3 0 0 5
330.0 0 2 3 0 0 5
335.0 0 1 3 0 0 4
340.0 0 1 4 0 0 5
345.0 0 1 3 0 0 4
350.0 0 1 4 0 1 6
355.0 0 3 4 0 2 9
360.0 0 3 5 0 2 10
365.0 0 4 6 0 3 13
370.0 0 5 6 0 3 14
375.0 2 7 8 1 2 20
380.0 3 7 9 2 2 23
385.0 3 5 12 2 2 24
390.0 5 5 12 5 2 29
395.0 6 5 13 5 3 32
400.0 10 6 16 5 3 40
405.0 11 7 17 5 2 42
410.0 13 9 15 7 2 46
415.0 13 11 18 7 5 54
420.0 15 11 22 9 5 62
425.0 19 11 21 9 5 65
430.0 22 16 21 7 7 73
435.0 23 19 20 8 7 77
440.0 21 23 23 7 6 80
445.0 20 27 21 8 6 82
450.0 20 28 24 8 6 86
455.0 24 31 28 9 6 98
460.0 26 36 29 8 6 105
465.0 23 35 34 15 6 113
470.0 22 34 32 18 7 113
475.0 28 35 35 19 10 127
480.0 33 37 35 19 11 135
485.0 32 42 43 24 12 153
490.0 37 52 42 25 15 171
495.0 39 52 42 24 15 172
500.0 38 54 49 23 14 178
505.0 39 52 52 22 13 178
510.0 43 47 57 23 14 184
515.0 42 51 63 23 14 193
520.0 44 50 74 26 15 209
525.0 45 51 80 34 14 224
530.0 46 51 84 39 17 237
535.0 51 59 86 43 17 256
540.0 59 68 89 40 20 276
545.0 64 71 90 38 20 283
550.0 64 74 88 45 21 292
555.0 69 75 78 45 21 288
560.0 65 75 92 47 20 299
565.0 72 75 90 48 20 305
570.0 71 78 92 48 17 306
575.0 76 77 94 49 20 316
580.0 69 81 97 48 18 313
585.0 66 81 99 54 19 319
590.0 72 79 108 54 20 333
595.0 65 89 111 54 21 340
600.0 67 81 105 53 24 330
605.0 64 90 101 53 22 330
610.0 60 94 108 51 21 334
615.0 68 94 116 50 23 351
620.0 73 90 119 45 23 350
625.0 72 89 118 44 23 346
630.0 67 88 116 52 25 348
635.0 72 87 111 51 28 349
640.0 77 83 106 52 25 343
645.0 83 80 101 50 25 339
650.0 82 76 107 57 26 348
655.0 83 75 99 57 25 339
660.0 86 81 98 54 25 344
665.0 83 79 98 51 29 340
670.0 86 86 95 44 32 343
675.0 84 85 97 44 32 342
680.0 88 90 86 44 38 346
685.0 84 91 74 42 36 327
690.0 87 87 74 39 33 320
695.0 78 82 73 41 33 307
700.0 77 82 81 42 32 314
705.0 74 83 81 38 32 308
710.0 74 83 85 37 31 310
715.0 75 85 84 39 31 314
720.0 75 83 91 44 32 325
725.0 68 82 86 46 32 314
730.0 56 82 85 41 30 294
735.0 51 80 88 40 32 291
740.0 54 79 81 37 31 282
745.0 52 73 86 33 34 278
750.0 58 69 82 28 35 272
755.0 57 68 79 37 31 272
760.0 60 63 88 36 28 275
765.0 59 61 85 38 27 270
770.0 65 73 83 42 23 286
775.0 73 72 77 39 26 287
780.0 76 68 73 37 30 284
785.0 71 72 68 35 32 278
790.0 64 69 74 38 30 275
795.0 63 68 78 41 27 277
800.0 64 73 82 39 30 288
805.0 62 77 85 39 29 292
810.0 64 74 87 35 29 289
815.0 63 79 92 39 28 301
820.0 69 79 91 42 29 310
825.0 57 84 91 48 30 310
830.0 64 83 89 47 30 313
835.0 61 81 82 46 28 298
840.0 68 84 84 47 31 314
845.0 70 78 93 44 27 312
850.0 69 71 104 47 27 318
855.0 73 73 103 51 26 326
860.0 69 83 94 56 30 332
865.0 77 83 93 59 30 342
870.0 84 85 86 60 32 347
875.0 88 94 82 58 33 355
880.0 85 95 88 54 35 357
885.0 86 99 89 52 35 361
890.0 91 100 95 54 36 376
895.0 92 100 103 54 34 383
900.0 91 106 103 56 34 390
905.0 89 105 109 56 32 391
910.0 80 102 117 57 31 387
915.0 83 95 114 60 31 383
920.0 84 97 111 60 30 382
925.0 87 109 104 60 33 393
930.0 97 110 97 59 33 396
935.0 89 104 100 58 33 384
940.0 83 104 103 63 33 386
945.0 76 108 103 66 36 389
950.0 75 106 103 69 36 389
955.0 72 102 107 73 39 393
960.0 69 100 104 67 40 380
965.0 77 101 101 65 38 382
970.0 76 96 109 51 41 373
975.0 79 93 110 51 41 374
980.0 80 94 103 52 42 371
985.0 80 95 103 49 42 369
990.0 81 89 115 43 38 366
995.0 86 86 116 40 35 363
1000.0 94 89 115 36 36 370
1005.0 99 82 114 45 38 378
1010.0 87 84 111 41 41 364
1015.0 95 93 102 45 40 375
1020.0 100 89 89 46 39 363
1025.0 99 92 95 41 41 368
1030.0 97 89 105 43 39 373
1035.0 97 89 101 44 37 368
1040.0 96 91 102 46 41 376
1045.0 91 90 104 49 43 377
1050.0 91 86 113 55 43 388
1055.0 89 94 118 49 40 390
1060.0 87 107 126 52 39 411
1065.0 82 111 126 55 39 413
1070.0 88 119 120 54 37 418
1075.0 86 117 123 53 38 417
1080.0 88 111 113 54 41 407
1085.0 89 106 123 53 42 413
1090.0 87 117 131 46 44 425
1095.0 87 115 136 47 47 432
1100.0 75 119 137 52 45 428
1105.0 79 113 134 48 49 423
1110.0 83 119 131 42 48 423
1115.0 81 113 131 40 46 411
1120.0 73 111 129 45 46 404
1125.0 74 105 133 50 47 409
1130.0 81 106 141 48 45 421
1135.0 94 109 129 43 44 419
1140.0 99 107 132 38 46 422
1145.0 96 105 136 40 44 421
1150.0 91 112 126 43 42 414
1155.0 87 110 119 43 41 400
1160.0 77 109 118 47 37 388
1165.0 75 104 114 49 37 379
1170.0 75 105 99 47 36 362
1175.0 73 101 98 47 34 353
1180.0 71 97 93 43 34 338
1185.0 73 89 90 46 36 334
1190.0 73 87 93 43 33 329
1195.0 68 82 94 45 32 321
1200.0 62 82 103 44 30 321
1205.0 61 85 97 35 30 308
1210.0 58 78 94 42 31 303
1215.0 61 69 81 39 32 282
1220.0 59 63 84 36 30 272
1225.0 58 61 75 38 31 263
1230.0 56 61 69 33 30 249
1235.0 54 65 61 29 25 234
1240.0 50 63 59 29 25 226
1245.0 45 58 54 28 23 208
1250.0 36 54 46 27 24 187
1255.0 35 47 49 29 21 181
1260.0 39 44 45 26 21 175
1265.0 37 37 40 21 19 154
1270.0 35 32 34 21 18 140
1275.0 34 31 29 23 18 135
1280.0 29 34 27 24 16 130
1285.0 25 32 24 21 15 117
1290.0 26 37 19 18 13 113
1295.0 17 33 18 14 9 91
1300.0 16 25 19 13 9 82
1305.0 20 24 16 11 6 77
1310.0 17 19 11 11 8 66
1315.0 16 16 12 12 6 62
1320.0 16 11 15 11 6 59
1325.0 16 8 13 11 5 53
1330.0 16 8 11 10 3 48
1335.0 12 7 12 7 1 39
1340.0 14 6 9 6 1 36
1345.0 13 7 8 5 1 34
1350.0 8 3 9 7 1 28
1355.0 4 1 8 7 1 21
1360.0 4 1 9 7 1 22
1365.0 6 0 8 6 1 21
1370.0 5 0 8 6 2 21
1375.0 6 1 5 4 2 18
1380.0 6 1 5 3 2 17
1385.0 8 1 1 2 2 14
1390.0 7 1 1 2 2 13
1395.0 7 1 1 2 2 13
1400.0 6 1 1 2 1 11
1405.0 5 1 0 2 2 10
1410.0 4 1 1 1 3 10
1415.0 4 1 1 1 3 10
1420.0 4 0 0 1 3 8
1425.0 2 1 0 1 2 6
1430.0 2 0 0 1 2 5
1435.0 1 0 0 0 1 2
