5.0 0 0 0 0 0 0
10.0 0 0 0 0 0 0
15.0 0 0 0 0 0 0
20.0 0 0 0 0 0 0
25.0 0 0 0 0 0 0
30.0 0 0 0 0 0 0
35.0 0 0 0 0 0 0
40.0 0 0 0 0 0 0
45.0 0 0 0 0 0 0
50.0 0 0 0 0 0 0
55.0 0 0 0 0 0 0
60.0 0 0 0 0 0 0
65.0 0 0 0 0 0 0
70.0 0 0 0 0 0 0
75.0 0 0 0 0 0 0
80.0 0 0 0 0 0 0
85.0 0 0 0 0 0 0
90.0 0 0 0 0 0 0
95.0 0 0 0 0 0 0
100.0 0 0 0 0 0 0
105.0 0 0 0 0 0 0
110.0 0 0 0 0 0 0
115.0 0 0 0 0 0 0
120.0 0 0 0 0 0 0
125.0 0 0 0 0 0 0
130.0 0 0 0 0 0 0
135.0 0 0 0 0 0 0
140.0 0 0 0 0 0 0
145.0 0 0 0 0 0 0
150.0 0 0 0 0 0 0
155.0 0 0 0 0 0 0
160.0 0 0 0 0 0 0
165.0 0 0 0 0 0 0
170.0 0 0 0 0 0 0
175.0 0 0 0 0 0 0
180.0 0 0 0 0 0 0
185.0 0 0 0 0 0 0
190.0 0 0 0 0 0 0
195.0 0 0 0 0 0 0
200.0 0 0 0 0 0 0
205.0 0 0 0 0 0 0
210.0 0 0 0 0 0 0
215.0 0 0 0 0 0 0
220.0 0 0 0 0 0 0
225.0 0 0 0 0 0 0
230.0 0 0 0 0 0 0
235.0 0 0 0 0 0 0
240.0 0 0 0 0 0 0
245.0 0 0 0 0 0 0
250.0 0 0 0 0 0 0
255.0 0 0 0 0 0 0
260.0 0 0 0 0 0 0
265.0 0 0 0 0 0 0
270.0 0 0 0 0 0 0
275.0 0 0 0 0 0 0
280.0 0 0 0 0 0 0
285.0 0 0 0 0 0 0
290.0 0 0 0 0 0 0
295.0 0 0 0 0 0 0
300.0 0 0 0 0 0 0
305.0 0 0 0 0 1 1
310.0 0 0 0 0 1 1
315.0 0 0 0 0 1 1
320.0 0 0 0 0 1 1
325.0 1 0 0 0 1 2
330.0 1 0 0 0 1 2
335.0 1 0 0 0 1 2
340.0 0 0 0 0 1 1
345.0 0 0 0 0 1 1
350.0 0 1 0 0 1 2
355.0 0 1 0 0 1 2
360.0 0 2 0 0 2 4
365.0 1 2 0 0 2 5
370.0 4 1 0 2 2 9
375.0 3 1 0 2 2 8
380.0 3 1 0 2 2 8
385.0 2 1 1 2 2 8
390.0 3 1 1 2 1 8
395.0 3 2 1 2 1 9
400.0 3 2 1 2 1 9
405.0 4 2 1 3 1 11
410.0 4 2 0 3 1 10
415.0 4 3 1 3 1 12
420.0 4 3 1 3 1 12
425.0 4 2 1 3 1 11
430.0 3 4 2 4 1 14
435.0 3 4 3 3 1 14
440.0 2 2 5 4 1 14
445.0 2 4 5 4 2 17
450.0 1 5 4 4 3 17
455.0 1 5 5 5 3 19
460.0 1 6 7 5 3 22
465.0 1 6 7 6 3 23
470.0 1 8 6 6 4 25
475.0 1 9 4 5 4 23
480.0 2 8 5 5 4 24
485.0 4 8 5 5 4 26
490.0 6 6 9 5 4 30
495.0 6 6 10 4 5 31
500.0 7 7 12 4 5 35
505.0 7 8 15 2 3 35
510.0 7 11 16 2 3 39
515.0 6 10 16 2 4 38
520.0 6 7 16 2 4 35
525.0 11 8 13 3 5 40
530.0 10 7 14 4 6 41
535.0 12 9 16 3 8 48
540.0 11 12 17 2 7 49
545.0 13 11 18 3 9 54
550.0 15 12 20 3 10 60
555.0 14 13 18 7 11 63
560.0 17 13 19 7 11 67
565.0 16 13 19 8 10 66
570.0 20 12 23 8 9 72
575.0 17 13 21 9 9 69
580.0 18 12 21 10 9 70
585.0 17 12 19 9 7 64
590.0 19 13 20 10 6 68
595.0 17 13 21 13 7 71
600.0 15 12 20 13 6 66
605.0 12 11 20 14 6 63
610.0 14 9 21 13 3 60
615.0 14 8 18 13 3 56
620.0 17 13 18 12 3 63
625.0 19 13 19 10 4 65
630.0 19 16 19 9 5 68
635.0 19 20 20 10 8 77
640.0 19 20 21 9 8 77
645.0 17 19 19 11 8 74
650.0 14 21 23 10 10 78
655.0 14 21 18 11 10 74
660.0 13 20 16 13 10 72
665.0 16 18 15 14 10 73
670.0 17 19 16 14 11 77
675.0 17 17 19 10 11 74
680.0 16 15 21 7 11 70
685.0 17 16 19 7 11 70
690.0 18 12 22 7 13 72
695.0 19 10 26 8 13 76
700.0 20 10 26 9 10 75
705.0 22 10 22 10 8 72
710.0 20 9 23 10 9 71
715.0 17 7 23 8 10 65
720.0 15 7 20 9 9 60
725.0 14 8 18 7 9 56
730.0 16 6 14 7 9 52
735.0 16 9 12 5 7 49
740.0 13 10 9 4 7 43
745.0 14 11 10 3 6 44
750.0 11 9 10 5 6 41
755.0 12 8 10 6 7 43
760.0 11 9 9 6 8 43
765.0 9 10 11 7 8 45
770.0 6 12 10 7 9 44
775.0 9 12 11 6 9 47
780.0 9 12 13 6 10 50
785.0 9 11 12 7 9 48
790.0 10 12 14 6 8 50
795.0 11 13 11 6 9 50
800.0 11 12 16 5 6 50
805.0 14 12 19 4 6 55
810.0 12 12 20 3 6 53
815.0 13 10 18 3 5 49
820.0 14 9 17 3 6 49
825.0 15 11 17 4 6 53
830.0 12 11 18 4 6 51
835.0 12 13 18 2 6 51
840.0 14 12 20 2 6 54
845.0 15 10 22 5 5 57
850.0 17 11 20 6 5 59
855.0 18 10 21 5 5 59
860.0 19 9 23 5 4 60
865.0 22 10 22 4 4 62
870.0 22 11 21 5 4 63
875.0 20 11 21 4 4 60
880.0 20 11 20 5 4 60
885.0 20 9 19 6 5 59
890.0 17 9 17 8 4 55
895.0 17 11 19 7 4 58
900.0 17 11 19 8 6 61
905.0 17 11 21 10 6 65
910.0 15 8 22 10 6 61
915.0 16 7 19 8 7 57
920.0 16 10 18 6 6 56
925.0 15 14 16 5 6 56
930.0 19 15 14 4 6 58
935.0 23 11 13 6 6 59
940.0 23 10 12 5 7 57
945.0 24 11 15 5 7 62
950.0 24 10 14 4 7 59
955.0 21 10 13 4 7 55
960.0 18 10 15 4 7 54
965.0 17 9 17 6 7 56
970.0 15 8 16 7 6 52
975.0 15 8 16 9 6 54
980.0 13 10 18 8 8 57
985.0 11 13 21 8 8 61
990.0 13 13 19 8 8 61
995.0 16 12 22 8 7 65
1000.0 17 13 20 8 7 65
1005.0 17 14 19 9 7 66
1010.0 17 18 19 9 7 70
1015.0 16 16 17 10 8 67
1020.0 16 16 18 8 8 66
1025.0 18 19 21 6 8 72
1030.0 14 19 24 6 9 72
1035.0 14 19 24 5 9 71
1040.0 14 21 23 6 8 72
1045.0 16 18 19 5 8 66
1050.0 16 17 19 7 8 67
1055.0 16 19 20 7 9 71
1060.0 14 21 20 8 10 73
1065.0 12 21 22 7 9 71
1070.0 14 21 21 8 9 73
1075.0 17 21 16 7 9 70
1080.0 16 21 15 4 8 64
1085.0 15 25 16 6 7 69
1090.0 14 20 18 9 7 68
1095.0 15 15 19 10 8 67
1100.0 16 16 18 9 8 67
1105.0 19 13 16 10 7 65
1110.0 22 14 17 8 7 68
1115.0 23 14 21 9 6 73
1120.0 23 16 23 6 4 72
1125.0 24 18 21 6 5 74
1130.0 23 20 19 7 7 76
1135.0 22 19 21 10 7 79
1140.0 25 15 29 8 8 85
1145.0 23 12 34 13 8 90
1150.0 21 16 35 10 9 91
1155.0 23 21 38 12 10 104
1160.0 18 20 37 12 8 95
1165.0 18 20 37 12 8 95
1170.0 23 21 39 10 7 100
1175.0 21 19 39 13 7 99
1180.0 20 17 35 12 7 91
1185.0 18 13 35 14 9 89
1190.0 13 13 29 14 9 78
1195.0 10 15 27 11 9 72
1200.0 10 15 22 12 9 68
1205.0 13 15 21 9 8 66
1210.0 13 15 17 9 7 61
1215.0 14 16 15 8 6 59
1220.0 13 17 16 9 5 60
1225.0 15 18 16 10 3 62
1230.0 10 18 16 13 3 60
1235.0 11 15 12 12 3 53
1240.0 14 13 9 9 3 48
1245.0 16 11 9 9 3 48
1250.0 15 11 12 7 3 48
1255.0 14 9 10 7 3 43
1260.0 11 8 11 7 4 41
1265.0 12 7 10 6 2 37
1270.0 13 8 9 7 2 39
1275.0 13 8 10 6 2 39
1280.0 13 8 8 7 1 37
1285.0 11 10 5 6 1 33
1290.0 7 10 3 5 1 26
1295.0 6 8 4 2 1 21
1300.0 3 7 4 3 1 18
1305.0 3 7 4 4 1 19
1310.0 3 5 3 4 1 16
1315.0 3 4 3 4 1 15
1320.0 1 3 2 4 1 11
1325.0 2 4 1 3 1 11
1330.0 5 4 1 1 1 12
1335.0 4 3 1 1 2 11
1340.0 3 2 2 2 2 11
1345.0 1 2 3 1 2 9
1350.0 1 2 2 1 2 8
1355.0 1 1 1 1 2 6
1360.0 1 1 0 1 2 5
1365.0 0 1 0 3 2 6
1370.0 0 0 0 3 1 4
1375.0 0 0 0 3 1 4
1380.0 0 0 0 3 0 3
1385.0 0 0 0 2 0 2
1390.0 0 0 0 1 0 1
1395.0 0 0 0 1 0 1
1400.0 0 0 0 0 0 0
1405.0 0 0 0 0 0 0
1410.0 0 0 0 0 0 0
1415.0 0 0 1 0 0 1
1420.0 0 0 1 0 0 1
1425.0 0 0 0 0 0 0
1430.0 0 0 0 0 0 0
1435.0 0 0 0 0 0 0
