5.0 0 0 0 0 0 0
10.0 0 0 0 0 0 0
15.0 0 0 0 0 0 0
20.0 0 0 0 0 0 0
25.0 0 0 0 0 0 0
30.0 0 0 0 0 0 0
35.0 0 0 0 0 0 0
40.0 0 0 0 0 0 0
45.0 0 0 0 0 0 0
50.0 0 0 0 0 0 0
55.0 0 0 0 0 0 0
60.0 0 0 0 0 0 0
65.0 0 0 0 0 0 0
70.0 0 0 0 0 0 0
75.0 0 0 0 0 0 0
80.0 0 0 0 0 0 0
85.0 0 0 0 0 0 0
90.0 0 0 0 0 0 0
95.0 0 0 0 0 0 0
100.0 0 0 0 0 0 0
105.0 0 0 0 0 0 0
110.0 0 0 0 0 0 0
115.0 0 0 0 0 0 0
120.0 0 0 0 0 0 0
125.0 0 0 0 0 0 0
130.0 0 0 0 0 0 0
135.0 0 0 0 0 0 0
140.0 0 0 0 0 0 0
145.0 0 0 0 0 0 0
150.0 0 0 0 0 0 0
155.0 0 0 0 0 0 0
160.0 0 0 0 0 0 0
165.0 0 0 0 0 0 0
170.0 0 0 0 0 0 0
175.0 0 0 0 0 0 0
180.0 0 0 0 0 0 0
185.0 0 0 0 0 0 0
190.0 0 0 0 0 0 0
195.0 0 0 0 0 0 0
200.0 0 0 0 0 0 0
205.0 0 0 0 0 0 0
210.0 0 0 0 0 0 0
215.0 0 0 0 0 0 0
220.0 0 0 0 0 0 0
225.0 0 0 0 0 0 0
230.0 0 0 0 0 0 0
235.0 0 0 0 0 0 0
240.0 0 0 0 0 0 0
245.0 0 0 0 0 0 0
250.0 0 0 0 0 0 0
255.0 0 0 0 0 0 0
260.0 0 0 0 0 0 0
265.0 0 0 0 0 0 0
270.0 0 0 0 0 0 0
275.0 0 0 0 0 0 0
280.0 0 0 0 0 0 0
285.0 0 0 0 0 0 0
290.0 0 0 0 0 0 0
295.0 0 0 0 0 0 0
300.0 0 0 0 0 0 0
305.0 0 0 0 0 0 0
310.0 0 0 0 0 0 0
315.0 0 0 0 0 0 0
320.0 0 0 0 0 0 0
325.0 0 0 0 0 0 0
330.0 0 0 0 0 0 0
335.0 0 0 0 0 0 0
340.0 0 0 0 1 0 1
345.0 0 0 0 1 0 1
350.0 0 0 0 1 0 1
355.0 0 0 0 1 0 1
360.0 0 0 0 2 0 2
365.0 0 0 0 2 0 2
370.0 0 1 0 1 0 2
375.0 0 1 0 1 0 2
380.0 0 1 0 1 0 2
385.0 0 1 0 1 0 2
390.0 0 0 0 1 0 1
395.0 0 0 0 1 0 1
400.0 1 0 0 1 0 2
405.0 1 0 0 1 0 2
410.0 3 1 0 0 0 4
415.0 3 1 0 2 0 6
420.0 3 1 0 2 0 6
425.0 3 0 0 2 0 5
430.0 2 0 1 2 0 5
435.0 3 0 1 2 0 6
440.0 3 0 1 2 0 6
445.0 4 0 2 2 0 8
450.0 4 0 2 2 0 8
455.0 3 0 3 3 0 9
460.0 4 0 4 3 0 11
465.0 4 0 5 4 2 15
470.0 4 0 7 4 2 17
475.0 5 1 7 5 2 20
480.0 4 1 8 5 2 20
485.0 5 2 8 5 2 22
490.0 5 2 8 6 2 23
495.0 4 2 9 6 3 24
500.0 3 3 10 5 3 24
505.0 4 4 9 5 3 25
510.0 5 2 11 6 2 26
515.0 5 2 8 5 2 22
520.0 4 5 8 5 2 24
525.0 4 5 10 4 2 25
530.0 4 6 10 4 3 27
535.0 4 7 9 4 5 29
540.0 5 8 7 5 5 30
545.0 4 9 9 5 5 32
550.0 5 8 8 8 5 34
555.0 4 8 8 9 5 34
560.0 6 9 7 9 6 37
565.0 7 6 7 7 7 34
570.0 8 6 8 6 6 34
575.0 11 6 7 7 7 38
580.0 11 7 6 6 7 37
585.0 12 6 4 6 7 35
590.0 13 6 4 4 7 34
595.0 10 7 5 6 5 33
600.0 7 11 3 7 5 33
605.0 7 11 8 6 5 37
610.0 7 11 9 6 6 39
615.0 9 11 9 8 5 42
620.0 9 10 9 8 5 41
625.0 9 9 10 9 6 43
630.0 7 12 11 8 5 43
635.0 7 10 13 8 4 42
640.0 9 12 11 8 4 44
645.0 9 12 11 8 6 46
650.0 9 10 11 10 5 45
655.0 9 10 10 9 5 43
660.0 9 10 11 7 4 41
665.0 10 10 12 6 4 42
670.0 10 9 14 6 4 43
675.0 9 7 14 6 4 40
680.0 11 6 12 4 5 38
685.0 9 5 11 5 4 34
690.0 8 6 7 6 5 32
695.0 8 7 6 6 5 32
700.0 8 6 7 6 4 31
705.0 8 8 6 7 4 33
710.0 8 8 6 8 3 33
715.0 6 9 6 7 3 31
720.0 8 7 8 6 3 32
725.0 9 5 11 5 3 33
730.0 9 7 9 4 4 33
735.0 9 7 8 5 4 33
740.0 11 7 7 5 4 34
745.0 11 7 6 6 4 34
750.0 12 5 6 5 4 32
755.0 10 4 3 6 4 27
760.0 9 5 5 6 4 29
765.0 8 5 5 5 3 26
770.0 7 4 5 6 3 25
775.0 7 3 5 6 3 24
780.0 8 4 5 6 3 26
785.0 8 4 3 6 4 25
790.0 7 4 3 5 4 23
795.0 8 5 4 5 4 26
800.0 6 5 7 5 4 27
805.0 7 6 7 4 3 27
810.0 6 4 7 4 3 24
815.0 6 5 8 5 3 27
820.0 6 6 8 5 3 28
825.0 7 7 7 5 3 29
830.0 4 5 7 7 3 26
835.0 2 6 8 7 3 26
840.0 3 6 9 6 4 28
845.0 3 5 10 8 3 29
850.0 3 5 11 6 3 28
855.0 5 5 10 6 3 29
860.0 7 5 9 4 4 29
865.0 7 6 6 4 4 27
870.0 10 7 4 3 4 28
875.0 10 7 6 3 3 29
880.0 10 6 8 3 3 30
885.0 8 5 12 5 3 33
890.0 8 5 11 6 3 33
895.0 8 4 9 7 2 30
900.0 9 1 9 7 2 28
905.0 9 2 11 5 3 30
910.0 11 1 10 4 3 29
915.0 11 3 6 4 4 28
920.0 12 3 7 4 4 30
925.0 10 4 8 5 4 31
930.0 9 4 8 5 4 30
935.0 9 4 7 3 4 27
940.0 10 5 6 3 4 28
945.0 9 5 7 3 4 28
950.0 9 5 8 3 5 30
955.0 8 5 11 3 5 32
960.0 10 5 11 3 5 34
965.0 8 5 11 2 5 31
970.0 9 6 10 2 5 32
975.0 8 6 11 2 4 31
980.0 7 5 14 2 4 32
985.0 7 5 14 2 4 32
990.0 6 5 9 2 4 26
995.0 5 7 9 1 5 27
1000.0 4 7 7 2 5 25
1005.0 4 7 11 2 5 29
1010.0 4 7 10 2 5 28
1015.0 4 6 9 2 5 26
1020.0 4 6 12 2 7 31
1025.0 4 9 12 2 7 34
1030.0 4 8 11 2 7 32
1035.0 4 7 10 2 7 30
1040.0 5 9 9 1 8 32
1045.0 7 9 10 1 7 34
1050.0 10 8 12 1 8 39
1055.0 13 9 12 1 8 43
1060.0 12 10 9 1 8 40
1065.0 9 9 11 3 7 39
1070.0 7 8 10 4 7 36
1075.0 8 8 11 4 7 38
1080.0 6 8 12 6 6 38
1085.0 7 8 13 4 6 38
1090.0 6 9 13 3 6 37
1095.0 11 7 12 2 7 39
1100.0 10 8 10 4 6 38
1105.0 13 9 10 5 4 41
1110.0 11 8 9 5 4 37
1115.0 11 5 10 6 4 36
1120.0 12 6 8 7 5 38
1125.0 12 5 10 9 5 41
1130.0 9 6 9 7 5 36
1135.0 8 9 6 6 5 34
1140.0 8 7 8 5 5 33
1145.0 8 9 12 4 5 38
1150.0 7 10 11 4 5 37
1155.0 8 10 12 3 6 39
1160.0 8 8 13 3 6 38
1165.0 7 8 11 5 7 38
1170.0 6 8 12 4 7 37
1175.0 6 5 11 5 7 34
1180.0 4 6 10 4 8 32
1185.0 4 7 12 4 8 35
1190.0 3 7 12 5 8 35
1195.0 3 6 14 3 8 34
1200.0 4 7 13 2 8 34
1205.0 3 6 14 2 8 33
1210.0 4 6 12 2 6 30
1215.0 4 6 12 3 5 30
1220.0 5 5 9 3 5 27
1225.0 5 5 9 2 5 26
1230.0 3 7 8 2 6 26
1235.0 2 8 7 4 6 27
1240.0 2 7 7 4 6 26
1245.0 3 8 7 4 5 27
1250.0 5 7 5 5 5 27
1255.0 6 5 3 5 5 24
1260.0 5 5 3 3 5 21
1265.0 4 5 3 3 5 20
1270.0 4 4 3 3 4 18
1275.0 4 4 2 4 3 17
1280.0 6 4 3 4 2 19
1285.0 3 4 3 6 2 18
1290.0 2 4 1 6 1 14
1295.0 3 3 1 6 1 14
1300.0 2 1 2 6 1 12
1305.0 2 0 1 6 1 10
1310.0 4 0 2 5 1 12
1315.0 4 0 2 4 1 11
1320.0 4 0 2 3 1 10
1325.0 3 0 2 3 1 9
1330.0 3 0 2 3 1 9
1335.0 3 0 2 2 1 8
1340.0 2 0 1 2 1 6
1345.0 2 0 1 2 0 5
1350.0 1 1 1 1 1 5
1355.0 0 1 1 0 1 3
1360.0 0 1 1 0 2 4
1365.0 0 1 1 0 1 3
1370.0 0 1 1 0 1 3
1375.0 0 1 0 0 0 1
1380.0 0 1 0 0 0 1
1385.0 0 1 0 0 0 1
1390.0 0 1 0 0 1 2
1395.0 0 0 0 0 1 1
1400.0 0 0 0 0 1 1
1405.0 0 0 0 0 1 1
1410.0 0 0 1 0 1 2
1415.0 0 0 1 0 0 1
1420.0 0 0 1 0 0 1
1425.0 0 1 1 0 0 2
1430.0 0 1 1 0 0 2
1435.0 0 2 0 0 0 2
