5.0 0 0 0 0 0 0
10.0 0 0 0 0 0 0
15.0 0 0 0 0 0 0
20.0 0 0 0 0 0 0
25.0 0 0 0 0 0 0
30.0 0 0 0 0 0 0
35.0 0 0 0 0 0 0
40.0 0 0 0 0 0 0
45.0 0 0 0 0 0 0
50.0 0 0 0 0 0 0
55.0 0 0 0 0 0 0
60.0 0 0 0 0 0 0
65.0 0 0 0 0 0 0
70.0 0 0 0 0 0 0
75.0 0 0 0 0 0 0
80.0 0 0 0 0 0 0
85.0 0 0 0 0 0 0
90.0 0 0 0 0 0 0
95.0 0 0 0 0 0 0
100.0 0 0 0 0 0 0
105.0 0 0 0 0 0 0
110.0 0 0 0 0 0 0
115.0 0 0 0 0 0 0
120.0 0 0 0 0 0 0
125.0 0 0 0 0 0 0
130.0 0 0 0 0 0 0
135.0 0 0 0 0 0 0
140.0 0 0 0 0 0 0
145.0 0 0 0 0 0 0
150.0 0 0 0 0 0 0
155.0 0 0 0 0 0 0
160.0 0 0 0 0 0 0
165.0 0 0 0 0 0 0
170.0 0 0 0 0 0 0
175.0 0 0 0 0 0 0
180.0 0 0 0 0 0 0
185.0 0 0 0 0 0 0
190.0 0 0 0 0 0 0
195.0 0 0 0 0 0 0
200.0 0 0 0 0 0 0
205.0 0 0 0 0 0 0
210.0 0 0 0 0 0 0
215.0 0 0 0 0 0 0
220.0 0 0 0 0 0 0
225.0 0 0 0 0 0 0
230.0 0 0 0 0 0 0
235.0 0 0 0 0 0 0
240.0 0 0 0 0 0 0
245.0 0 0 0 0 0 0
250.0 0 0 0 0 0 0
255.0 0 0 0 0 0 0
260.0 0 0 0 0 0 0
265.0 0 0 0 0 0 0
270.0 0 0 0 0 0 0
275.0 0 0 0 0 0 0
280.0 0 0 0 0 0 0
285.0 0 0 0 0 0 0
290.0 0 0 0 0 0 0
295.0 0 0 0 0 0 0
300.0 0 0 0 0 0 0
305.0 0 0 0 0 0 0
310.0 0 0 0 0 0 0
315.0 0 0 0 0 0 0
320.0 0 0 0 0 0 0
325.0 0 0 0 0 0 0
330.0 0 0 0 0 0 0
335.0 0 0 0 0 0 0
340.0 0 0 1 0 0 1
345.0 0 0 1 0 0 1
350.0 0 0 1 1 0 2
355.0 0 0 1 1 0 2
360.0 0 0 1 1 0 2
365.0 1 0 0 1 0 2
370.0 1 0 0 1 0 2
375.0 2 0 0 0 0 2
380.0 2 0 0 0 0 2
385.0 2 0 0 0 0 2
390.0 1 0 0 0 0 1
395.0 0 0 0 0 0 0
400.0 0 0 0 0 0 0
405.0 0 0 0 1 0 1
410.0 0 1 0 1 0 2
415.0 0 1 0 1 0 2
420.0 0 0 1 1 0 2
425.0 0 0 1 1 0 2
430.0 1 0 1 1 0 3
435.0 1 0 1 1 0 3
440.0 1 0 1 1 0 3
445.0 1 0 1 1 0 3
450.0 1 0 1 1 0 3
455.0 2 0 1 0 0 3
460.0 2 0 1 0 0 3
465.0 3 0 0 0 0 3
470.0 2 0 1 0 0 3
475.0 2 0 2 0 0 4
480.0 1 0 2 0 1 4
485.0 2 1 2 0 1 6
490.0 2 1 3 0 1 7
495.0 3 2 2 0 1 8
500.0 4 2 2 0 1 9
505.0 4 2 3 0 1 10
510.0 4 2 3 0 0 9
515.0 6 2 5 0 0 13
520.0 6 3 4 0 1 14
525.0 6 3 3 0 1 13
530.0 6 2 5 0 2 15
535.0 4 1 8 0 2 15
540.0 4 2 7 0 2 15
545.0 4 3 7 0 2 16
550.0 4 4 9 0 2 19
555.0 2 5 9 2 2 20
560.0 3 5 9 2 1 20
565.0 4 6 9 1 1 21
570.0 3 5 7 1 1 17
575.0 3 6 4 2 2 17
580.0 3 6 4 3 2 18
585.0 4 7 6 3 2 22
590.0 6 7 8 3 1 25
595.0 6 9 7 2 1 25
600.0 5 7 7 3 1 23
605.0 4 7 8 4 1 24
610.0 3 8 7 4 0 22
615.0 2 6 9 4 0 21
620.0 5 5 7 3 0 20
625.0 7 4 6 3 0 20
630.0 8 4 6 3 0 21
635.0 6 4 5 3 0 18
640.0 6 3 7 3 0 19
645.0 3 3 5 4 0 15
650.0 2 5 6 4 0 17
655.0 2 4 4 4 2 16
660.0 1 3 5 3 3 15
665.0 1 4 4 3 3 15
670.0 2 3 4 3 3 15
675.0 3 3 3 3 2 14
680.0 3 3 2 3 1 12
685.0 4 3 2 3 1 13
690.0 3 3 2 1 1 10
695.0 3 2 3 1 1 10
700.0 2 2 4 0 1 9
705.0 2 2 4 0 1 9
710.0 4 2 5 0 1 12
715.0 5 2 5 1 1 14
720.0 5 2 5 2 2 16
725.0 5 2 5 2 2 16
730.0 4 2 6 2 3 17
735.0 3 1 6 2 3 15
740.0 3 1 5 2 3 14
745.0 3 2 3 2 3 13
750.0 3 3 2 1 3 12
755.0 4 3 2 1 2 12
760.0 2 4 3 1 2 12
765.0 2 4 3 1 2 12
770.0 1 4 2 1 2 10
775.0 0 5 2 2 3 12
780.0 0 4 3 2 3 12
785.0 0 5 4 2 3 14
790.0 1 5 6 2 2 16
795.0 1 6 6 2 3 18
800.0 1 6 5 2 3 17
805.0 1 5 5 2 3 16
810.0 2 5 4 2 1 14
815.0 3 3 5 1 1 13
820.0 6 2 4 1 1 14
825.0 4 3 4 1 1 13
830.0 3 3 4 1 1 12
835.0 2 3 4 1 1 11
840.0 3 2 5 2 1 13
845.0 4 2 5 2 1 14
850.0 2 3 5 3 1 14
855.0 2 3 5 3 1 14
860.0 3 2 4 3 0 12
865.0 3 2 4 4 0 13
870.0 2 2 5 5 0 14
875.0 2 3 4 5 1 15
880.0 3 2 5 4 2 16
885.0 4 4 4 3 2 17
890.0 3 6 4 2 2 17
895.0 2 9 4 1 2 18
900.0 2 9 4 1 3 19
905.0 2 9 4 1 4 20
910.0 2 7 4 0 4 17
915.0 1 7 3 0 3 14
920.0 1 7 3 0 2 13
925.0 1 6 3 0 2 12
930.0 2 6 5 0 2 15
935.0 1 6 6 1 2 16
940.0 1 6 4 2 2 15
945.0 1 6 3 3 1 14
950.0 1 6 3 2 0 12
955.0 1 5 3 1 0 10
960.0 2 5 3 0 0 10
965.0 3 4 3 0 1 11
970.0 3 4 3 0 1 11
975.0 5 3 4 0 1 13
980.0 3 5 4 0 1 13
985.0 2 5 4 1 1 13
990.0 1 6 4 1 1 13
995.0 1 5 5 1 1 13
1000.0 1 4 3 1 2 11
1005.0 1 2 5 1 2 11
1010.0 0 3 4 2 2 11
1015.0 1 4 3 3 2 13
1020.0 1 3 3 3 1 11
1025.0 0 3 3 3 1 10
1030.0 1 3 3 4 1 12
1035.0 2 4 4 3 0 13
1040.0 2 4 5 3 0 14
1045.0 3 3 5 3 0 14
1050.0 3 4 6 2 0 15
1055.0 2 3 7 2 1 15
1060.0 3 3 7 2 1 16
1065.0 2 4 7 2 1 16
1070.0 2 3 6 2 1 14
1075.0 1 4 6 3 1 15
1080.0 1 3 5 3 1 13
1085.0 1 5 6 3 1 16
1090.0 1 3 7 3 1 15
1095.0 2 4 7 2 1 16
1100.0 2 3 6 0 2 13
1105.0 2 3 6 0 2 13
1110.0 2 3 6 0 2 13
1115.0 3 4 7 0 3 17
1120.0 5 4 6 0 4 19
1125.0 6 5 6 0 4 21
1130.0 4 4 6 1 3 18
1135.0 4 4 5 1 2 16
1140.0 4 4 5 2 2 17
1145.0 6 4 5 2 3 20
1150.0 5 3 5 2 4 19
1155.0 6 3 4 2 4 19
1160.0 6 2 4 2 4 18
1165.0 5 4 5 0 5 19
1170.0 4 4 6 1 4 19
1175.0 4 5 4 0 4 17
1180.0 4 7 4 1 4 20
1185.0 4 7 4 2 4 21
1190.0 4 6 3 3 4 20
1195.0 3 8 2 3 4 20
1200.0 3 8 2 3 4 20
1205.0 5 8 1 1 4 19
1210.0 2 8 2 1 1 14
1215.0 2 8 4 1 1 16
1220.0 5 5 5 1 1 17
1225.0 4 5 5 1 1 16
1230.0 4 4 3 1 1 13
1235.0 4 4 4 0 1 13
1240.0 1 4 5 1 1 12
1245.0 1 3 5 1 2 12
1250.0 1 3 5 1 1 11
1255.0 1 4 5 2 1 13
1260.0 1 4 4 2 0 11
1265.0 0 4 4 2 0 10
1270.0 1 3 4 2 0 10
1275.0 0 4 5 2 0 11
1280.0 0 2 3 4 0 9
1285.0 0 2 3 4 0 9
1290.0 0 2 3 3 0 8
1295.0 2 1 2 1 0 6
1300.0 2 2 2 1 0 7
1305.0 1 2 2 0 0 5
1310.0 1 2 1 0 0 4
1315.0 1 2 1 0 0 4
1320.0 1 2 1 0 0 4
1325.0 1 2 1 0 0 4
1330.0 1 2 1 0 0 4
1335.0 0 2 1 0 0 3
1340.0 0 2 0 0 0 2
1345.0 0 1 0 0 0 1
1350.0 1 0 0 0 0 1
1355.0 1 0 0 0 0 1
1360.0 1 0 0 0 0 1
1365.0 1 0 0 1 0 2
1370.0 0 0 0 0 0 0
1375.0 0 0 0 0 0 0
1380.0 0 0 0 0 0 0
1385.0 0 0 0 0 0 0
1390.0 0 0 0 0 0 0
1395.0 0 0 0 0 0 0
1400.0 0 0 0 0 0 0
1405.0 0 0 0 0 0 0
1410.0 0 0 0 0 0 0
1415.0 0 0 0 0 0 0
1420.0 0 0 0 0 0 0
1425.0 0 0 0 0 0 0
1430.0 0 0 0 0 0 0
1435.0 0 0 0 0 0 0
