5.0 0 0 0 0 0 0
10.0 0 0 0 0 0 0
15.0 0 0 0 0 0 0
20.0 0 0 0 0 0 0
25.0 0 0 0 0 0 0
30.0 0 0 0 0 0 0
35.0 0 0 0 0 0 0
40.0 0 0 0 0 0 0
45.0 0 0 0 0 0 0
50.0 0 0 0 0 0 0
55.0 0 0 0 0 0 0
60.0 0 0 0 0 0 0
65.0 0 0 0 0 0 0
70.0 0 0 0 0 0 0
75.0 0 0 0 0 0 0
80.0 0 0 0 0 0 0
85.0 0 0 0 0 0 0
90.0 0 0 0 0 0 0
95.0 0 0 0 0 0 0
100.0 0 0 0 0 0 0
105.0 0 0 0 0 0 0
110.0 0 0 0 0 0 0
115.0 0 0 0 0 0 0
120.0 0 0 0 0 0 0
125.0 0 0 0 0 0 0
130.0 0 0 0 0 0 0
135.0 0 0 0 0 0 0
140.0 0 0 0 0 0 0
145.0 0 0 0 0 0 0
150.0 0 0 0 0 0 0
155.0 0 0 0 0 0 0
160.0 0 0 0 0 0 0
165.0 0 0 0 0 0 0
170.0 0 0 0 0 0 0
175.0 0 0 0 0 0 0
180.0 0 0 0 0 0 0
185.0 0 0 0 0 0 0
190.0 0 0 0 0 0 0
195.0 0 0 0 0 0 0
200.0 0 0 0 0 0 0
205.0 0 0 0 0 0 0
210.0 0 0 0 0 0 0
215.0 0 0 0 0 0 0
220.0 0 0 0 0 0 0
225.0 0 0 0 0 0 0
230.0 0 0 0 0 0 0
235.0 0 0 0 0 0 0
240.0 0 0 0 0 0 0
245.0 0 0 0 0 0 0
250.0 0 0 0 0 0 0
255.0 0 0 0 0 0 0
260.0 0 0 0 0 0 0
265.0 0 0 0 0 0 0
270.0 0 0 0 0 0 0
275.0 0 0 0 0 0 0
280.0 0 0 0 0 0 0
285.0 0 0 0 0 0 0
290.0 0 0 0 0 0 0
295.0 0 0 0 0 0 0
300.0 0 0 0 0 0 0
305.0 0 0 1 0 0 1
310.0 0 0 1 0 0 1
315.0 0 1 1 0 0 2
320.0 0 1 1 0 0 2
325.0 0 1 1 0 0 2
330.0 0 1 0 0 0 1
335.0 0 1 0 0 0 1
340.0 0 1 1 0 0 2
345.0 0 2 1 0 0 3
350.0 0 2 1 0 0 3
355.0 0 2 1 0 0 3
360.0 0 2 1 0 0 3
365.0 0 1 1 0 1 3
370.0 0 1 1 0 1 3
375.0 0 1 1 0 1 3
380.0 1 1 2 0 1 5
385.0 1 1 2 0 1 5
390.0 1 1 2 0 1 5
395.0 2 0 3 0 1 6
400.0 2 1 1 0 1 5
405.0 2 1 1 0 1 5
410.0 2 1 1 0 1 5
415.0 1 2 1 0 1 5
420.0 2 2 2 1 1 8
425.0 1 2 2 1 1 7
430.0 1 3 0 1 2 7
435.0 1 3 1 1 2 8
440.0 2 3 1 2 2 10
445.0 3 2 1 2 2 10
450.0 3 2 2 3 2 12
455.0 3 4 3 3 2 15
460.0 3 5 6 2 2 18
465.0 0 6 8 2 2 18
470.0 2 7 8 1 3 21
475.0 3 8 9 1 3 24
480.0 4 9 12 2 3 30
485.0 4 6 13 2 2 27
490.0 5 6 13 1 2 27
495.0 6 6 12 1 4 29
500.0 7 6 13 1 4 31
505.0 7 7 12 2 4 32
510.0 8 7 13 3 4 35
515.0 7 8 17 3 4 39
520.0 6 11 19 3 4 43
525.0 6 10 18 3 4 41
530.0 6 10 19 2 4 41
535.0 9 10 19 2 3 43
540.0 10 12 20 3 2 47
545.0 11 13 19 3 3 49
550.0 11 14 20 3 3 51
555.0 10 13 24 6 4 57
560.0 12 11 19 8 5 55
565.0 13 13 19 11 4 60
570.0 15 14 17 10 4 60
575.0 16 11 18 10 4 59
580.0 13 13 20 12 4 62
585.0 12 15 20 12 4 63
590.0 10 20 20 10 4 64
595.0 11 22 22 8 5 68
600.0 9 20 23 9 6 67
605.0 10 21 22 8 7 68
610.0 10 21 20 6 7 64
615.0 13 17 20 5 7 62
620.0 13 16 20 3 8 60
625.0 16 17 20 3 7 63
630.0 17 18 18 1 7 61
635.0 14 15 22 3 7 61
640.0 15 16 22 3 7 63
645.0 14 14 23 2 7 60
650.0 14 14 24 2 7 61
655.0 16 12 22 4 8 62
660.0 15 12 22 5 9 63
665.0 16 10 21 7 9 63
670.0 12 13 19 7 11 62
675.0 11 12 18 8 10 59
680.0 9 14 18 9 9 59
685.0 9 14 19 10 8 60
690.0 7 13 21 9 7 57
695.0 8 10 18 10 7 53
700.0 9 10 18 9 7 53
705.0 11 11 16 9 6 53
710.0 10 12 17 6 5 50
715.0 14 10 11 6 5 46
720.0 13 10 11 6 4 44
725.0 13 11 11 6 4 45
730.0 13 13 11 8 4 49
735.0 12 12 12 7 4 47
740.0 13 13 12 5 5 48
745.0 12 13 13 6 6 50
750.0 13 11 11 7 7 49
755.0 12 8 12 7 8 47
760.0 10 9 12 7 8 46
765.0 11 9 12 7 8 47
770.0 10 10 11 5 9 45
775.0 10 11 12 4 9 46
780.0 10 12 16 2 9 49
785.0 11 10 17 4 10 52
790.0 11 11 18 5 9 54
795.0 11 11 17 7 10 56
800.0 10 11 14 7 10 52
805.0 8 11 13 8 10 50
810.0 11 11 13 6 10 51
815.0 11 11 11 6 10 49
820.0 12 10 13 8 10 53
825.0 14 9 12 9 10 54
830.0 14 8 10 9 10 51
835.0 16 11 10 7 8 52
840.0 15 13 12 7 8 55
845.0 16 14 13 5 9 57
850.0 15 15 13 7 9 59
855.0 17 18 14 7 9 65
860.0 17 19 14 7 9 66
865.0 19 18 13 5 9 64
870.0 20 15 10 9 8 62
875.0 18 13 13 10 7 61
880.0 18 15 15 10 7 65
885.0 17 17 20 9 8 71
890.0 18 16 25 9 8 76
895.0 15 16 26 11 7 75
900.0 20 18 24 8 7 77
905.0 17 21 23 7 6 74
910.0 15 21 24 7 5 72
915.0 16 23 23 8 5 75
920.0 16 20 23 11 6 76
925.0 15 18 23 9 5 70
930.0 14 13 23 11 7 68
935.0 12 12 24 10 6 64
940.0 15 13 24 10 7 69
945.0 16 13 25 10 8 72
950.0 18 11 23 9 9 70
955.0 16 15 27 8 8 74
960.0 17 15 26 8 7 73
965.0 18 16 22 8 8 72
970.0 20 13 18 6 8 65
975.0 20 16 16 9 6 67
980.0 18 18 15 13 7 71
985.0 21 16 17 13 9 76
990.0 24 16 18 13 10 81
995.0 21 16 15 13 8 73
1000.0 14 17 19 16 8 74
1005.0 14 17 23 14 6 74
1010.0 14 19 20 16 7 76
1015.0 18 20 19 13 5 75
1020.0 19 23 16 11 5 74
1025.0 20 22 13 9 6 70
1030.0 14 25 13 8 5 65
1035.0 14 27 15 5 5 66
1040.0 14 26 14 7 7 68
1045.0 13 24 18 7 7 69
1050.0 14 22 18 8 8 70
1055.0 13 22 18 8 8 69
1060.0 13 22 20 10 6 71
1065.0 13 23 18 13 7 74
1070.0 11 24 19 13 8 75
1075.0 15 23 20 11 8 77
1080.0 16 23 19 14 8 80
1085.0 18 21 19 18 8 84
1090.0 17 24 22 16 6 85
1095.0 15 22 27 16 7 87
1100.0 17 21 26 15 6 85
1105.0 14 21 27 15 4 81
1110.0 15 21 26 15 4 81
1115.0 18 21 27 14 3 83
1120.0 18 23 30 16 3 90
1125.0 18 21 27 16 4 86
1130.0 19 22 28 14 5 88
1135.0 17 25 28 17 5 92
1140.0 17 25 26 18 6 92
1145.0 17 26 27 19 5 94
1150.0 16 23 24 17 4 84
1155.0 14 22 26 16 4 82
1160.0 14 24 22 18 4 82
1165.0 16 21 21 13 3 74
1170.0 15 19 23 11 4 72
1175.0 16 24 21 9 3 73
1180.0 14 24 20 10 3 71
1185.0 14 26 21 10 3 74
1190.0 13 24 16 12 2 67
1195.0 12 23 16 11 4 66
1200.0 12 21 15 12 4 64
1205.0 14 15 15 12 4 60
1210.0 16 15 15 13 4 63
1215.0 16 13 16 13 4 62
1220.0 17 13 14 12 3 59
1225.0 16 12 13 10 3 54
1230.0 16 13 11 8 3 51
1235.0 14 10 8 10 3 45
1240.0 12 10 10 7 3 42
1245.0 11 10 10 5 2 38
1250.0 9 7 10 5 2 33
1255.0 7 7 11 4 2 31
1260.0 7 6 8 2 2 25
1265.0 5 7 9 2 2 25
1270.0 4 7 11 1 2 25
1275.0 4 7 10 1 2 24
1280.0 4 7 9 1 2 23
1285.0 4 7 9 1 2 23
1290.0 4 5 9 1 2 21
1295.0 2 6 8 3 2 21
1300.0 2 7 6 4 2 21
1305.0 3 6 6 4 1 20
1310.0 1 5 7 2 1 16
1315.0 1 4 5 3 1 14
1320.0 0 3 4 3 1 11
1325.0 0 3 3 3 1 10
1330.0 0 2 2 4 1 9
1335.0 1 2 2 4 1 10
1340.0 1 2 2 3 1 9
1345.0 1 2 2 3 1 9
1350.0 1 1 2 2 1 7
1355.0 2 2 2 2 1 9
1360.0 3 2 2 1 1 9
1365.0 2 2 2 1 0 7
1370.0 2 1 2 1 0 6
1375.0 2 1 2 1 0 6
1380.0 2 1 2 1 0 6
1385.0 2 1 2 1 0 6
1390.0 0 0 1 0 0 1
1395.0 0 0 1 0 0 1
1400.0 0 0 1 0 0 1
1405.0 0 0 1 0 0 1
1410.0 0 0 1 0 0 1
1415.0 0 0 1 0 0 1
1420.0 0 0 1 0 0 1
1425.0 0 0 1 0 0 1
1430.0 0 0 1 0 0 1
1435.0 0 0 1 0 0 1
