5.0 0 0 0 0 0 0
10.0 0 0 0 0 0 0
15.0 0 0 0 0 0 0
20.0 0 0 0 0 0 0
25.0 0 0 0 0 0 0
30.0 0 0 0 0 0 0
35.0 0 0 0 0 0 0
40.0 0 0 0 0 0 0
45.0 0 0 0 0 0 0
50.0 0 0 0 0 0 0
55.0 0 0 0 0 0 0
60.0 0 0 0 0 0 0
65.0 0 0 0 0 0 0
70.0 0 0 0 0 0 0
75.0 0 0 0 0 0 0
80.0 0 0 0 0 0 0
85.0 0 0 0 0 0 0
90.0 0 0 0 0 0 0
95.0 0 0 0 0 0 0
100.0 0 0 0 0 0 0
105.0 0 0 0 0 0 0
110.0 0 0 0 0 0 0
115.0 0 0 0 0 0 0
120.0 0 0 0 0 0 0
125.0 0 0 0 0 0 0
130.0 0 0 0 0 0 0
135.0 0 0 0 0 0 0
140.0 0 0 0 0 0 0
145.0 0 0 0 0 0 0
150.0 0 0 0 0 0 0
155.0 0 0 0 0 0 0
160.0 0 0 0 0 0 0
165.0 0 0 0 0 0 0
170.0 0 0 0 0 0 0
175.0 0 0 0 0 0 0
180.0 0 0 0 0 0 0
185.0 0 0 0 0 0 0
190.0 0 0 0 0 0 0
195.0 0 0 0 0 0 0
200.0 0 0 0 0 0 0
205.0 0 0 0 0 0 0
210.0 0 0 0 0 0 0
215.0 0 0 0 0 0 0
220.0 0 0 0 0 0 0
225.0 0 0 0 0 0 0
230.0 0 0 0 0 0 0
235.0 0 0 0 0 0 0
240.0 0 0 0 0 0 0
245.0 0 0 0 0 0 0
250.0 0 0 1 0 0 1
255.0 0 0 1 0 0 1
260.0 0 0 1 0 0 1
265.0 0 1 0 0 0 1
270.0 0 1 0 0 0 1
275.0 0 1 0 0 0 1
280.0 0 1 0 0 0 1
285.0 0 0 1 0 0 1
290.0 0 0 1 0 0 1
295.0 0 0 1 0 0 1
300.0 0 0 2 0 0 2
305.0 0 0 2 0 0 2
310.0 0 0 2 0 0 2
315.0 0 0 2 0 0 2
320.0 0 1 4 0 0 5
325.0 0 1 3 0 0 4
330.0 0 1 3 0 0 4
335.0 0 2 3 0 0 5
340.0 1 2 3 1 0 7
345.0 2 4 4 1 0 11
350.0 3 4 5 1 0 13
355.0 3 3 7 2 1 16
360.0 3 3 7 3 1 17
365.0 4 3 9 3 1 20
370.0 5 3 7 5 1 21
375.0 6 3 8 5 1 23
380.0 8 4 11 5 1 29
385.0 8 4 11 6 1 30
390.0 7 4 11 7 3 32
395.0 10 5 12 7 4 38
400.0 12 5 9 8 3 37
405.0 11 2 8 6 2 29
410.0 12 4 8 4 3 31
415.0 14 5 10 3 5 37
420.0 14 8 13 3 6 44
425.0 14 9 14 2 7 46
430.0 15 11 18 2 7 53
435.0 17 11 20 4 7 59
440.0 19 13 22 5 7 66
445.0 20 15 24 6 8 73
450.0 20 17 22 9 8 76
455.0 23 22 20 7 7 79
460.0 26 24 24 8 12 94
465.0 28 24 25 7 10 94
470.0 23 27 31 10 12 103
475.0 23 30 39 13 12 117
480.0 21 29 44 17 14 125
485.0 24 31 48 19 12 134
490.0 24 34 44 21 12 135
495.0 25 34 42 19 16 136
500.0 27 39 46 20 15 147
505.0 30 39 48 22 16 155
510.0 36 46 45 25 18 170
515.0 39 49 47 28 17 180
520.0 37 49 50 28 20 184
525.0 46 49 55 27 22 199
530.0 53 51 57 33 26 220
535.0 55 53 56 36 29 229
540.0 64 48 62 30 30 234
545.0 60 50 70 33 31 244
550.0 67 52 72 32 31 254
555.0 70 51 71 33 32 257
560.0 77 54 66 31 32 260
565.0 83 52 69 37 35 276
570.0 88 53 78 32 35 286
575.0 83 58 83 30 34 288
580.0 86 66 85 35 37 309
585.0 75 63 94 41 37 310
590.0 76 66 93 48 37 320
595.0 70 78 89 49 35 321
600.0 67 82 90 46 33 318
605.0 66 88 93 39 33 319
610.0 70 89 98 35 35 327
615.0 71 83 102 37 33 326
620.0 75 78 97 41 37 328
625.0 76 83 97 45 38 339
630.0 88 88 97 39 38 350
635.0 93 93 91 37 42 356
640.0 89 101 86 36 40 352
645.0 84 100 87 35 39 345
650.0 77 100 85 40 35 337
655.0 72 99 87 44 32 334
660.0 76 94 89 46 35 340
665.0 79 86 95 50 38 348
670.0 81 93 98 49 36 357
675.0 77 93 92 52 35 349
680.0 76 94 96 52 32 350
685.0 78 89 92 47 32 338
690.0 79 87 83 46 33 328
695.0 75 87 75 44 34 315
700.0 73 83 79 46 33 314
705.0 71 74 81 45 33 304
710.0 66 75 81 45 36 303
715.0 66 69 87 37 38 297
720.0 66 68 96 31 34 295
725.0 69 68 92 30 37 296
730.0 72 68 93 28 37 298
735.0 73 73 91 31 39 307
740.0 75 74 83 29 42 303
745.0 72 76 81 32 39 300
750.0 63 77 82 35 34 291
755.0 63 74 79 32 36 284
760.0 57 80 76 31 37 281
765.0 59 72 81 31 34 277
770.0 59 76 78 33 34 280
775.0 61 65 77 36 34 273
780.0 63 68 77 32 31 271
785.0 67 73 73 33 29 275
790.0 69 75 72 34 31 281
795.0 71 74 72 42 32 291
800.0 75 77 72 44 32 300
805.0 67 81 76 43 31 298
810.0 63 86 75 44 28 296
815.0 69 85 74 40 26 294
820.0 62 88 71 41 23 285
825.0 64 86 76 36 25 287
830.0 65 86 80 39 25 295
835.0 61 82 80 40 26 289
840.0 62 78 79 32 26 277
845.0 55 69 79 33 25 261
850.0 54 73 88 40 24 279
855.0 58 71 87 41 26 283
860.0 63 68 81 40 28 280
865.0 69 66 84 48 31 298
870.0 72 70 100 42 30 314
875.0 75 75 102 44 30 326
880.0 80 72 103 44 30 329
885.0 90 76 97 48 33 344
890.0 85 72 98 52 33 340
895.0 88 71 92 49 35 335
900.0 92 67 104 44 36 343
905.0 95 64 106 46 36 347
910.0 96 68 107 39 35 345
915.0 91 65 104 35 32 327
920.0 86 65 108 41 34 334
925.0 82 73 110 42 34 341
930.0 80 80 117 41 36 354
935.0 78 84 122 42 41 367
940.0 81 88 118 34 39 360
945.0 81 85 115 37 40 358
950.0 85 84 111 39 41 360
955.0 80 85 111 40 44 360
960.0 80 88 115 41 43 367
965.0 77 87 112 37 46 359
970.0 77 84 109 36 47 353
975.0 74 89 115 36 45 359
980.0 71 90 112 36 44 353
985.0 73 93 107 36 42 351
990.0 72 92 109 40 42 355
995.0 69 88 104 40 43 344
1000.0 75 90 105 37 39 346
1005.0 73 92 110 35 38 348
1010.0 80 93 113 37 35 358
1015.0 83 90 116 40 37 366
1020.0 81 90 113 45 38 367
1025.0 85 89 115 48 37 374
1030.0 82 95 130 43 38 388
1035.0 83 94 125 36 36 374
1040.0 88 95 125 35 38 381
1045.0 87 93 126 40 38 384
1050.0 93 90 117 43 38 381
1055.0 92 85 118 41 39 375
1060.0 98 88 114 37 37 374
1065.0 94 86 121 36 39 376
1070.0 86 98 122 40 38 384
1075.0 86 99 124 45 45 399
1080.0 90 96 118 47 46 397
1085.0 90 94 122 49 49 404
1090.0 89 96 115 54 49 403
1095.0 85 91 115 51 50 392
1100.0 88 95 116 50 51 400
1105.0 86 91 125 54 53 409
1110.0 90 97 118 54 54 413
1115.0 96 93 121 52 50 412
1120.0 100 96 136 53 47 432
1125.0 88 101 145 55 50 439
1130.0 84 97 154 53 52 440
1135.0 83 93 136 58 52 422
1140.0 85 90 128 57 52 412
1145.0 92 94 128 57 54 425
1150.0 88 92 128 64 54 426
1155.0 90 103 127 65 53 438
1160.0 81 102 129 69 53 434
1165.0 78 93 132 62 56 421
1170.0 77 92 129 63 54 415
1175.0 81 94 117 62 52 406
1180.0 88 90 119 57 48 402
1185.0 83 90 125 49 45 392
1190.0 80 80 121 50 42 373
1195.0 86 83 120 45 32 366
1200.0 83 89 109 44 30 355
1205.0 74 79 107 47 31 338
1210.0 67 81 95 48 32 323
1215.0 66 74 91 47 32 310
1220.0 59 72 89 40 29 289
1225.0 60 68 90 38 28 284
1230.0 55 65 94 30 27 271
1235.0 50 64 89 26 26 255
1240.0 51 56 82 25 28 242
1245.0 43 57 76 26 28 230
1250.0 38 52 71 23 28 212
1255.0 32 47 64 19 29 191
1260.0 33 45 55 21 28 182
1265.0 28 41 47 21 25 162
1270.0 25 41 40 17 21 144
1275.0 25 35 37 15 19 131
1280.0 19 32 33 12 16 112
1285.0 20 29 26 10 16 101
1290.0 19 29 26 11 15 100
1295.0 18 30 19 9 16 92
1300.0 14 26 20 8 17 85
1305.0 13 21 19 8 17 78
1310.0 11 20 17 7 17 72
1315.0 12 17 15 6 15 65
1320.0 9 15 17 7 11 59
1325.0 9 10 16 9 8 52
1330.0 8 8 11 10 7 44
1335.0 6 5 10 10 4 35
1340.0 4 8 12 7 3 34
1345.0 4 7 11 5 3 30
1350.0 5 6 8 5 4 28
1355.0 5 4 6 5 2 22
1360.0 4 5 4 2 1 16
1365.0 3 5 4 4 1 17
1370.0 3 4 3 4 1 15
1375.0 2 6 2 3 1 14
1380.0 1 6 2 2 2 13
1385.0 1 7 2 1 2 13
1390.0 1 6 1 0 2 10
1395.0 1 6 1 0 2 10
1400.0 1 6 0 0 2 9
1405.0 2 3 0 0 2 7
1410.0 2 2 0 0 2 6
1415.0 2 0 0 0 1 3
1420.0 2 0 0 0 1 3
1425.0 2 0 0 0 2 4
1430.0 2 0 0 0 2 4
1435.0 2 0 0 0 1 3
