5.0 0 0 0 0 0 0
10.0 0 0 0 0 0 0
15.0 0 0 0 0 0 0
20.0 0 0 0 0 0 0
25.0 0 0 0 0 0 0
30.0 0 0 0 0 0 0
35.0 0 0 0 0 0 0
40.0 0 0 0 0 0 0
45.0 0 0 0 0 0 0
50.0 0 0 0 0 0 0
55.0 0 0 0 0 0 0
60.0 0 0 0 0 0 0
65.0 0 0 0 0 0 0
70.0 0 0 0 0 0 0
75.0 0 0 0 0 0 0
80.0 0 0 0 0 0 0
85.0 0 0 0 0 0 0
90.0 0 0 0 0 0 0
95.0 0 0 0 0 0 0
100.0 0 0 0 0 0 0
105.0 0 0 0 0 0 0
110.0 0 0 0 0 0 0
115.0 0 0 0 0 0 0
120.0 0 0 0 0 0 0
125.0 0 0 0 0 0 0
130.0 0 0 0 0 0 0
135.0 0 0 0 0 0 0
140.0 0 0 0 0 0 0
145.0 0 0 0 0 0 0
150.0 0 0 0 0 0 0
155.0 0 0 0 0 0 0
160.0 0 0 0 0 0 0
165.0 0 0 0 0 0 0
170.0 0 0 0 0 0 0
175.0 0 0 0 0 0 0
180.0 0 0 0 0 0 0
185.0 0 0 0 0 0 0
190.0 0 0 0 0 0 0
195.0 0 0 0 0 0 0
200.0 0 0 0 0 0 0
205.0 0 0 0 0 0 0
210.0 0 0 0 0 0 0
215.0 0 0 0 0 0 0
220.0 0 0 0 0 0 0
225.0 0 0 0 0 0 0
230.0 0 0 0 0 0 0
235.0 0 0 0 0 0 0
240.0 0 0 0 0 0 0
245.0 0 0 0 0 0 0
250.0 0 0 0 0 0 0
255.0 0 0 0 0 0 0
260.0 0 0 0 0 0 0
265.0 0 0 0 0 0 0
270.0 0 0 0 0 0 0
275.0 0 0 0 0 0 0
280.0 0 0 0 0 0 0
285.0 0 0 0 0 0 0
290.0 0 0 0 0 0 0
295.0 0 0 0 0 0 0
300.0 0 0 0 0 0 0
305.0 0 0 0 0 0 0
310.0 0 0 0 0 0 0
315.0 1 0 0 0 0 1
320.0 1 0 0 0 0 1
325.0 1 0 0 0 0 1
330.0 1 0 0 0 0 1
335.0 0 0 0 1 0 1
340.0 0 0 0 1 0 1
345.0 0 0 0 1 0 1
350.0 0 0 0 1 0 1
355.0 0 0 0 1 0 1
360.0 0 0 0 1 0 1
365.0 0 0 0 1 0 1
370.0 0 0 0 1 0 1
375.0 0 0 0 1 0 1
380.0 0 0 0 1 0 1
385.0 0 0 0 1 0 1
390.0 0 0 0 1 0 1
395.0 0 0 0 1 0 1
400.0 0 0 1 1 0 2
405.0 0 0 1 1 0 2
410.0 0 0 1 1 0 2
415.0 0 0 1 1 0 2
420.0 0 0 1 1 0 2
425.0 0 0 1 1 0 2
430.0 0 0 1 1 0 2
435.0 1 2 1 1 0 5
440.0 1 2 1 0 0 4
445.0 2 2 0 0 0 4
450.0 2 2 0 0 0 4
455.0 1 2 0 0 0 3
460.0 2 2 0 0 0 4
465.0 2 3 0 0 0 5
470.0 2 4 0 0 0 6
475.0 2 4 0 0 0 6
480.0 2 3 0 0 0 5
485.0 2 2 0 0 0 4
490.0 1 2 1 1 0 5
495.0 1 3 1 1 0 6
500.0 1 3 2 1 0 7
505.0 0 4 3 1 0 8
510.0 0 5 3 1 0 9
515.0 1 5 4 0 0 10
520.0 2 5 6 0 1 14
525.0 3 6 4 1 2 16
530.0 3 5 4 1 4 17
535.0 3 5 2 3 3 16
540.0 4 5 2 3 3 17
545.0 4 4 2 4 3 17
550.0 4 4 3 4 3 18
555.0 5 3 6 3 3 20
560.0 5 3 6 4 2 20
565.0 5 4 6 4 2 21
570.0 5 3 6 5 1 20
575.0 6 3 7 3 1 20
580.0 5 2 8 4 1 20
585.0 4 2 8 4 1 19
590.0 5 3 7 6 2 23
595.0 5 3 8 5 2 23
600.0 7 4 7 4 1 23
605.0 7 4 7 5 1 24
610.0 8 5 8 3 1 25
615.0 7 4 9 4 2 26
620.0 8 2 9 4 3 26
625.0 7 1 10 5 3 26
630.0 6 1 9 5 3 24
635.0 5 0 10 4 4 23
640.0 6 0 10 5 3 24
645.0 6 0 9 2 3 20
650.0 5 2 8 2 3 20
655.0 5 2 8 2 2 19
660.0 4 0 10 4 2 20
665.0 3 1 11 4 3 22
670.0 3 4 10 3 3 23
675.0 3 4 9 3 3 22
680.0 3 5 11 3 2 24
685.0 4 7 10 3 1 25
690.0 5 7 7 4 1 24
695.0 3 6 8 3 1 21
700.0 4 6 8 2 0 20
705.0 5 4 10 2 0 21
710.0 5 3 9 2 0 19
715.0 6 3 6 2 0 17
720.0 6 4 5 3 0 18
725.0 7 4 7 3 0 21
730.0 7 4 6 3 0 20
735.0 6 6 4 1 0 17
740.0 6 7 2 1 0 16
745.0 6 8 2 0 0 16
750.0 4 6 4 0 1 15
755.0 5 6 5 0 1 17
760.0 4 6 5 0 1 16
765.0 4 5 5 0 1 15
770.0 4 6 4 0 1 15
775.0 4 5 6 0 1 16
780.0 4 4 7 0 1 16
785.0 4 3 8 0 1 16
790.0 3 3 9 1 1 17
795.0 3 2 7 1 1 14
800.0 3 2 8 1 2 16
805.0 2 2 7 1 2 14
810.0 2 2 5 1 3 13
815.0 1 3 4 2 3 13
820.0 2 3 4 2 3 14
825.0 3 3 5 1 3 15
830.0 3 3 4 1 3 14
835.0 3 4 5 0 3 15
840.0 3 4 5 0 3 15
845.0 4 4 4 2 3 17
850.0 2 3 4 2 2 13
855.0 2 3 4 3 2 14
860.0 2 4 3 3 2 14
865.0 2 2 3 3 2 12
870.0 1 1 4 3 2 11
875.0 1 1 4 2 2 10
880.0 3 1 3 2 2 11
885.0 4 1 3 2 2 12
890.0 5 1 4 2 2 14
895.0 4 3 5 2 2 16
900.0 5 4 4 1 1 15
905.0 5 5 4 0 1 15
910.0 6 4 3 0 1 14
915.0 4 3 5 2 0 14
920.0 5 3 5 2 0 15
925.0 6 3 5 2 0 16
930.0 7 3 5 1 0 16
935.0 3 3 6 3 0 15
940.0 3 3 8 4 0 18
945.0 5 2 9 3 0 19
950.0 5 4 8 3 0 20
955.0 5 3 8 3 0 19
960.0 4 2 7 3 0 16
965.0 3 2 8 2 0 15
970.0 3 3 8 2 0 16
975.0 3 6 4 2 0 15
980.0 4 6 4 1 0 15
985.0 4 5 3 3 0 15
990.0 4 5 2 3 0 14
995.0 5 6 2 2 0 15
1000.0 4 4 2 2 0 12
1005.0 4 4 2 2 0 12
1010.0 5 5 1 1 0 12
1015.0 5 5 1 2 0 13
1020.0 4 5 2 1 0 12
1025.0 4 4 2 1 0 11
1030.0 2 6 2 2 0 12
1035.0 2 7 3 3 0 15
1040.0 2 6 4 3 0 15
1045.0 2 6 4 4 0 16
1050.0 3 5 5 4 0 17
1055.0 3 5 5 4 0 17
1060.0 3 3 5 4 1 16
1065.0 3 3 5 5 2 18
1070.0 2 4 6 4 2 18
1075.0 3 4 7 3 2 19
1080.0 3 5 6 2 2 18
1085.0 3 6 4 2 1 16
1090.0 4 6 3 2 1 16
1095.0 6 6 4 2 3 21
1100.0 6 9 4 0 3 22
1105.0 4 10 5 0 4 23
1110.0 4 10 6 0 4 24
1115.0 4 11 5 0 4 24
1120.0 3 10 6 0 3 22
1125.0 3 10 8 0 3 24
1130.0 4 9 8 2 3 26
1135.0 5 9 8 3 3 28
1140.0 6 9 6 3 3 27
1145.0 6 7 5 1 4 23
1150.0 5 6 4 0 4 19
1155.0 6 6 3 0 4 19
1160.0 5 6 3 1 4 19
1165.0 4 5 7 1 4 21
1170.0 2 5 6 2 4 19
1175.0 4 4 5 2 4 19
1180.0 4 2 6 2 4 18
1185.0 4 2 4 3 4 17
1190.0 3 1 2 2 4 12
1195.0 4 2 2 3 2 13
1200.0 4 1 2 4 2 13
1205.0 4 1 2 4 2 13
1210.0 3 1 2 3 2 11
1215.0 3 1 2 3 2 11
1220.0 5 1 2 2 2 12
1225.0 6 1 1 2 2 12
1230.0 5 2 2 1 1 11
1235.0 2 2 3 1 1 9
1240.0 0 2 2 1 1 6
1245.0 0 2 3 0 1 6
1250.0 0 4 2 0 1 7
1255.0 0 4 2 0 1 7
1260.0 0 3 1 0 1 5
1265.0 0 4 0 0 1 5
1270.0 0 2 0 0 1 3
1275.0 0 2 0 0 1 3
1280.0 0 1 1 0 1 3
1285.0 0 1 1 0 1 3
1290.0 0 1 1 0 0 2
1295.0 0 0 1 0 0 1
1300.0 0 0 1 0 0 1
1305.0 0 0 1 1 0 2
1310.0 0 0 1 1 0 2
1315.0 0 0 1 1 0 2
1320.0 0 0 1 1 1 3
1325.0 0 0 0 1 1 2
1330.0 0 0 0 1 1 2
1335.0 0 0 0 1 1 2
1340.0 0 0 0 1 1 2
1345.0 0 0 0 1 1 2
1350.0 0 0 0 1 1 2
1355.0 0 0 0 1 1 2
1360.0 0 0 0 1 1 2
1365.0 0 0 0 0 1 1
1370.0 0 0 0 0 0 0
1375.0 0 0 0 0 0 0
1380.0 0 0 0 0 0 0
1385.0 0 0 0 0 0 0
1390.0 0 0 0 0 0 0
1395.0 0 0 0 0 0 0
1400.0 0 0 0 0 0 0
1405.0 0 0 0 0 0 0
1410.0 0 0 0 0 0 0
1415.0 0 0 0 0 0 0
1420.0 0 0 0 0 0 0
1425.0 0 0 0 0 0 0
1430.0 0 0 0 0 0 0
1435.0 0 0 0 0 0 0
