5.0 0 0 0 0 0 0
10.0 0 0 0 0 0 0
15.0 0 0 0 0 0 0
20.0 0 0 0 0 0 0
25.0 0 0 0 0 0 0
30.0 0 0 0 0 0 0
35.0 0 0 0 0 0 0
40.0 0 0 0 0 0 0
45.0 0 0 0 0 0 0
50.0 0 0 0 0 0 0
55.0 0 0 0 0 0 0
60.0 0 0 0 0 0 0
65.0 0 0 0 0 0 0
70.0 0 0 0 0 0 0
75.0 0 0 0 0 0 0
80.0 0 0 0 0 0 0
85.0 0 0 0 0 0 0
90.0 0 0 0 0 0 0
95.0 0 0 0 0 0 0
100.0 0 0 0 0 0 0
105.0 0 0 0 0 0 0
110.0 0 0 0 0 0 0
115.0 0 0 0 0 0 0
120.0 0 0 0 0 0 0
125.0 0 0 0 0 0 0
130.0 0 0 0 0 0 0
135.0 0 0 0 0 0 0
140.0 0 0 0 0 0 0
145.0 0 0 0 0 0 0
150.0 0 0 0 0 0 0
155.0 0 0 0 0 0 0
160.0 0 0 0 0 0 0
165.0 0 0 0 0 0 0
170.0 0 0 0 0 0 0
175.0 0 0 0 0 0 0
180.0 0 0 0 0 0 0
185.0 0 0 0 0 0 0
190.0 0 0 0 0 0 0
195.0 0 0 0 0 0 0
200.0 0 0 0 0 0 0
205.0 0 0 0 0 0 0
210.0 0 0 0 0 0 0
215.0 0 0 0 0 0 0
220.0 0 0 0 0 0 0
225.0 0 0 0 0 0 0
230.0 0 0 0 0 0 0
235.0 0 0 0 0 0 0
240.0 0 0 0 0 0 0
245.0 1 0 0 0 0 1
250.0 1 0 0 0 0 1
255.0 1 0 0 0 0 1
260.0 1 0 0 0 0 1
265.0 0 0 0 0 0 0
270.0 0 1 0 0 0 1
275.0 0 1 0 0 0 1
280.0 0 1 0 1 0 2
285.0 0 1 0 1 0 2
290.0 0 1 0 1 1 3
295.0 1 1 0 0 2 4
300.0 1 1 0 0 2 4
305.0 0 1 1 0 2 4
310.0 0 0 3 1 2 6
315.0 0 0 3 1 3 7
320.0 0 0 4 1 2 7
325.0 0 0 5 1 2 8
330.0 0 0 6 0 2 8
335.0 1 0 5 0 2 8
340.0 1 1 6 1 1 10
345.0 3 2 6 2 1 14
350.0 4 2 7 2 1 16
355.0 5 3 7 2 1 18
360.0 6 4 7 3 1 21
365.0 7 5 7 3 1 23
370.0 7 6 7 2 1 23
375.0 4 9 9 2 2 26
380.0 4 9 9 2 3 27
385.0 5 11 9 2 4 31
390.0 11 11 11 4 4 41
395.0 14 14 11 7 5 51
400.0 15 14 13 10 5 57
405.0 15 16 17 12 5 65
410.0 18 17 18 11 6 70
415.0 21 21 21 8 7 78
420.0 20 25 25 10 7 87
425.0 23 20 30 9 7 89
430.0 27 23 28 9 6 93
435.0 27 26 28 12 7 100
440.0 29 28 28 14 8 107
445.0 29 26 30 15 9 109
450.0 30 26 37 18 8 119
455.0 36 27 42 17 10 132
460.0 39 31 45 18 11 144
465.0 38 33 49 15 11 146
470.0 41 37 53 17 13 161
475.0 45 42 53 16 15 171
480.0 51 45 56 14 17 183
485.0 60 47 59 16 20 202
490.0 53 58 57 19 23 210
495.0 60 69 52 21 28 230
500.0 67 68 57 23 27 242
505.0 62 71 69 23 30 255
510.0 65 69 79 25 33 271
515.0 71 73 83 26 31 284
520.0 69 71 97 25 35 297
525.0 83 76 96 26 35 316
530.0 86 78 96 29 36 325
535.0 84 76 99 30 39 328
540.0 86 80 103 31 42 342
545.0 85 88 101 39 46 359
550.0 82 86 109 45 48 370
555.0 84 98 114 53 44 393
560.0 78 104 118 56 46 402
565.0 81 108 121 54 46 410
570.0 78 115 118 56 46 413
575.0 88 110 112 62 45 417
580.0 91 109 122 58 46 426
585.0 91 116 126 65 45 443
590.0 92 114 138 66 46 456
595.0 98 127 145 66 45 481
600.0 104 131 154 70 45 504
605.0 108 142 158 76 44 528
610.0 110 140 161 69 44 524
615.0 113 139 146 66 44 508
620.0 119 140 145 60 42 506
625.0 115 141 141 63 45 505
630.0 123 135 152 63 42 515
635.0 126 135 152 74 44 531
640.0 129 147 143 73 48 540
645.0 134 135 148 71 50 538
650.0 139 132 150 69 51 541
655.0 124 134 154 74 49 535
660.0 122 138 160 76 47 543
665.0 113 138 154 77 47 529
670.0 108 130 160 76 49 523
675.0 100 135 153 76 52 516
680.0 99 130 162 73 53 517
685.0 108 124 170 71 50 523
690.0 117 120 167 65 47 516
695.0 117 125 153 60 46 501
700.0 109 121 153 56 45 484
705.0 104 113 157 54 43 471
710.0 103 113 156 55 43 470
715.0 104 106 144 59 39 452
720.0 98 107 146 59 38 448
725.0 94 104 136 62 36 432
730.0 99 98 138 65 36 436
735.0 102 99 134 67 41 443
740.0 94 95 133 67 41 430
745.0 92 105 134 68 39 438
750.0 84 103 131 63 41 422
755.0 83 108 127 61 43 422
760.0 88 108 128 54 42 420
765.0 86 100 127 56 43 412
770.0 87 96 121 56 42 402
775.0 85 84 121 56 43 389
780.0 81 79 128 51 42 381
785.0 82 79 121 44 39 365
790.0 88 82 120 45 38 373
795.0 83 86 128 44 36 377
800.0 84 88 126 43 33 374
805.0 84 87 130 46 39 386
810.0 81 81 130 46 41 379
815.0 81 87 138 48 40 394
820.0 85 84 138 57 42 406
825.0 82 85 134 59 39 399
830.0 88 88 144 55 37 412
835.0 90 96 136 57 41 420
840.0 90 98 134 62 42 426
845.0 95 103 135 59 44 436
850.0 111 100 134 61 48 454
855.0 120 101 139 58 48 466
860.0 117 98 140 60 43 458
865.0 115 97 137 59 46 454
870.0 108 104 146 63 49 470
875.0 107 104 158 61 51 481
880.0 108 101 165 64 52 490
885.0 113 110 165 62 53 503
890.0 109 111 162 63 53 498
895.0 112 120 149 69 51 501
900.0 116 123 141 71 56 507
905.0 117 118 153 70 59 517
910.0 106 113 158 78 57 512
915.0 105 116 166 77 55 519
920.0 107 126 166 73 57 529
925.0 108 117 168 65 56 514
930.0 114 124 167 62 56 523
935.0 119 121 170 56 56 522
940.0 109 125 167 56 55 512
945.0 120 129 167 57 52 525
950.0 112 140 163 65 50 530
955.0 109 141 160 71 51 532
960.0 115 146 158 65 51 535
965.0 116 149 156 64 53 538
970.0 114 134 156 59 52 515
975.0 116 134 150 61 54 515
980.0 113 118 158 63 51 503
985.0 113 116 150 59 53 491
990.0 120 113 158 62 56 509
995.0 118 121 154 61 55 509
1000.0 111 127 162 62 52 514
1005.0 97 133 159 66 52 507
1010.0 100 139 150 71 59 519
1015.0 96 152 155 77 55 535
1020.0 94 155 164 83 58 554
1025.0 106 154 161 76 59 556
1030.0 114 151 165 75 61 566
1035.0 115 158 163 72 59 567
1040.0 123 157 168 64 60 572
1045.0 127 158 171 59 61 576
1050.0 127 153 161 60 64 565
1055.0 126 154 169 60 63 572
1060.0 128 146 167 61 64 566
1065.0 127 150 171 67 69 584
1070.0 134 151 183 63 63 594
1075.0 146 156 184 61 64 611
1080.0 152 161 192 61 64 630
1085.0 145 161 184 68 66 624
1090.0 150 162 185 83 66 646
1095.0 155 153 179 81 66 634
1100.0 156 148 170 83 65 622
1105.0 149 157 163 86 68 623
1110.0 140 161 175 85 73 634
1115.0 140 162 171 86 74 633
1120.0 141 160 175 90 75 641
1125.0 139 154 179 87 75 634
1130.0 142 149 183 82 73 629
1135.0 141 150 194 79 68 632
1140.0 137 152 196 75 68 628
1145.0 139 148 181 79 68 615
1150.0 143 153 179 76 67 618
1155.0 146 153 178 74 63 614
1160.0 144 151 171 74 58 598
1165.0 142 142 171 74 57 586
1170.0 140 137 165 73 59 574
1175.0 133 133 159 66 56 547
1180.0 133 133 158 62 59 545
1185.0 138 133 152 52 57 532
1190.0 128 112 156 54 56 506
1195.0 132 106 156 53 53 500
1200.0 119 105 157 59 50 490
1205.0 116 107 154 58 52 487
1210.0 107 105 153 53 51 469
1215.0 99 100 143 57 51 450
1220.0 101 102 135 60 47 445
1225.0 100 99 125 53 47 424
1230.0 91 94 111 52 43 391
1235.0 83 88 101 47 43 362
1240.0 80 91 96 48 43 358
1245.0 83 78 100 41 42 344
1250.0 78 77 92 38 43 328
1255.0 71 75 78 40 40 304
1260.0 64 72 79 35 38 288
1265.0 54 65 78 30 36 263
1270.0 44 63 81 30 32 250
1275.0 37 58 77 32 28 232
1280.0 30 52 68 29 23 202
1285.0 29 44 60 27 22 182
1290.0 32 35 51 23 22 163
1295.0 32 30 51 18 22 153
1300.0 29 27 39 17 22 134
1305.0 30 28 38 15 21 132
1310.0 32 28 32 13 19 124
1315.0 30 27 24 15 19 115
1320.0 25 22 25 15 16 103
1325.0 22 21 18 13 11 85
1330.0 19 18 17 11 12 77
1335.0 18 19 13 7 11 68
1340.0 17 16 14 6 10 63
1345.0 12 14 11 4 9 50
1350.0 8 12 12 4 7 43
1355.0 6 10 11 5 6 38
1360.0 5 9 11 5 5 35
1365.0 5 7 9 4 4 29
1370.0 5 4 6 2 3 20
1375.0 5 4 5 2 2 18
1380.0 5 4 6 2 1 18
1385.0 3 4 7 2 1 17
1390.0 4 1 7 2 1 15
1395.0 3 1 6 2 1 13
1400.0 1 0 5 2 1 9
1405.0 2 0 5 2 1 10
1410.0 0 1 3 2 1 7
1415.0 0 1 2 1 1 5
1420.0 0 1 2 1 1 5
1425.0 0 1 2 0 1 4
1430.0 0 1 2 0 1 4
1435.0 0 0 1 0 1 2
