5.0 0 0 0 0 0 0
10.0 0 0 0 0 0 0
15.0 0 0 0 0 0 0
20.0 0 0 0 0 0 0
25.0 0 0 0 0 0 0
30.0 0 0 0 0 0 0
35.0 0 0 0 0 0 0
40.0 0 0 0 0 0 0
45.0 0 0 0 0 0 0
50.0 0 0 0 0 0 0
55.0 0 0 0 0 0 0
60.0 0 0 0 0 0 0
65.0 0 0 0 0 0 0
70.0 0 0 0 0 0 0
75.0 0 0 0 0 0 0
80.0 0 0 0 0 0 0
85.0 0 0 0 0 0 0
90.0 0 0 0 0 0 0
95.0 0 0 0 0 0 0
100.0 0 0 0 0 0 0
105.0 0 0 0 0 0 0
110.0 0 0 0 0 0 0
115.0 0 0 0 0 0 0
120.0 0 0 0 0 0 0
125.0 0 0 0 0 0 0
130.0 0 0 0 0 0 0
135.0 0 0 0 0 0 0
140.0 0 0 0 0 0 0
145.0 0 0 0 0 0 0
150.0 0 0 0 0 0 0
155.0 0 0 0 0 0 0
160.0 0 0 0 0 0 0
165.0 0 0 0 0 0 0
170.0 0 0 0 0 0 0
175.0 0 0 0 0 0 0
180.0 0 0 0 0 0 0
185.0 0 0 0 0 0 0
190.0 0 0 0 0 0 0
195.0 0 0 0 0 0 0
200.0 0 0 0 0 0 0
205.0 0 0 0 0 0 0
210.0 0 0 0 0 0 0
215.0 0 0 0 0 0 0
220.0 0 0 0 0 0 0
225.0 0 0 0 0 0 0
230.0 0 0 0 0 0 0
235.0 0 0 0 0 0 0
240.0 0 0 0 0 0 0
245.0 0 0 0 0 0 0
250.0 0 0 0 0 0 0
255.0 0 0 0 0 0 0
260.0 0 0 0 0 0 0
265.0 0 0 0 0 0 0
270.0 0 0 0 0 0 0
275.0 0 0 1 0 0 1
280.0 0 0 1 0 0 1
285.0 0 0 1 0 0 1
290.0 0 0 1 0 0 1
295.0 0 0 1 0 0 1
300.0 0 0 1 0 0 1
305.0 0 0 1 0 0 1
310.0 0 0 1 0 0 1
315.0 0 0 1 0 0 1
320.0 0 0 1 0 0 1
325.0 0 1 1 0 0 2
330.0 0 1 2 0 0 3
335.0 1 1 2 0 0 4
340.0 1 1 2 0 0 4
345.0 1 1 2 1 0 5
350.0 0 1 1 2 0 4
355.0 0 1 1 2 0 4
360.0 0 1 1 2 0 4
365.0 2 1 0 2 0 5
370.0 2 1 0 2 0 5
375.0 2 0 0 2 0 4
380.0 3 0 0 2 0 5
385.0 3 1 0 2 0 6
390.0 3 1 0 2 0 6
395.0 4 2 0 2 0 8
400.0 5 2 1 2 0 10
405.0 6 4 1 2 0 13
410.0 6 4 2 2 0 14
415.0 6 3 3 2 0 14
420.0 7 5 3 2 0 17
425.0 7 5 3 2 0 17
430.0 4 6 3 5 0 18
435.0 5 6 4 5 0 20
440.0 6 5 6 4 0 21
445.0 6 6 4 4 0 20
450.0 6 4 4 4 0 18
455.0 9 4 5 4 1 23
460.0 10 6 7 4 1 28
465.0 9 8 12 3 2 34
470.0 9 8 11 3 2 33
475.0 10 9 11 3 3 36
480.0 10 7 11 5 3 36
485.0 13 8 11 7 3 42
490.0 16 5 16 7 3 47
495.0 18 9 16 6 4 53
500.0 17 11 21 5 2 56
505.0 18 12 20 7 2 59
510.0 16 15 21 8 3 63
515.0 15 21 21 8 4 69
520.0 13 21 21 10 4 69
525.0 16 22 20 9 6 73
530.0 17 22 19 11 6 75
535.0 18 27 15 12 6 78
540.0 20 27 18 11 6 82
545.0 20 31 19 11 6 87
550.0 18 36 19 15 5 93
555.0 18 31 21 14 6 90
560.0 20 29 27 17 6 99
565.0 18 30 24 17 5 94
570.0 22 30 24 15 5 96
575.0 24 32 26 14 5 101
580.0 22 33 25 13 5 98
585.0 21 37 27 13 5 103
590.0 24 39 30 12 6 111
595.0 25 41 31 11 6 114
600.0 28 37 31 12 8 116
605.0 27 36 26 11 9 109
610.0 25 31 29 14 12 111
615.0 25 27 28 17 13 110
620.0 22 28 27 20 14 111
625.0 19 26 27 21 14 107
630.0 19 25 26 20 15 105
635.0 26 25 22 21 16 110
640.0 25 27 22 20 18 112
645.0 27 25 25 17 18 112
650.0 29 21 24 19 18 111
655.0 27 19 25 19 17 107
660.0 25 18 25 20 16 104
665.0 29 16 24 21 17 107
670.0 31 17 23 19 15 105
675.0 28 18 21 19 15 101
680.0 30 18 20 17 11 96
685.0 24 21 20 18 10 93
690.0 25 20 25 18 11 99
695.0 26 19 26 14 11 96
700.0 27 19 26 15 11 98
705.0 27 17 27 14 12 97
710.0 26 18 29 14 12 99
715.0 27 14 33 15 12 101
720.0 23 16 32 17 11 99
725.0 25 15 34 16 12 102
730.0 23 17 34 16 13 103
735.0 23 16 35 16 14 104
740.0 24 16 37 14 14 105
745.0 22 15 34 16 13 100
750.0 20 15 36 13 12 96
755.0 21 16 34 13 11 95
760.0 16 17 29 14 10 86
765.0 19 17 24 15 11 86
770.0 19 15 23 14 12 83
775.0 16 16 25 13 12 82
780.0 18 13 23 15 12 81
785.0 20 11 23 13 10 77
790.0 22 12 24 13 11 82
795.0 21 12 26 13 10 82
800.0 22 12 31 10 10 85
805.0 26 9 31 10 10 86
810.0 28 12 28 10 7 85
815.0 27 13 23 12 8 83
820.0 28 14 22 14 8 86
825.0 28 15 23 16 8 90
830.0 29 14 23 16 8 90
835.0 27 13 24 15 8 87
840.0 29 13 22 12 9 85
845.0 28 14 20 12 10 84
850.0 27 15 21 15 9 87
855.0 27 19 17 15 11 89
860.0 27 21 17 16 8 89
865.0 28 22 18 18 8 94
870.0 28 24 21 16 8 97
875.0 28 25 23 17 9 102
880.0 27 26 24 16 7 100
885.0 26 26 27 16 7 102
890.0 17 25 31 17 7 97
895.0 20 22 29 18 8 97
900.0 18 20 29 19 8 94
905.0 24 20 28 19 9 100
910.0 25 22 28 16 10 101
915.0 27 24 26 16 10 103
920.0 29 22 28 12 11 102
925.0 32 28 28 13 11 112
930.0 28 28 28 11 12 107
935.0 30 28 28 9 11 106
940.0 29 28 29 9 10 105
945.0 32 26 27 9 11 105
950.0 30 24 25 13 12 104
955.0 28 22 25 14 13 102
960.0 24 21 25 13 12 95
965.0 22 21 24 11 13 91
970.0 24 22 27 11 11 95
975.0 23 22 27 11 12 95
980.0 24 24 30 11 15 104
985.0 26 26 26 12 15 105
990.0 29 26 26 11 13 105
995.0 29 29 27 15 11 111
1000.0 29 30 30 11 9 109
1005.0 32 31 34 11 7 115
1010.0 29 29 37 13 6 114
1015.0 25 27 37 11 6 106
1020.0 21 27 36 12 5 101
1025.0 24 28 29 10 6 97
1030.0 26 29 34 5 6 100
1035.0 28 26 34 5 7 100
1040.0 29 31 33 7 9 109
1045.0 27 30 34 8 10 109
1050.0 25 35 36 8 12 116
1055.0 25 39 36 9 11 120
1060.0 22 41 39 12 10 124
1065.0 19 39 36 15 10 119
1070.0 20 43 31 14 9 117
1075.0 17 39 30 19 10 115
1080.0 16 42 28 18 11 115
1085.0 18 39 32 17 9 115
1090.0 20 38 28 15 8 109
1095.0 19 39 31 13 7 109
1100.0 19 36 37 14 6 112
1105.0 21 37 39 10 8 115
1110.0 26 35 38 9 9 117
1115.0 24 33 37 11 6 111
1120.0 26 30 37 12 7 112
1125.0 22 28 36 18 6 110
1130.0 25 26 36 16 5 108
1135.0 27 26 38 17 3 111
1140.0 28 28 39 16 4 115
1145.0 27 31 39 14 6 117
1150.0 28 30 37 13 7 115
1155.0 30 30 36 13 9 118
1160.0 26 30 36 16 9 117
1165.0 27 30 34 13 10 114
1170.0 22 28 43 15 14 122
1175.0 20 22 38 17 15 112
1180.0 17 22 40 13 16 108
1185.0 18 21 34 12 19 104
1190.0 18 25 34 8 18 103
1195.0 19 25 34 8 19 105
1200.0 18 23 31 10 17 99
1205.0 19 24 27 8 17 95
1210.0 18 26 25 9 16 94
1215.0 18 24 25 10 15 92
1220.0 18 24 27 10 13 92
1225.0 17 23 24 9 14 87
1230.0 17 22 25 7 11 82
1235.0 16 20 25 5 12 78
1240.0 15 17 22 6 10 70
1245.0 15 19 21 7 9 71
1250.0 16 15 19 7 9 66
1255.0 14 14 16 4 8 56
1260.0 12 14 15 4 8 53
1265.0 10 14 14 5 7 50
1270.0 9 12 13 4 7 45
1275.0 8 12 14 4 6 44
1280.0 10 10 11 4 5 40
1285.0 11 8 9 5 5 38
1290.0 11 7 7 5 5 35
1295.0 10 5 8 5 6 34
1300.0 8 5 8 4 6 31
1305.0 8 5 6 2 4 25
1310.0 7 6 3 1 4 21
1315.0 5 7 3 1 5 21
1320.0 6 4 2 1 3 16
1325.0 3 2 3 0 3 11
1330.0 1 1 2 0 3 7
1335.0 1 0 1 0 3 5
1340.0 2 0 1 0 2 5
1345.0 1 0 0 0 2 3
1350.0 1 0 0 0 2 3
1355.0 1 0 0 0 2 3
1360.0 0 1 0 0 2 3
1365.0 0 1 0 0 2 3
1370.0 0 0 0 0 2 2
1375.0 0 0 0 0 2 2
1380.0 0 0 0 0 2 2
1385.0 0 0 0 0 2 2
1390.0 0 0 0 0 2 2
1395.0 0 0 0 0 2 2
1400.0 0 0 0 0 2 2
1405.0 0 0 0 0 2 2
1410.0 0 0 0 0 1 1
1415.0 0 0 0 0 1 1
1420.0 0 0 0 0 1 1
1425.0 0 0 0 0 1 1
1430.0 0 0 0 0 1 1
1435.0 0 0 0 0 0 0
