5.0 0 0 0 0 0 0
10.0 0 0 0 0 0 0
15.0 0 0 0 0 0 0
20.0 0 0 0 0 0 0
25.0 0 0 0 0 0 0
30.0 0 0 0 0 0 0
35.0 0 0 0 0 0 0
40.0 0 0 0 0 0 0
45.0 0 0 0 0 0 0
50.0 0 0 0 0 0 0
55.0 0 0 0 0 0 0
60.0 0 0 0 0 0 0
65.0 0 0 0 0 0 0
70.0 0 0 0 0 0 0
75.0 0 0 0 0 0 0
80.0 0 0 0 0 0 0
85.0 0 0 0 0 0 0
90.0 0 0 0 0 0 0
95.0 0 0 0 0 0 0
100.0 0 0 0 0 0 0
105.0 0 0 0 0 0 0
110.0 0 0 0 0 0 0
115.0 0 0 0 0 0 0
120.0 0 0 0 0 0 0
125.0 0 0 0 0 0 0
130.0 0 0 0 0 0 0
135.0 0 0 0 0 0 0
140.0 0 0 0 0 0 0
145.0 0 0 0 0 0 0
150.0 0 0 0 0 0 0
155.0 0 0 0 0 0 0
160.0 0 0 0 0 0 0
165.0 0 0 0 0 0 0
170.0 0 0 0 0 0 0
175.0 0 0 0 0 0 0
180.0 0 0 0 0 0 0
185.0 0 0 0 0 0 0
190.0 0 0 0 0 0 0
195.0 0 0 0 0 0 0
200.0 0 0 0 0 0 0
205.0 0 0 0 0 0 0
210.0 0 0 0 0 0 0
215.0 0 0 0 0 0 0
220.0 0 0 0 0 0 0
225.0 0 0 0 0 0 0
230.0 0 0 0 0 0 0
235.0 0 0 0 0 0 0
240.0 0 0 0 0 0 0
245.0 0 0 0 0 0 0
250.0 0 0 0 0 0 0
255.0 0 0 0 0 0 0
260.0 0 0 0 0 0 0
265.0 0 0 0 0 0 0
270.0 0 0 0 0 0 0
275.0 0 0 0 1 0 1
280.0 0 1 0 1 0 2
285.0 0 1 0 1 0 2
290.0 0 1 1 1 0 3
295.0 0 1 1 1 0 3
300.0 0 2 2 1 0 5
305.0 0 3 2 1 0 6
310.0 0 2 4 1 0 7
315.0 1 2 3 1 0 7
320.0 2 2 3 1 0 8
325.0 4 2 3 1 0 10
330.0 5 2 3 1 1 12
335.0 7 2 4 1 1 15
340.0 8 2 4 2 1 17
345.0 8 2 4 3 1 18
350.0 8 2 5 4 1 20
355.0 7 4 4 4 0 19
360.0 7 5 5 4 0 21
365.0 6 8 8 3 1 26
370.0 3 10 10 3 1 27
375.0 4 10 12 3 2 31
380.0 5 12 12 2 3 34
385.0 6 15 11 2 3 37
390.0 7 14 11 3 4 39
395.0 9 11 13 3 4 40
400.0 12 13 15 6 4 50
405.0 14 14 16 7 4 55
410.0 19 14 18 8 5 64
415.0 18 17 21 9 5 70
420.0 18 21 25 8 7 79
425.0 19 19 31 10 8 87
430.0 19 22 32 10 9 92
435.0 26 26 36 9 7 104
440.0 28 27 44 10 8 117
445.0 30 30 44 12 9 125
450.0 29 34 47 13 9 132
455.0 31 36 60 13 7 147
460.0 37 39 60 14 7 157
465.0 37 39 63 17 7 163
470.0 33 37 69 22 10 171
475.0 40 42 71 26 10 189
480.0 48 44 72 28 11 203
485.0 54 50 79 29 12 224
490.0 59 52 84 28 12 235
495.0 61 58 94 34 15 262
500.0 66 59 95 42 17 279
505.0 67 65 96 44 18 290
510.0 72 64 92 46 22 296
515.0 78 59 98 48 25 308
520.0 84 74 92 48 28 326
525.0 84 83 99 54 30 350
530.0 79 90 105 55 35 364
535.0 76 101 107 55 40 379
540.0 76 96 116 57 41 386
545.0 79 104 118 60 37 398
550.0 85 107 125 60 38 415
555.0 93 112 126 59 42 432
560.0 96 107 133 66 44 446
565.0 93 103 129 68 47 440
570.0 96 105 133 71 40 445
575.0 100 113 145 73 38 469
580.0 97 127 154 71 43 492
585.0 104 132 167 77 45 525
590.0 115 136 181 72 48 552
595.0 125 140 181 61 49 556
600.0 130 131 187 64 47 559
605.0 136 131 183 56 49 555
610.0 136 128 183 56 46 549
615.0 141 131 189 56 50 567
620.0 134 135 198 56 50 573
625.0 138 131 198 58 53 578
630.0 136 133 197 66 52 584
635.0 142 136 193 66 54 591
640.0 152 138 190 70 54 604
645.0 145 149 183 71 55 603
650.0 143 145 174 80 56 598
655.0 144 149 168 82 56 599
660.0 137 145 169 82 59 592
665.0 142 137 169 79 58 585
670.0 138 141 162 88 57 586
675.0 139 143 164 86 55 587
680.0 136 137 143 90 50 556
685.0 131 125 141 84 50 531
690.0 133 125 128 89 51 526
695.0 136 124 136 83 49 528
700.0 130 128 133 73 49 513
705.0 140 129 132 64 48 513
710.0 141 120 133 56 49 499
715.0 140 114 137 58 47 496
720.0 142 120 133 53 47 495
725.0 138 117 127 53 49 484
730.0 131 124 127 59 51 492
735.0 124 120 123 60 49 476
740.0 120 119 123 62 49 473
745.0 122 116 122 67 45 472
750.0 111 111 119 65 47 453
755.0 107 111 122 64 40 444
760.0 110 113 117 63 42 445
765.0 106 113 127 57 41 444
770.0 108 107 126 55 40 436
775.0 107 104 122 55 40 428
780.0 105 94 119 47 41 406
785.0 106 100 122 44 41 413
790.0 100 105 122 50 41 418
795.0 98 112 121 50 46 427
800.0 99 103 126 46 47 421
805.0 96 101 130 43 46 416
810.0 94 98 124 48 44 408
815.0 93 101 121 52 42 409
820.0 97 99 126 51 40 413
825.0 90 98 128 57 38 411
830.0 87 92 126 60 43 408
835.0 95 94 122 67 47 425
840.0 95 94 118 71 48 426
845.0 101 97 118 69 49 434
850.0 104 99 118 63 46 430
855.0 104 101 119 62 47 433
860.0 101 105 118 59 45 428
865.0 107 104 128 56 45 440
870.0 106 113 128 65 47 459
875.0 118 106 134 65 45 468
880.0 127 107 132 70 47 483
885.0 124 111 132 76 45 488
890.0 120 98 127 74 49 468
895.0 119 99 134 73 49 474
900.0 110 104 144 70 50 478
905.0 112 111 151 72 51 497
910.0 118 119 151 68 48 504
915.0 117 123 143 67 48 498
920.0 113 122 145 65 51 496
925.0 111 126 147 73 45 502
930.0 115 121 157 72 47 512
935.0 113 122 166 71 47 519
940.0 116 129 161 62 47 515
945.0 121 131 171 55 47 525
950.0 119 147 163 58 44 531
955.0 113 150 161 56 44 524
960.0 106 153 161 62 45 527
965.0 105 147 160 60 44 516
970.0 103 144 160 60 44 511
975.0 97 132 157 61 40 487
980.0 98 134 155 59 40 486
985.0 101 130 154 62 39 486
990.0 100 134 160 70 38 502
995.0 107 131 162 67 35 502
1000.0 110 127 166 65 32 500
1005.0 112 123 163 63 32 493
1010.0 100 128 159 69 37 493
1015.0 95 127 156 69 37 484
1020.0 103 124 150 77 38 492
1025.0 112 134 144 73 39 502
1030.0 113 139 148 66 40 506
1035.0 124 142 140 63 41 510
1040.0 125 147 136 65 40 513
1045.0 116 156 138 70 43 523
1050.0 116 162 144 69 44 535
1055.0 111 164 145 79 51 550
1060.0 105 150 149 79 52 535
1065.0 109 151 146 83 53 542
1070.0 115 145 140 82 52 534
1075.0 127 139 151 80 49 546
1080.0 135 141 145 73 51 545
1085.0 132 142 156 76 54 560
1090.0 135 137 155 73 57 557
1095.0 136 141 158 71 60 566
1100.0 142 143 157 77 64 583
1105.0 150 143 157 75 67 592
1110.0 145 136 170 72 69 592
1115.0 142 139 166 74 68 589
1120.0 147 137 159 79 66 588
1125.0 144 142 161 85 62 594
1130.0 143 147 164 87 62 603
1135.0 145 147 167 86 67 612
1140.0 140 140 172 90 69 611
1145.0 144 151 158 86 65 604
1150.0 142 148 172 80 64 606
1155.0 140 147 179 79 66 611
1160.0 135 137 179 82 59 592
1165.0 132 144 170 77 59 582
1170.0 137 147 164 70 59 577
1175.0 131 143 159 72 60 565
1180.0 130 140 162 67 61 560
1185.0 130 130 168 71 60 559
1190.0 125 132 163 72 59 551
1195.0 121 125 152 65 58 521
1200.0 116 111 154 68 59 508
1205.0 100 114 143 60 60 477
1210.0 102 107 140 56 59 464
1215.0 99 108 140 58 55 460
1220.0 93 111 129 57 49 439
1225.0 93 105 125 48 51 422
1230.0 94 93 124 46 46 403
1235.0 86 90 117 48 45 386
1240.0 75 87 113 50 42 367
1245.0 73 84 108 50 45 360
1250.0 65 74 98 50 43 330
1255.0 54 70 88 41 37 290
1260.0 46 59 74 38 33 250
1265.0 45 58 65 33 31 232
1270.0 41 49 60 29 30 209
1275.0 46 45 48 24 22 185
1280.0 40 44 41 23 17 165
1285.0 38 42 42 17 15 154
1290.0 33 39 39 17 14 142
1295.0 32 41 36 15 13 137
1300.0 29 34 31 17 11 122
1305.0 25 34 27 18 11 115
1310.0 24 34 22 16 10 106
1315.0 21 31 21 12 10 95
1320.0 21 29 24 9 9 92
1325.0 17 25 25 9 8 84
1330.0 16 23 22 10 9 80
1335.0 14 22 16 11 8 71
1340.0 15 16 15 11 10 67
1345.0 14 12 12 12 8 58
1350.0 12 9 14 9 6 50
1355.0 9 9 9 11 5 43
1360.0 10 7 8 9 5 39
1365.0 10 7 7 6 4 34
1370.0 8 6 6 5 2 27
1375.0 4 7 6 4 1 22
1380.0 4 5 5 3 1 18
1385.0 4 6 5 2 1 18
1390.0 3 4 4 2 2 15
1395.0 2 5 3 3 1 14
1400.0 2 5 3 3 1 14
1405.0 2 3 4 2 1 12
1410.0 1 1 4 2 1 9
1415.0 1 1 3 2 1 8
1420.0 1 0 2 2 1 6
1425.0 2 0 1 1 0 4
1430.0 2 0 0 0 0 2
1435.0 2 0 0 0 0 2
