5.0 0 0 0 0 0 0
10.0 0 0 0 0 0 0
15.0 0 0 0 0 0 0
20.0 0 0 0 0 0 0
25.0 0 0 0 0 0 0
30.0 0 0 0 0 0 0
35.0 0 0 0 0 0 0
40.0 0 0 0 0 0 0
45.0 0 0 0 0 0 0
50.0 0 0 0 0 0 0
55.0 0 0 0 0 0 0
60.0 0 0 0 0 0 0
65.0 0 0 0 0 0 0
70.0 0 0 0 0 0 0
75.0 0 0 0 0 0 0
80.0 0 0 0 0 0 0
85.0 0 0 0 0 0 0
90.0 0 0 0 0 0 0
95.0 0 0 0 0 0 0
100.0 0 0 0 0 0 0
105.0 0 0 0 0 0 0
110.0 0 0 0 0 0 0
115.0 0 0 0 0 0 0
120.0 0 0 0 0 0 0
125.0 0 0 0 0 0 0
130.0 0 0 0 0 0 0
135.0 0 0 0 0 0 0
140.0 0 0 0 0 0 0
145.0 0 0 0 0 0 0
150.0 0 0 0 0 0 0
155.0 0 0 0 0 0 0
160.0 0 0 0 0 0 0
165.0 0 0 0 0 0 0
170.0 0 0 0 0 0 0
175.0 0 0 0 0 0 0
180.0 0 0 0 0 0 0
185.0 0 0 0 0 0 0
190.0 0 0 0 0 0 0
195.0 0 0 0 0 0 0
200.0 0 0 0 0 0 0
205.0 0 0 0 0 0 0
210.0 0 0 0 0 0 0
215.0 0 0 0 0 0 0
220.0 0 0 0 0 0 0
225.0 0 0 0 0 0 0
230.0 0 0 0 0 0 0
235.0 0 0 0 0 0 0
240.0 0 0 0 0 0 0
245.0 0 0 0 0 0 0
250.0 0 0 0 0 0 0
255.0 0 0 0 0 0 0
260.0 0 0 0 0 0 0
265.0 0 0 0 0 0 0
270.0 0 0 0 0 0 0
275.0 0 0 0 0 0 0
280.0 0 0 0 0 0 0
285.0 1 0 0 0 0 1
290.0 1 0 0 0 0 1
295.0 1 0 0 0 0 1
300.0 1 0 0 0 0 1
305.0 1 0 0 0 0 1
310.0 1 0 0 0 0 1
315.0 1 0 0 0 0 1
320.0 1 1 0 0 0 2
325.0 1 1 1 0 0 3
330.0 1 1 2 0 0 4
335.0 1 0 2 0 0 3
340.0 2 0 2 0 0 4
345.0 2 0 2 0 0 4
350.0 2 1 4 0 0 7
355.0 3 1 4 0 0 8
360.0 2 3 2 1 0 8
365.0 3 4 3 2 1 13
370.0 3 5 2 2 1 13
375.0 3 10 3 1 1 18
380.0 2 8 5 1 1 17
385.0 4 10 5 1 1 21
390.0 5 9 5 3 1 23
395.0 4 7 6 4 1 22
400.0 5 6 9 4 1 25
405.0 5 6 11 4 1 27
410.0 7 6 11 4 1 29
415.0 9 6 11 4 1 31
420.0 9 7 9 4 1 30
425.0 10 8 10 4 1 33
430.0 12 10 13 6 2 43
435.0 10 12 11 8 3 44
440.0 11 14 10 12 2 49
445.0 10 16 11 14 2 53
450.0 12 19 13 12 2 58
455.0 13 20 12 9 1 55
460.0 14 25 10 7 1 57
465.0 16 27 12 9 1 65
470.0 13 26 18 9 2 68
475.0 16 26 23 11 2 78
480.0 14 28 26 13 3 84
485.0 18 31 27 14 3 93
490.0 18 28 28 19 4 97
495.0 19 27 31 22 5 104
500.0 21 31 35 24 6 117
505.0 26 26 37 29 8 126
510.0 28 23 43 30 9 133
515.0 31 30 43 25 9 138
520.0 37 33 42 22 9 143
525.0 43 39 43 26 8 159
530.0 42 44 42 26 10 164
535.0 52 50 39 23 12 176
540.0 47 46 42 26 16 177
545.0 46 43 43 26 16 174
550.0 47 50 43 25 15 180
555.0 45 52 50 23 17 187
560.0 48 57 50 28 20 203
565.0 52 57 54 31 21 215
570.0 54 60 54 30 22 220
575.0 60 53 57 28 23 221
580.0 56 54 56 33 22 221
585.0 56 58 52 31 19 216
590.0 56 55 57 30 20 218
595.0 54 61 64 32 21 232
600.0 60 63 62 28 22 235
605.0 66 58 65 29 23 241
610.0 67 57 72 26 24 246
615.0 67 58 79 30 24 258
620.0 68 54 80 31 24 257
625.0 72 50 83 28 27 260
630.0 66 48 81 30 29 254
635.0 70 49 82 33 27 261
640.0 63 51 78 36 28 256
645.0 52 57 78 36 30 253
650.0 52 65 71 34 32 254
655.0 57 62 71 31 33 254
660.0 58 71 69 29 34 261
665.0 63 70 73 30 34 270
670.0 61 75 78 27 34 275
675.0 62 68 81 21 34 266
680.0 63 69 77 23 34 266
685.0 64 63 77 22 30 256
690.0 56 64 82 24 29 255
695.0 52 65 85 31 27 260
700.0 47 67 82 30 26 252
705.0 48 72 79 30 27 256
710.0 52 72 74 27 27 252
715.0 55 69 73 26 26 249
720.0 58 62 71 31 26 248
725.0 56 58 62 31 24 231
730.0 49 57 55 33 24 218
735.0 47 50 62 32 25 216
740.0 47 52 64 28 23 214
745.0 42 48 58 26 23 197
750.0 47 45 56 31 24 203
755.0 49 46 60 30 25 210
760.0 44 46 62 27 24 203
765.0 47 46 58 31 24 206
770.0 46 43 56 30 25 200
775.0 44 45 50 29 27 195
780.0 37 43 48 28 28 184
785.0 35 42 52 30 26 185
790.0 38 39 49 31 28 185
795.0 38 38 59 30 23 188
800.0 37 38 65 29 21 190
805.0 37 41 62 33 21 194
810.0 36 39 61 35 20 191
815.0 36 44 61 34 21 196
820.0 38 49 61 29 22 199
825.0 40 52 55 30 18 195
830.0 47 51 50 30 17 195
835.0 49 52 53 31 13 198
840.0 48 50 56 34 14 202
845.0 43 51 56 33 13 196
850.0 50 47 52 36 13 198
855.0 45 47 53 36 16 197
860.0 48 52 51 35 16 202
865.0 52 48 53 30 18 201
870.0 54 45 56 31 21 207
875.0 52 46 64 30 21 213
880.0 57 53 62 28 20 220
885.0 56 52 71 27 21 227
890.0 57 55 74 26 22 234
895.0 48 59 82 26 22 237
900.0 53 57 84 27 22 243
905.0 48 58 88 30 25 249
910.0 47 57 84 29 25 242
915.0 48 61 78 34 23 244
920.0 48 65 71 32 24 240
925.0 48 66 71 29 25 239
930.0 49 63 70 29 25 236
935.0 50 64 69 31 25 239
940.0 51 63 75 32 28 249
945.0 52 64 71 31 30 248
950.0 56 61 69 36 30 252
955.0 51 65 68 40 29 253
960.0 45 61 67 41 30 244
965.0 45 62 71 35 29 242
970.0 47 62 71 40 29 249
975.0 56 60 71 37 30 254
980.0 52 60 76 38 33 259
985.0 60 55 73 35 30 253
990.0 58 54 72 35 28 247
995.0 62 55 69 33 25 244
1000.0 59 58 68 34 26 245
1005.0 62 65 69 35 26 257
1010.0 61 65 65 34 30 255
1015.0 60 58 68 37 31 254
1020.0 55 63 66 35 29 248
1025.0 54 63 63 33 32 245
1030.0 53 63 57 33 36 242
1035.0 47 65 54 36 34 236
1040.0 51 68 48 37 34 238
1045.0 44 73 52 39 30 238
1050.0 45 80 58 35 30 248
1055.0 53 77 59 35 25 249
1060.0 59 71 62 28 24 244
1065.0 59 67 72 26 23 247
1070.0 64 68 74 27 29 262
1075.0 66 67 73 32 29 267
1080.0 59 74 76 36 33 278
1085.0 54 68 80 30 34 266
1090.0 59 73 86 28 38 284
1095.0 57 79 82 31 39 288
1100.0 60 82 83 28 37 290
1105.0 59 80 78 28 39 284
1110.0 61 75 78 29 36 279
1115.0 58 78 79 29 34 278
1120.0 64 75 68 31 33 271
1125.0 64 74 79 32 31 280
1130.0 62 71 85 35 30 283
1135.0 61 70 85 41 33 290
1140.0 54 73 79 42 36 284
1145.0 52 75 81 42 32 282
1150.0 54 76 78 40 30 278
1155.0 48 67 74 39 32 260
1160.0 50 71 73 38 34 266
1165.0 54 67 72 38 33 264
1170.0 52 68 72 42 33 267
1175.0 58 68 76 41 32 275
1180.0 52 75 75 45 32 279
1185.0 45 73 76 39 35 268
1190.0 50 74 72 40 35 271
1195.0 54 78 62 32 35 261
1200.0 52 72 69 29 33 255
1205.0 54 72 71 24 33 254
1210.0 50 70 69 20 33 242
1215.0 48 65 65 17 34 229
1220.0 49 61 57 20 33 220
1225.0 49 57 60 20 31 217
1230.0 42 50 62 16 29 199
1235.0 37 48 61 17 26 189
1240.0 35 41 58 23 24 181
1245.0 36 35 56 24 22 173
1250.0 38 32 55 21 20 166
1255.0 32 29 56 22 19 158
1260.0 33 26 50 23 12 144
1265.0 31 20 40 20 12 123
1270.0 31 19 28 22 11 111
1275.0 29 18 23 16 12 98
1280.0 23 20 21 11 11 86
1285.0 21 22 22 14 11 90
1290.0 22 16 22 10 12 82
1295.0 14 12 21 10 12 69
1300.0 13 12 23 8 11 67
1305.0 9 11 26 6 10 62
1310.0 8 13 23 6 9 59
1315.0 5 13 17 5 8 48
1320.0 7 10 15 7 6 45
1325.0 9 10 13 5 6 43
1330.0 9 8 13 2 7 39
1335.0 9 9 13 1 7 39
1340.0 7 9 13 1 6 36
1345.0 5 7 13 1 6 32
1350.0 4 5 14 1 6 30
1355.0 4 5 13 1 5 28
1360.0 5 3 11 1 2 22
1365.0 4 2 8 2 2 18
1370.0 3 3 6 1 2 15
1375.0 3 3 6 1 2 15
1380.0 2 3 4 1 2 12
1385.0 1 2 3 1 2 9
1390.0 1 1 4 1 2 9
1395.0 1 0 2 1 2 6
1400.0 1 0 1 1 1 4
1405.0 1 0 1 0 1 3
1410.0 1 0 1 0 1 3
1415.0 1 0 0 0 1 2
1420.0 0 0 0 0 1 1
1425.0 0 0 0 0 1 1
1430.0 0 0 0 0 0 0
1435.0 0 0 0 0 0 0
