5.0 0 0 0 0 0 0
10.0 0 0 0 0 0 0
15.0 0 0 0 0 0 0
20.0 0 0 0 0 0 0
25.0 0 0 0 0 0 0
30.0 0 0 0 0 0 0
35.0 0 0 0 0 0 0
40.0 0 0 0 0 0 0
45.0 0 0 0 0 0 0
50.0 0 0 0 0 0 0
55.0 0 0 0 0 0 0
60.0 0 0 0 0 0 0
65.0 0 0 0 0 0 0
70.0 0 0 0 0 0 0
75.0 0 0 0 0 0 0
80.0 0 0 0 0 0 0
85.0 0 0 0 0 0 0
90.0 0 0 0 0 0 0
95.0 0 0 0 0 0 0
100.0 0 0 0 0 0 0
105.0 0 0 0 0 0 0
110.0 0 0 0 0 0 0
115.0 0 0 0 0 0 0
120.0 0 0 0 0 0 0
125.0 0 0 0 0 0 0
130.0 0 0 0 0 0 0
135.0 0 0 0 0 0 0
140.0 0 0 0 0 0 0
145.0 0 0 0 0 0 0
150.0 0 0 0 0 0 0
155.0 0 0 0 0 0 0
160.0 0 0 0 0 0 0
165.0 0 0 0 0 0 0
170.0 0 0 0 0 0 0
175.0 0 0 0 0 0 0
180.0 0 0 0 0 0 0
185.0 0 0 0 0 0 0
190.0 0 0 0 0 0 0
195.0 0 0 0 0 0 0
200.0 0 0 0 0 0 0
205.0 0 0 0 0 0 0
210.0 0 0 0 0 0 0
215.0 0 0 0 0 0 0
220.0 0 0 0 0 0 0
225.0 0 0 0 0 0 0
230.0 0 0 0 0 0 0
235.0 0 0 0 0 0 0
240.0 0 0 0 0 0 0
245.0 0 0 0 0 0 0
250.0 0 0 0 0 0 0
255.0 0 0 0 0 0 0
260.0 0 0 0 0 0 0
265.0 0 0 0 0 0 0
270.0 1 0 0 0 0 1
275.0 1 0 1 0 0 2
280.0 1 0 1 0 0 2
285.0 1 0 1 0 0 2
290.0 1 0 1 0 0 2
295.0 1 0 0 0 0 1
300.0 1 0 0 0 0 1
305.0 1 0 2 0 0 3
310.0 1 0 2 0 0 3
315.0 1 0 2 0 0 3
320.0 1 0 2 0 0 3
325.0 1 0 2 0 0 3
330.0 1 0 3 0 0 4
335.0 1 0 3 1 0 5
340.0 2 0 4 2 0 8
345.0 2 0 7 2 0 11
350.0 3 0 6 1 0 10
355.0 4 0 7 1 0 12
360.0 3 2 9 1 0 15
365.0 3 2 9 1 1 16
370.0 3 4 9 1 1 18
375.0 5 4 9 1 1 20
380.0 5 3 7 2 1 18
385.0 5 2 7 4 1 19
390.0 3 3 7 5 2 20
395.0 5 5 8 5 2 25
400.0 7 3 6 4 2 22
405.0 7 2 6 4 2 21
410.0 7 3 8 3 2 23
415.0 5 3 10 4 2 24
420.0 8 4 12 3 2 29
425.0 9 7 15 4 2 37
430.0 9 8 16 4 3 40
435.0 11 11 16 4 6 48
440.0 12 13 14 5 6 50
445.0 10 13 15 7 5 50
450.0 12 16 17 6 6 57
455.0 11 16 21 5 6 59
460.0 10 16 21 5 7 59
465.0 14 13 21 5 7 60
470.0 15 17 21 7 7 67
475.0 18 17 19 7 9 70
480.0 18 18 18 7 11 72
485.0 23 19 20 6 12 80
490.0 24 18 24 10 12 88
495.0 25 20 28 13 11 97
500.0 25 21 28 14 14 102
505.0 25 23 33 16 15 112
510.0 29 30 40 17 17 133
515.0 36 26 42 16 19 139
520.0 32 30 42 17 19 140
525.0 35 28 43 21 20 147
530.0 33 27 41 22 21 144
535.0 30 28 40 24 20 142
540.0 36 26 46 23 19 150
545.0 34 31 48 23 19 155
550.0 34 36 55 22 18 165
555.0 35 41 46 29 18 169
560.0 38 41 48 28 21 176
565.0 37 42 53 28 25 185
570.0 37 47 52 26 26 188
575.0 40 53 51 28 26 198
580.0 43 49 56 28 25 201
585.0 49 48 56 29 26 208
590.0 50 50 55 28 25 208
595.0 54 52 58 28 30 222
600.0 55 51 55 30 28 219
605.0 50 50 54 27 26 207
610.0 51 54 55 26 25 211
615.0 52 56 57 27 24 216
620.0 53 55 57 28 25 218
625.0 55 54 57 33 25 224
630.0 58 55 62 31 25 231
635.0 61 52 62 31 26 232
640.0 60 53 62 29 26 230
645.0 57 52 68 28 27 232
650.0 63 53 66 29 25 236
655.0 63 57 56 31 26 233
660.0 56 55 53 30 28 222
665.0 53 57 49 31 26 216
670.0 45 56 50 33 24 208
675.0 41 54 54 30 21 200
680.0 37 49 58 30 18 192
685.0 37 43 61 24 19 184
690.0 32 37 61 19 20 169
695.0 32 40 61 21 22 176
700.0 28 43 65 24 22 182
705.0 23 41 64 25 21 174
710.0 28 41 56 21 21 167
715.0 29 47 54 19 22 171
720.0 30 49 54 19 22 174
725.0 29 52 52 20 23 176
730.0 29 52 51 22 24 178
735.0 31 50 52 22 22 177
740.0 34 46 48 21 22 171
745.0 34 43 51 16 25 169
750.0 36 44 46 15 22 163
755.0 36 42 44 15 21 158
760.0 42 42 44 17 18 163
765.0 44 36 42 17 19 158
770.0 38 34 43 17 18 150
775.0 33 34 47 21 20 155
780.0 30 28 46 20 18 142
785.0 29 33 46 20 14 142
790.0 29 38 42 23 13 145
795.0 29 38 41 23 13 144
800.0 25 37 45 19 14 140
805.0 29 35 44 21 12 141
810.0 30 33 45 20 15 143
815.0 31 36 39 19 15 140
820.0 30 34 41 21 13 139
825.0 34 31 45 21 14 145
830.0 33 30 50 20 15 148
835.0 39 29 51 17 15 151
840.0 43 36 48 19 17 163
845.0 45 41 48 19 15 168
850.0 49 41 47 24 12 173
855.0 46 43 52 22 11 174
860.0 47 42 54 21 12 176
865.0 43 42 59 26 12 182
870.0 44 47 56 26 12 185
875.0 47 53 55 27 11 193
880.0 49 55 53 21 13 191
885.0 51 54 52 18 13 188
890.0 47 56 52 20 14 189
895.0 46 55 51 20 15 187
900.0 39 56 53 21 16 185
905.0 38 51 54 22 17 182
910.0 36 52 62 22 19 191
915.0 40 52 67 18 15 192
920.0 40 47 67 20 15 189
925.0 37 44 65 22 16 184
930.0 33 46 62 21 17 179
935.0 36 45 61 24 18 184
940.0 35 47 59 27 17 185
945.0 37 50 53 30 18 188
950.0 35 45 55 29 20 184
955.0 35 53 54 27 17 186
960.0 31 54 57 25 18 185
965.0 35 54 56 25 18 188
970.0 32 57 52 27 17 185
975.0 26 53 52 27 16 174
980.0 35 52 54 22 16 179
985.0 36 51 54 25 16 182
990.0 38 46 60 25 18 187
995.0 40 50 56 20 19 185
1000.0 33 52 57 20 17 179
1005.0 37 53 53 19 18 180
1010.0 37 55 50 19 15 176
1015.0 34 53 52 22 16 177
1020.0 37 53 49 25 19 183
1025.0 36 53 51 24 24 188
1030.0 39 55 50 27 21 192
1035.0 43 51 50 22 24 190
1040.0 40 51 56 23 24 194
1045.0 42 47 58 23 27 197
1050.0 40 46 62 22 27 197
1055.0 40 45 59 21 26 191
1060.0 39 51 57 29 26 202
1065.0 50 52 55 30 27 214
1070.0 55 55 59 32 28 229
1075.0 56 56 66 31 28 237
1080.0 60 56 64 27 33 240
1085.0 62 52 63 26 35 238
1090.0 60 50 67 29 37 243
1095.0 57 50 71 26 36 240
1100.0 57 56 68 27 36 244
1105.0 59 57 66 27 36 245
1110.0 60 61 60 26 33 240
1115.0 60 59 57 27 35 238
1120.0 61 61 56 26 34 238
1125.0 57 62 55 27 32 233
1130.0 58 66 55 22 35 236
1135.0 55 69 55 25 31 235
1140.0 54 66 60 23 31 234
1145.0 49 63 64 29 32 237
1150.0 49 57 63 31 30 230
1155.0 44 58 66 29 28 225
1160.0 45 55 68 27 27 222
1165.0 45 52 61 27 24 209
1170.0 49 52 62 22 26 211
1175.0 49 56 62 18 27 212
1180.0 45 52 63 18 28 206
1185.0 46 45 62 17 25 195
1190.0 43 42 57 19 26 187
1195.0 46 47 56 18 24 191
1200.0 43 51 60 18 24 196
1205.0 44 46 58 16 23 187
1210.0 44 45 51 16 18 174
1215.0 45 45 49 16 16 171
1220.0 47 39 47 15 18 166
1225.0 38 36 49 15 17 155
1230.0 35 34 46 15 14 144
1235.0 30 29 44 13 14 130
1240.0 33 28 35 13 13 122
1245.0 26 28 38 11 12 115
1250.0 29 27 32 9 10 107
1255.0 26 22 28 7 8 91
1260.0 21 22 30 6 6 85
1265.0 21 22 23 7 6 79
1270.0 23 23 20 8 8 82
1275.0 17 25 20 9 7 78
1280.0 15 20 18 8 9 70
1285.0 15 21 19 6 7 68
1290.0 15 20 17 6 7 65
1295.0 15 19 15 6 5 60
1300.0 16 17 14 5 4 56
1305.0 13 13 14 3 3 46
1310.0 12 11 13 3 3 42
1315.0 12 12 11 2 4 41
1320.0 11 10 12 2 4 39
1325.0 7 9 11 3 2 32
1330.0 5 9 10 0 2 26
1335.0 4 8 8 0 1 21
1340.0 3 7 7 0 0 17
1345.0 2 6 9 0 0 17
1350.0 3 7 8 0 0 18
1355.0 2 7 6 1 0 16
1360.0 2 5 5 1 0 13
1365.0 2 4 4 1 0 11
1370.0 1 4 3 2 0 10
1375.0 0 3 3 2 0 8
1380.0 1 3 2 2 0 8
1385.0 0 4 0 2 0 6
1390.0 0 3 0 3 0 6
1395.0 0 3 0 2 0 5
1400.0 0 2 0 1 0 3
1405.0 0 1 0 1 0 2
1410.0 0 0 0 1 0 1
1415.0 0 0 1 1 0 2
1420.0 0 0 1 0 0 1
1425.0 0 0 1 0 0 1
1430.0 0 0 1 0 0 1
1435.0 0 0 1 0 0 1
