5.0 0 0 0 0 0 0
10.0 0 0 0 0 0 0
15.0 0 0 0 0 0 0
20.0 0 0 0 0 0 0
25.0 0 0 0 0 0 0
30.0 0 0 0 0 0 0
35.0 0 0 0 0 0 0
40.0 0 0 0 0 0 0
45.0 0 0 0 0 0 0
50.0 0 0 0 0 0 0
55.0 0 0 0 0 0 0
60.0 0 0 0 0 0 0
65.0 0 0 0 0 0 0
70.0 0 0 0 0 0 0
75.0 0 0 0 0 0 0
80.0 0 0 0 0 0 0
85.0 0 0 0 0 0 0
90.0 0 0 0 0 0 0
95.0 0 0 0 0 0 0
100.0 0 0 0 0 0 0
105.0 0 0 0 0 0 0
110.0 0 0 0 0 0 0
115.0 0 0 0 0 0 0
120.0 0 0 0 0 0 0
125.0 0 0 0 0 0 0
130.0 0 0 0 0 0 0
135.0 0 0 0 0 0 0
140.0 0 0 0 0 0 0
145.0 0 0 0 0 0 0
150.0 0 0 0 0 0 0
155.0 0 0 0 0 0 0
160.0 0 0 0 0 0 0
165.0 0 0 0 0 0 0
170.0 0 0 0 0 0 0
175.0 0 0 0 0 0 0
180.0 0 0 0 0 0 0
185.0 0 0 0 0 0 0
190.0 0 0 0 0 0 0
195.0 0 0 0 0 0 0
200.0 0 0 0 0 0 0
205.0 0 0 0 0 0 0
210.0 0 0 0 0 0 0
215.0 0 0 0 0 0 0
220.0 0 0 0 0 0 0
225.0 0 0 0 0 0 0
230.0 0 0 0 0 0 0
235.0 0 0 0 0 0 0
240.0 0 0 0 0 0 0
245.0 0 0 0 0 0 0
250.0 0 0 0 0 0 0
255.0 0 0 0 0 0 0
260.0 0 0 0 0 0 0
265.0 0 0 0 0 0 0
270.0 0 0 0 0 0 0
275.0 0 0 0 0 0 0
280.0 0 0 0 0 0 0
285.0 0 0 0 0 0 0
290.0 0 0 0 0 0 0
295.0 0 0 0 0 0 0
300.0 0 0 0 0 0 0
305.0 0 0 0 0 0 0
310.0 0 0 0 0 0 0
315.0 1 0 0 0 0 1
320.0 1 1 0 0 0 2
325.0 1 1 0 0 0 2
330.0 1 1 0 0 0 2
335.0 1 1 0 0 0 2
340.0 2 0 0 0 0 2
345.0 2 0 0 0 0 2
350.0 1 0 1 0 0 2
355.0 1 0 1 0 0 2
360.0 1 0 1 0 0 2
365.0 1 0 1 0 0 2
370.0 2 1 1 0 0 4
375.0 2 1 1 0 0 4
380.0 1 1 2 1 0 5
385.0 2 0 3 2 0 7
390.0 2 0 3 2 0 7
395.0 2 1 3 2 0 8
400.0 2 1 2 1 1 7
405.0 2 1 2 0 1 6
410.0 2 1 3 0 2 8
415.0 2 3 3 0 2 10
420.0 2 3 8 0 2 15
425.0 4 3 11 0 2 20
430.0 3 1 14 0 2 20
435.0 3 2 13 0 2 20
440.0 2 5 14 0 3 24
445.0 7 6 15 0 3 31
450.0 12 5 16 1 4 38
455.0 11 5 16 2 4 38
460.0 12 3 14 2 4 35
465.0 13 5 14 3 4 39
470.0 15 5 14 3 4 41
475.0 15 10 12 4 3 44
480.0 13 12 18 5 3 51
485.0 15 7 20 6 3 51
490.0 18 8 21 9 6 62
495.0 19 9 17 12 8 65
500.0 17 9 18 14 10 68
505.0 17 9 19 17 11 73
510.0 18 11 18 17 10 74
515.0 15 14 20 19 11 79
520.0 16 17 20 19 10 82
525.0 22 18 23 16 10 89
530.0 21 18 25 15 10 89
535.0 24 19 24 16 11 94
540.0 19 22 27 15 11 94
545.0 17 21 26 18 11 93
550.0 17 25 26 17 12 97
555.0 19 27 27 17 13 103
560.0 21 28 28 18 15 110
565.0 20 29 33 20 15 117
570.0 27 28 30 17 16 118
575.0 31 27 32 17 17 124
580.0 31 27 34 18 16 126
585.0 32 21 38 15 17 123
590.0 30 24 35 15 16 120
595.0 26 24 39 18 15 122
600.0 24 27 43 20 13 127
605.0 29 27 44 20 13 133
610.0 35 28 43 16 16 138
615.0 38 27 42 15 13 135
620.0 37 31 41 15 13 137
625.0 33 31 41 17 12 134
630.0 27 30 39 20 13 129
635.0 26 34 36 18 14 128
640.0 28 37 38 20 15 138
645.0 29 38 36 19 12 134
650.0 27 42 36 17 10 132
655.0 29 39 32 18 10 128
660.0 26 36 31 17 11 121
665.0 24 42 27 17 12 122
670.0 24 37 28 20 11 120
675.0 24 36 24 22 11 117
680.0 23 30 30 21 10 114
685.0 29 31 30 21 8 119
690.0 29 31 32 22 9 123
695.0 32 36 30 20 9 127
700.0 28 35 32 22 8 125
705.0 27 36 34 21 7 125
710.0 23 34 35 21 7 120
715.0 23 32 36 20 10 121
720.0 22 32 39 21 10 124
725.0 27 29 37 17 9 119
730.0 28 30 35 17 9 119
735.0 24 29 36 17 10 116
740.0 25 29 38 21 9 122
745.0 25 30 38 19 10 122
750.0 25 30 35 16 11 117
755.0 24 27 35 15 11 112
760.0 21 28 34 10 11 104
765.0 25 27 33 9 12 106
770.0 24 28 31 10 11 104
775.0 25 24 28 9 9 95
780.0 29 23 30 10 9 101
785.0 28 21 29 12 9 99
790.0 25 21 28 14 8 96
795.0 31 24 29 14 8 106
800.0 31 27 32 14 10 114
805.0 28 29 30 12 10 109
810.0 27 29 31 13 9 109
815.0 23 26 31 14 10 104
820.0 22 26 33 17 11 109
825.0 24 25 31 15 14 109
830.0 27 26 31 11 14 109
835.0 25 24 36 13 15 113
840.0 26 29 38 15 14 122
845.0 28 29 39 14 12 122
850.0 25 27 42 14 12 120
855.0 25 26 42 16 14 123
860.0 27 30 40 14 15 126
865.0 30 32 36 17 16 131
870.0 31 29 35 21 16 132
875.0 31 32 34 19 16 132
880.0 28 38 38 19 16 139
885.0 26 40 37 19 15 137
890.0 27 35 34 19 15 130
895.0 27 34 34 21 16 132
900.0 31 30 32 24 16 133
905.0 32 27 31 25 18 133
910.0 31 31 36 26 17 141
915.0 35 32 40 24 15 146
920.0 35 35 41 25 16 152
925.0 36 34 42 26 17 155
930.0 33 35 43 30 17 158
935.0 30 36 40 35 17 158
940.0 28 37 45 34 17 161
945.0 28 36 42 36 17 159
950.0 34 35 34 33 18 154
955.0 35 36 41 31 19 162
960.0 39 38 42 25 19 163
965.0 41 36 45 23 20 165
970.0 37 34 52 26 19 168
975.0 29 31 50 27 20 157
980.0 31 29 51 22 22 155
985.0 34 26 48 18 21 147
990.0 30 25 45 19 22 141
995.0 28 27 51 20 19 145
1000.0 25 27 55 20 18 145
1005.0 26 28 51 17 21 143
1010.0 27 28 46 17 21 139
1015.0 27 27 48 16 21 139
1020.0 26 25 47 16 19 133
1025.0 26 27 43 18 18 132
1030.0 27 25 48 18 19 137
1035.0 22 24 44 17 22 129
1040.0 24 24 42 14 22 126
1045.0 24 27 46 15 22 134
1050.0 25 27 50 14 21 137
1055.0 25 26 52 13 23 139
1060.0 28 22 55 13 26 144
1065.0 28 24 56 18 23 149
1070.0 32 25 50 19 21 147
1075.0 34 25 51 20 19 149
1080.0 35 25 52 22 20 154
1085.0 36 27 50 21 20 154
1090.0 36 27 48 20 21 152
1095.0 36 26 54 23 21 160
1100.0 39 28 51 20 20 158
1105.0 38 30 53 18 20 159
1110.0 39 31 53 15 20 158
1115.0 38 31 50 17 20 156
1120.0 37 33 48 14 20 152
1125.0 40 32 47 16 20 155
1130.0 34 34 44 24 19 155
1135.0 35 30 46 27 18 156
1140.0 33 27 47 26 17 150
1145.0 32 26 42 27 18 145
1150.0 35 30 40 25 21 151
1155.0 30 32 45 25 21 153
1160.0 33 35 45 27 21 161
1165.0 32 32 41 29 21 155
1170.0 37 33 40 23 21 154
1175.0 37 28 36 27 21 149
1180.0 36 28 36 22 21 143
1185.0 34 28 32 22 23 139
1190.0 32 25 32 25 20 134
1195.0 29 26 35 27 18 135
1200.0 32 26 35 22 14 129
1205.0 26 28 38 24 13 129
1210.0 22 25 37 19 12 115
1215.0 22 18 36 20 11 107
1220.0 25 17 32 17 12 103
1225.0 27 16 28 18 13 102
1230.0 26 15 25 16 11 93
1235.0 24 16 20 16 9 85
1240.0 25 14 22 15 7 83
1245.0 26 15 17 17 9 84
1250.0 23 16 17 16 10 82
1255.0 19 14 17 15 10 75
1260.0 16 14 14 12 11 67
1265.0 15 18 15 11 8 67
1270.0 14 16 14 11 8 63
1275.0 10 20 10 10 7 57
1280.0 9 17 12 6 8 52
1285.0 7 17 11 5 5 45
1290.0 6 17 9 6 5 43
1295.0 6 17 11 6 6 46
1300.0 6 15 8 4 5 38
1305.0 7 16 6 4 5 38
1310.0 9 13 3 3 3 31
1315.0 9 13 2 3 3 30
1320.0 3 11 2 2 3 21
1325.0 3 9 2 2 3 19
1330.0 1 7 4 1 3 16
1335.0 1 6 4 2 3 16
1340.0 1 6 4 2 3 16
1345.0 2 5 4 2 2 15
1350.0 2 4 4 2 2 14
1355.0 2 4 3 3 2 14
1360.0 3 2 4 3 2 14
1365.0 3 2 4 3 2 14
1370.0 2 2 2 3 2 11
1375.0 3 2 1 3 2 11
1380.0 3 1 3 3 1 11
1385.0 3 1 3 3 1 11
1390.0 3 0 3 3 1 10
1395.0 3 0 2 1 1 7
1400.0 2 0 2 1 1 6
1405.0 2 0 2 1 1 6
1410.0 3 0 1 1 1 6
1415.0 3 0 1 1 1 6
1420.0 2 0 0 0 1 3
1425.0 2 0 0 0 1 3
1430.0 1 0 0 0 0 1
1435.0 0 0 1 0 0 1
