5.0 0 0 0 0 0 0
10.0 0 0 0 0 0 0
15.0 0 0 0 0 0 0
20.0 0 0 0 0 0 0
25.0 0 0 0 0 0 0
30.0 0 0 0 0 0 0
35.0 0 0 0 0 0 0
40.0 0 0 0 0 0 0
45.0 0 0 0 0 0 0
50.0 0 0 0 0 0 0
55.0 0 0 0 0 0 0
60.0 0 0 0 0 0 0
65.0 0 0 0 0 0 0
70.0 0 0 0 0 0 0
75.0 0 0 0 0 0 0
80.0 0 0 0 0 0 0
85.0 0 0 0 0 0 0
90.0 0 0 0 0 0 0
95.0 0 0 0 0 0 0
100.0 0 0 0 0 0 0
105.0 0 0 0 0 0 0
110.0 0 0 0 0 0 0
115.0 0 0 0 0 0 0
120.0 0 0 0 0 0 0
125.0 0 0 0 0 0 0
130.0 0 0 0 0 0 0
135.0 0 0 0 0 0 0
140.0 0 0 0 0 0 0
145.0 0 0 0 0 0 0
150.0 0 0 0 0 0 0
155.0 0 0 0 0 0 0
160.0 0 0 0 0 0 0
165.0 0 0 0 0 0 0
170.0 0 0 0 0 0 0
175.0 0 0 0 0 0 0
180.0 0 0 0 0 0 0
185.0 0 0 0 0 0 0
190.0 0 0 0 0 0 0
195.0 0 0 0 0 0 0
200.0 0 0 0 0 0 0
205.0 0 0 0 0 0 0
210.0 0 0 0 0 0 0
215.0 0 0 0 0 0 0
220.0 0 0 0 0 0 0
225.0 0 0 0 0 0 0
230.0 0 0 0 0 0 0
235.0 0 0 0 0 0 0
240.0 0 0 0 0 0 0
245.0 0 0 0 0 0 0
250.0 0 0 0 0 0 0
255.0 0 0 0 0 0 0
260.0 0 0 0 0 0 0
265.0 0 0 0 0 0 0
270.0 0 0 0 0 0 0
275.0 0 0 0 0 0 0
280.0 0 0 0 0 0 0
285.0 0 0 0 0 0 0
290.0 0 0 0 0 0 0
295.0 0 0 0 0 0 0
300.0 0 1 0 0 1 2
305.0 0 1 0 0 1 2
310.0 0 2 1 0 1 4
315.0 0 2 1 0 1 4
320.0 2 2 1 0 2 7
325.0 2 2 1 0 2 7
330.0 3 1 1 0 2 7
335.0 2 1 1 0 2 6
340.0 2 1 2 0 2 7
345.0 1 1 2 0 2 6
350.0 2 1 2 0 3 8
355.0 2 1 3 0 3 9
360.0 3 1 2 0 3 9
365.0 3 1 3 0 3 10
370.0 3 1 3 0 3 10
375.0 2 3 1 0 2 8
380.0 2 4 1 0 1 8
385.0 2 5 3 0 1 11
390.0 2 4 4 0 1 11
395.0 1 5 5 0 1 12
400.0 2 5 6 0 1 14
405.0 2 4 6 0 1 13
410.0 2 6 8 3 1 20
415.0 2 8 8 4 1 23
420.0 3 9 9 6 1 28
425.0 4 9 14 6 1 34
430.0 5 11 14 6 1 37
435.0 6 10 16 7 1 40
440.0 8 11 15 8 1 43
445.0 8 11 17 8 1 45
450.0 10 10 12 7 2 41
455.0 12 15 15 7 2 51
460.0 16 13 17 8 3 57
465.0 16 15 21 7 3 62
470.0 14 16 18 10 3 61
475.0 15 19 19 10 3 66
480.0 17 18 25 10 3 73
485.0 18 18 27 13 3 79
490.0 17 17 27 14 5 80
495.0 18 17 27 15 6 83
500.0 17 15 27 15 7 81
505.0 17 17 28 16 8 86
510.0 20 18 27 15 9 89
515.0 22 20 30 15 11 98
520.0 22 24 31 16 11 104
525.0 20 29 30 16 11 106
530.0 17 34 29 17 13 110
535.0 21 37 33 15 13 119
540.0 19 39 30 19 13 120
545.0 17 40 35 21 17 130
550.0 20 39 32 18 18 127
555.0 22 42 34 16 19 133
560.0 23 43 40 16 23 145
565.0 25 43 40 17 22 147
570.0 31 44 38 22 22 157
575.0 26 48 43 26 21 164
580.0 28 51 44 27 20 170
585.0 29 57 47 25 20 178
590.0 40 49 48 22 19 178
595.0 39 54 46 22 21 182
600.0 41 50 42 25 22 180
605.0 43 45 43 25 21 177
610.0 41 37 45 29 23 175
615.0 41 40 43 26 22 172
620.0 47 40 45 25 21 178
625.0 45 41 43 23 20 172
630.0 41 45 44 23 20 173
635.0 41 47 41 20 20 169
640.0 37 47 37 25 18 164
645.0 38 47 41 25 19 170
650.0 42 44 49 24 21 180
655.0 43 40 59 22 22 186
660.0 39 40 58 24 20 181
665.0 38 36 59 29 20 182
670.0 36 37 58 27 22 180
675.0 38 42 60 27 21 188
680.0 36 48 62 23 19 188
685.0 36 49 64 21 21 191
690.0 35 47 62 16 21 181
695.0 36 40 64 14 20 174
700.0 37 43 61 11 21 173
705.0 33 44 65 10 19 171
710.0 32 53 58 12 17 172
715.0 30 52 54 13 15 164
720.0 37 50 49 13 13 162
725.0 35 51 44 13 12 155
730.0 40 48 48 13 12 161
735.0 33 47 46 14 10 150
740.0 34 39 45 16 10 144
745.0 33 38 44 18 11 144
750.0 30 40 40 16 13 139
755.0 29 40 42 15 12 138
760.0 28 47 35 16 13 139
765.0 26 47 35 13 12 133
770.0 25 48 44 15 13 145
775.0 30 42 48 10 12 142
780.0 32 40 45 14 11 142
785.0 37 39 42 17 10 145
790.0 34 35 41 18 12 140
795.0 32 37 35 17 13 134
800.0 30 36 39 18 14 137
805.0 28 32 45 17 14 136
810.0 25 33 44 20 13 135
815.0 22 34 43 19 14 132
820.0 26 39 41 19 13 138
825.0 28 39 42 18 15 142
830.0 30 38 44 18 15 145
835.0 28 38 43 20 16 145
840.0 28 41 47 22 18 156
845.0 23 45 46 21 18 153
850.0 29 43 51 21 21 165
855.0 31 40 52 19 20 162
860.0 33 37 49 20 19 158
865.0 34 36 44 20 18 152
870.0 29 39 50 22 17 157
875.0 27 37 53 24 17 158
880.0 26 34 50 27 20 157
885.0 36 38 51 24 21 170
890.0 38 37 58 21 22 176
895.0 39 32 62 22 21 176
900.0 40 37 59 23 18 177
905.0 47 38 54 24 17 180
910.0 47 43 54 22 18 184
915.0 44 43 53 24 15 179
920.0 41 47 49 26 17 180
925.0 39 48 47 28 14 176
930.0 40 51 50 33 13 187
935.0 38 47 50 33 13 181
940.0 33 51 52 32 15 183
945.0 36 52 52 27 15 182
950.0 34 57 50 24 17 182
955.0 32 59 51 23 17 182
960.0 45 57 47 22 17 188
965.0 41 62 45 24 15 187
970.0 46 61 43 24 15 189
975.0 50 58 45 24 15 192
980.0 44 53 49 22 17 185
985.0 40 52 47 21 16 176
990.0 33 49 44 22 17 165
995.0 34 52 46 22 17 171
1000.0 31 50 48 26 16 171
1005.0 34 50 48 25 16 173
1010.0 35 51 51 29 14 180
1015.0 37 52 50 29 11 179
1020.0 37 53 50 27 10 177
1025.0 38 47 47 26 11 169
1030.0 38 49 45 25 11 168
1035.0 39 51 45 20 12 167
1040.0 35 50 46 21 10 162
1045.0 36 50 47 22 8 163
1050.0 33 49 43 23 9 157
1055.0 38 42 48 24 9 161
1060.0 34 43 49 26 10 162
1065.0 37 45 51 29 11 173
1070.0 32 52 54 30 14 182
1075.0 31 53 54 32 16 186
1080.0 33 52 52 35 15 187
1085.0 33 51 58 34 16 192
1090.0 35 53 65 32 18 203
1095.0 37 56 63 36 21 213
1100.0 36 54 66 36 19 211
1105.0 39 57 70 39 18 223
1110.0 44 55 68 39 16 222
1115.0 48 54 62 37 16 217
1120.0 48 56 60 38 16 218
1125.0 46 48 53 34 15 196
1130.0 43 46 55 33 15 192
1135.0 47 46 55 32 15 195
1140.0 50 48 58 30 14 200
1145.0 54 46 62 31 15 208
1150.0 53 43 59 33 16 204
1155.0 54 45 59 30 18 206
1160.0 48 50 57 26 18 199
1165.0 47 55 55 24 16 197
1170.0 52 51 50 21 15 189
1175.0 49 46 47 22 16 180
1180.0 44 43 48 17 16 168
1185.0 49 45 48 15 16 173
1190.0 46 47 46 17 16 172
1195.0 42 46 45 20 15 168
1200.0 37 47 44 22 18 168
1205.0 36 47 43 22 18 166
1210.0 37 43 42 18 18 158
1215.0 35 37 39 17 18 146
1220.0 35 30 38 15 16 134
1225.0 27 30 40 15 16 128
1230.0 27 27 39 15 17 125
1235.0 28 28 40 13 17 126
1240.0 21 27 38 15 16 117
1245.0 18 25 37 15 14 109
1250.0 17 19 36 20 11 103
1255.0 15 16 36 19 10 96
1260.0 17 18 29 19 9 92
1265.0 17 21 25 17 11 91
1270.0 21 18 21 13 11 84
1275.0 24 20 18 9 10 81
1280.0 21 18 18 11 7 75
1285.0 21 15 20 10 7 73
1290.0 19 9 20 9 7 64
1295.0 14 9 20 7 6 56
1300.0 10 12 17 6 6 51
1305.0 6 10 14 10 7 47
1310.0 7 11 11 9 6 44
1315.0 6 10 10 7 3 36
1320.0 8 11 9 3 3 34
1325.0 7 8 8 5 4 32
1330.0 6 6 6 4 4 26
1335.0 5 7 6 4 2 24
1340.0 5 10 6 3 2 26
1345.0 4 8 6 3 1 22
1350.0 4 5 5 3 1 18
1355.0 4 4 5 2 1 16
1360.0 3 5 5 2 1 16
1365.0 2 5 5 2 1 15
1370.0 2 5 2 1 1 11
1375.0 3 6 2 0 1 12
1380.0 3 6 2 0 1 12
1385.0 2 5 2 0 0 9
1390.0 1 3 2 0 0 6
1395.0 1 2 0 0 0 3
1400.0 1 2 0 0 1 4
1405.0 1 1 0 0 1 3
1410.0 0 0 0 0 1 1
1415.0 0 0 0 0 1 1
1420.0 0 0 0 0 1 1
1425.0 0 0 0 0 1 1
1430.0 0 0 0 0 1 1
1435.0 0 0 0 0 1 1
