5.0 0 0 0 0 0 0
10.0 0 0 0 0 0 0
15.0 0 0 0 0 0 0
20.0 0 0 0 0 0 0
25.0 0 0 0 0 0 0
30.0 0 0 0 0 0 0
35.0 0 0 0 0 0 0
40.0 0 0 0 0 0 0
45.0 0 0 0 0 0 0
50.0 0 0 0 0 0 0
55.0 0 0 0 0 0 0
60.0 0 0 0 0 0 0
65.0 0 0 0 0 0 0
70.0 0 0 0 0 0 0
75.0 0 0 0 0 0 0
80.0 0 0 0 0 0 0
85.0 0 0 0 0 0 0
90.0 0 0 0 0 0 0
95.0 0 0 0 0 0 0
100.0 0 0 0 0 0 0
105.0 0 0 0 0 0 0
110.0 0 0 0 0 0 0
115.0 0 0 0 0 0 0
120.0 0 0 0 0 0 0
125.0 0 0 0 0 0 0
130.0 0 0 0 0 0 0
135.0 0 0 0 0 0 0
140.0 0 0 0 0 0 0
145.0 0 0 0 0 0 0
150.0 0 0 0 0 0 0
155.0 0 0 0 0 0 0
160.0 0 0 0 0 0 0
165.0 0 0 0 0 0 0
170.0 0 0 0 0 0 0
175.0 0 0 0 0 0 0
180.0 0 0 0 0 0 0
185.0 0 0 0 0 0 0
190.0 0 0 0 0 0 0
195.0 0 0 0 0 0 0
200.0 0 0 0 0 0 0
205.0 0 0 0 0 0 0
210.0 0 0 0 0 0 0
215.0 0 0 0 0 0 0
220.0 0 0 0 0 0 0
225.0 0 0 0 0 0 0
230.0 0 0 0 0 0 0
235.0 0 0 0 0 0 0
240.0 0 0 0 0 0 0
245.0 0 0 0 0 0 0
250.0 0 0 0 0 0 0
255.0 0 0 0 0 0 0
260.0 0 0 0 0 0 0
265.0 0 0 0 0 0 0
270.0 0 0 0 0 0 0
275.0 0 0 0 1 0 1
280.0 0 0 0 1 0 1
285.0 0 0 0 1 0 1
290.0 0 0 0 1 0 1
295.0 0 0 0 1 0 1
300.0 0 0 0 2 0 2
305.0 0 0 0 2 0 2
310.0 0 0 0 2 0 2
315.0 0 0 0 2 0 2
320.0 0 0 0 3 0 3
325.0 0 0 0 3 0 3
330.0 0 0 0 3 0 3
335.0 0 0 0 3 0 3
340.0 0 0 0 3 0 3
345.0 0 0 0 3 0 3
350.0 0 0 1 3 0 4
355.0 0 0 2 2 1 5
360.0 0 0 2 2 1 5
365.0 0 0 2 2 0 4
370.0 0 0 2 2 0 4
375.0 0 0 2 2 0 4
380.0 0 0 4 2 0 6
385.0 1 0 5 1 0 7
390.0 1 0 6 1 0 8
395.0 2 0 7 1 1 11
400.0 2 1 7 1 1 12
405.0 2 1 7 1 2 13
410.0 3 2 8 1 3 17
415.0 3 3 8 2 3 19
420.0 3 3 8 3 4 21
425.0 1 5 9 4 4 23
430.0 4 6 10 4 4 28
435.0 4 4 11 4 4 27
440.0 4 4 12 4 4 28
445.0 6 6 14 5 4 35
450.0 8 7 13 4 5 37
455.0 10 7 12 3 5 37
460.0 9 9 12 3 5 38
465.0 10 10 11 4 5 40
470.0 9 11 13 6 6 45
475.0 10 13 14 6 6 49
480.0 9 14 12 5 6 46
485.0 10 14 12 7 6 49
490.0 17 13 15 7 7 59
495.0 22 13 16 5 7 63
500.0 25 14 18 6 7 70
505.0 28 16 20 7 7 78
510.0 29 16 19 6 8 78
515.0 26 19 19 7 8 79
520.0 23 20 26 7 8 84
525.0 22 19 32 9 8 90
530.0 20 25 32 8 8 93
535.0 19 26 36 11 10 102
540.0 21 26 36 12 11 106
545.0 21 27 36 14 12 110
550.0 24 25 36 14 14 113
555.0 25 26 35 15 16 117
560.0 27 26 34 16 14 117
565.0 28 27 31 14 17 117
570.0 26 30 33 16 17 122
575.0 27 31 30 15 17 120
580.0 26 32 26 17 18 119
585.0 30 31 29 18 20 128
590.0 33 35 32 17 22 139
595.0 36 32 40 17 22 147
600.0 40 30 36 19 22 147
605.0 37 28 41 23 19 148
610.0 37 32 37 26 19 151
615.0 42 31 40 23 21 157
620.0 39 33 43 21 20 156
625.0 39 34 40 19 19 151
630.0 40 36 38 21 16 151
635.0 38 33 38 20 18 147
640.0 39 35 41 21 16 152
645.0 37 36 38 19 15 145
650.0 35 33 39 18 15 140
655.0 35 37 43 16 17 148
660.0 31 42 43 16 14 146
665.0 32 39 43 15 13 142
670.0 36 30 45 16 13 140
675.0 34 31 44 17 12 138
680.0 30 33 46 19 13 141
685.0 30 32 42 20 14 138
690.0 29 38 33 17 14 131
695.0 26 40 31 19 15 131
700.0 28 37 38 20 13 136
705.0 27 34 41 18 12 132
710.0 29 37 37 18 15 136
715.0 30 35 38 16 13 132
720.0 27 32 39 14 13 125
725.0 23 32 39 16 13 123
730.0 21 34 38 15 11 119
735.0 25 29 37 18 12 121
740.0 28 26 36 17 12 119
745.0 27 23 36 17 12 115
750.0 27 20 33 16 13 109
755.0 24 19 33 19 12 107
760.0 20 23 32 17 11 103
765.0 23 22 31 16 9 101
770.0 21 27 34 16 11 109
775.0 20 27 36 14 13 110
780.0 19 24 33 11 18 105
785.0 18 25 32 14 18 107
790.0 23 22 34 11 16 106
795.0 21 27 34 13 15 110
800.0 22 24 32 13 17 108
805.0 24 24 31 15 16 110
810.0 23 24 35 15 18 115
815.0 23 22 37 18 17 117
820.0 24 25 33 18 17 117
825.0 25 25 30 16 17 113
830.0 24 28 30 15 16 113
835.0 25 28 29 15 16 113
840.0 25 28 30 16 17 116
845.0 25 27 35 13 20 120
850.0 25 26 36 13 21 121
855.0 26 30 36 15 20 127
860.0 30 29 34 15 19 127
865.0 32 28 33 15 18 126
870.0 31 30 35 15 18 129
875.0 31 27 34 17 18 127
880.0 29 24 31 21 17 122
885.0 26 22 30 23 18 119
890.0 27 26 29 18 18 118
895.0 26 29 31 18 16 120
900.0 24 32 35 19 16 126
905.0 27 36 31 19 15 128
910.0 26 40 31 18 16 131
915.0 22 45 29 19 16 131
920.0 19 39 33 16 16 123
925.0 24 41 37 17 16 135
930.0 24 39 40 21 16 140
935.0 22 37 38 19 19 135
940.0 31 37 39 20 20 147
945.0 30 37 43 18 21 149
950.0 33 35 45 16 17 146
955.0 33 33 43 16 17 142
960.0 30 35 41 16 18 140
965.0 35 32 44 15 16 142
970.0 32 33 42 16 15 138
975.0 28 29 39 20 15 131
980.0 25 34 37 23 14 133
985.0 27 33 36 22 16 134
990.0 33 32 32 24 17 138
995.0 34 31 33 23 18 139
1000.0 37 31 35 23 17 143
1005.0 38 32 37 23 18 148
1010.0 36 38 34 19 17 144
1015.0 38 37 43 17 18 153
1020.0 39 39 38 19 19 154
1025.0 41 43 40 18 17 159
1030.0 42 39 41 17 16 155
1035.0 36 36 42 17 16 147
1040.0 38 39 38 14 18 147
1045.0 40 39 33 14 17 143
1050.0 39 40 30 16 19 144
1055.0 39 36 32 16 20 143
1060.0 44 29 33 20 19 145
1065.0 44 32 27 16 18 137
1070.0 40 33 25 19 18 135
1075.0 39 33 26 17 18 133
1080.0 33 38 31 24 18 144
1085.0 28 38 36 26 18 146
1090.0 28 41 43 23 18 153
1095.0 32 39 51 22 22 166
1100.0 33 38 55 23 24 173
1105.0 31 38 55 24 27 175
1110.0 36 40 47 25 28 176
1115.0 38 38 46 23 31 176
1120.0 39 37 55 24 30 185
1125.0 37 42 56 23 26 184
1130.0 39 41 51 25 27 183
1135.0 34 44 47 25 28 178
1140.0 31 49 52 24 27 183
1145.0 28 49 53 18 29 177
1150.0 30 51 48 19 28 176
1155.0 29 53 48 17 25 172
1160.0 31 48 49 15 22 165
1165.0 30 47 43 16 23 159
1170.0 33 47 40 15 23 158
1175.0 33 43 39 16 25 156
1180.0 34 43 41 11 24 153
1185.0 34 37 46 13 24 154
1190.0 27 33 44 16 23 143
1195.0 24 42 42 15 23 146
1200.0 30 37 38 17 22 144
1205.0 29 38 41 19 19 146
1210.0 26 37 39 21 18 141
1215.0 24 35 35 20 18 132
1220.0 23 37 32 20 18 130
1225.0 20 34 34 17 19 124
1230.0 20 29 33 16 17 115
1235.0 18 25 31 16 16 106
1240.0 18 22 30 16 15 101
1245.0 21 19 28 11 15 94
1250.0 16 19 23 13 12 83
1255.0 16 20 22 13 11 82
1260.0 16 19 23 11 9 78
1265.0 18 23 21 8 9 79
1270.0 17 25 20 6 9 77
1275.0 12 22 18 6 11 69
1280.0 11 24 14 6 11 66
1285.0 10 19 16 4 10 59
1290.0 12 16 14 3 9 54
1295.0 9 13 15 4 9 50
1300.0 10 9 12 5 8 44
1305.0 11 5 12 5 7 40
1310.0 12 3 9 6 5 35
1315.0 12 3 9 6 5 35
1320.0 11 2 6 5 4 28
1325.0 8 4 6 7 4 29
1330.0 8 4 4 6 4 26
1335.0 8 4 4 6 3 25
1340.0 8 5 4 5 3 25
1345.0 6 4 1 6 2 19
1350.0 4 4 2 5 2 17
1355.0 4 3 2 4 1 14
1360.0 4 3 1 3 2 13
1365.0 2 4 1 2 2 11
1370.0 1 4 2 1 2 10
1375.0 1 3 5 0 1 10
1380.0 1 3 5 0 1 10
1385.0 1 3 4 0 1 9
1390.0 1 3 3 0 1 8
1395.0 1 2 1 0 1 5
1400.0 0 2 1 0 1 4
1405.0 1 1 1 0 1 4
1410.0 1 1 0 0 1 3
1415.0 1 1 0 0 1 3
1420.0 0 1 0 0 0 1
1425.0 0 1 0 0 0 1
1430.0 0 0 1 0 0 1
1435.0 0 0 1 0 0 1
