5.0 0 0 0 0 0 0
10.0 0 0 0 0 0 0
15.0 0 0 0 0 0 0
20.0 0 0 0 0 0 0
25.0 0 0 0 0 0 0
30.0 0 0 0 0 0 0
35.0 0 0 0 0 0 0
40.0 0 0 0 0 0 0
45.0 0 0 0 0 0 0
50.0 0 0 0 0 0 0
55.0 0 0 0 0 0 0
60.0 0 0 0 0 0 0
65.0 0 0 0 0 0 0
70.0 0 0 0 0 0 0
75.0 0 0 0 0 0 0
80.0 0 0 0 0 0 0
85.0 0 0 0 0 0 0
90.0 0 0 0 0 0 0
95.0 0 0 0 0 0 0
100.0 0 0 0 0 0 0
105.0 0 0 0 0 0 0
110.0 0 0 0 0 0 0
115.0 0 0 0 0 0 0
120.0 0 0 0 0 0 0
125.0 0 0 0 0 0 0
130.0 0 0 0 0 0 0
135.0 0 0 0 0 0 0
140.0 0 0 0 0 0 0
145.0 0 0 0 0 0 0
150.0 0 0 0 0 0 0
155.0 0 0 0 0 0 0
160.0 0 0 0 0 0 0
165.0 0 0 0 0 0 0
170.0 0 0 0 0 0 0
175.0 0 0 0 0 0 0
180.0 0 0 0 0 0 0
185.0 0 0 0 0 0 0
190.0 0 0 0 0 0 0
195.0 0 0 0 0 0 0
200.0 0 0 0 0 0 0
205.0 0 0 0 0 0 0
210.0 0 0 0 0 0 0
215.0 0 0 0 0 0 0
220.0 0 0 0 0 0 0
225.0 0 0 0 0 0 0
230.0 0 0 0 0 0 0
235.0 0 0 0 0 0 0
240.0 0 0 0 0 0 0
245.0 0 0 0 0 0 0
250.0 0 0 0 0 0 0
255.0 0 0 0 0 0 0
260.0 0 0 0 0 0 0
265.0 0 0 0 0 0 0
270.0 0 0 0 0 0 0
275.0 0 0 0 0 0 0
280.0 0 0 0 0 0 0
285.0 0 0 0 0 0 0
290.0 0 0 0 0 0 0
295.0 0 0 0 0 0 0
300.0 0 0 0 0 0 0
305.0 0 0 0 0 0 0
310.0 0 0 0 0 0 0
315.0 0 0 1 0 0 1
320.0 0 0 1 0 0 1
325.0 1 0 1 0 0 2
330.0 1 0 1 0 0 2
335.0 1 0 1 0 0 2
340.0 0 0 1 1 0 2
345.0 0 0 1 1 0 2
350.0 0 0 1 1 0 2
355.0 0 0 0 1 0 1
360.0 0 0 0 1 0 1
365.0 1 0 0 0 0 1
370.0 1 0 0 0 0 1
375.0 1 0 1 0 0 2
380.0 0 0 1 0 0 1
385.0 0 0 2 0 0 2
390.0 0 0 2 0 0 2
395.0 0 1 2 0 0 3
400.0 0 1 1 0 0 2
405.0 1 2 2 0 0 5
410.0 1 1 3 1 1 7
415.0 1 3 3 1 1 9
420.0 3 5 4 2 1 15
425.0 2 6 4 2 1 15
430.0 2 6 5 3 1 17
435.0 0 7 7 3 1 18
440.0 1 7 7 3 1 19
445.0 2 7 7 3 1 20
450.0 3 9 7 3 2 24
455.0 3 9 6 4 3 25
460.0 5 12 6 3 3 29
465.0 6 12 7 2 4 31
470.0 9 12 8 3 4 36
475.0 9 13 7 5 5 39
480.0 9 10 12 4 4 39
485.0 11 12 11 5 4 43
490.0 12 13 11 5 4 45
495.0 14 13 10 4 5 46
500.0 16 12 15 4 5 52
505.0 16 13 15 4 5 53
510.0 20 14 18 5 5 62
515.0 21 15 19 7 4 66
520.0 24 16 19 8 4 71
525.0 22 17 20 11 4 74
530.0 27 18 21 12 4 82
535.0 29 14 20 11 4 78
540.0 28 17 22 11 4 82
545.0 23 18 23 12 3 79
550.0 22 19 22 13 3 79
555.0 18 21 23 16 4 82
560.0 15 28 23 17 6 89
565.0 16 26 24 19 6 91
570.0 19 26 23 16 7 91
575.0 21 26 26 16 8 97
580.0 23 25 30 16 7 101
585.0 18 21 26 16 8 89
590.0 20 20 28 14 8 90
595.0 21 21 30 14 9 95
600.0 21 20 28 15 10 94
605.0 18 21 30 19 10 98
610.0 17 22 28 21 9 97
615.0 18 23 27 21 10 99
620.0 17 21 29 21 12 100
625.0 18 22 32 22 12 106
630.0 14 23 32 21 14 104
635.0 10 24 32 20 15 101
640.0 14 27 32 19 14 106
645.0 18 24 29 21 15 107
650.0 20 24 33 20 14 111
655.0 22 25 31 18 14 110
660.0 24 24 31 17 14 110
665.0 21 21 35 19 14 110
670.0 23 21 37 15 14 110
675.0 20 24 38 13 14 109
680.0 20 26 38 13 12 109
685.0 19 26 37 13 11 106
690.0 22 26 40 11 11 110
695.0 23 25 38 11 11 108
700.0 21 30 34 12 10 107
705.0 26 29 33 12 11 111
710.0 25 25 34 11 10 105
715.0 23 21 30 13 8 95
720.0 23 20 32 9 7 91
725.0 20 20 37 11 7 95
730.0 17 20 35 12 8 92
735.0 16 18 35 12 10 91
740.0 15 21 31 13 9 89
745.0 17 19 32 13 7 88
750.0 15 17 30 13 6 81
755.0 18 18 26 7 6 75
760.0 18 14 23 8 4 67
765.0 20 13 24 8 4 69
770.0 21 13 26 8 4 72
775.0 25 11 25 8 6 75
780.0 23 10 24 9 5 71
785.0 22 11 21 10 4 68
790.0 18 10 24 10 5 67
795.0 19 12 26 9 5 71
800.0 21 13 28 12 5 79
805.0 21 12 27 10 5 75
810.0 18 13 23 11 5 70
815.0 19 12 19 11 6 67
820.0 19 13 18 11 7 68
825.0 15 15 19 15 7 71
830.0 15 15 17 17 6 70
835.0 16 15 18 16 7 72
840.0 18 16 16 19 6 75
845.0 18 16 14 22 5 75
850.0 17 17 15 21 6 76
855.0 24 20 15 20 6 85
860.0 25 20 16 16 6 83
865.0 23 17 15 15 5 75
870.0 25 16 16 13 5 75
875.0 24 18 19 14 6 81
880.0 27 19 16 14 7 83
885.0 22 17 18 16 7 80
890.0 21 17 19 12 7 76
895.0 24 17 18 12 7 78
900.0 25 20 17 10 8 80
905.0 31 18 17 10 9 85
910.0 30 14 17 9 9 79
915.0 25 12 21 8 11 77
920.0 24 15 26 8 10 83
925.0 21 18 27 9 12 87
930.0 21 17 26 9 13 86
935.0 21 17 28 11 14 91
940.0 18 19 31 10 13 91
945.0 18 19 30 11 14 92
950.0 20 21 32 10 14 97
955.0 24 24 30 10 14 102
960.0 20 26 26 9 13 94
965.0 19 27 26 9 13 94
970.0 21 28 31 7 14 101
975.0 20 25 34 9 12 100
980.0 16 27 33 9 9 94
985.0 15 30 34 9 8 96
990.0 14 28 34 8 8 92
995.0 18 28 35 11 8 100
1000.0 18 24 35 15 7 99
1005.0 20 21 36 17 8 102
1010.0 24 23 36 20 9 112
1015.0 24 23 33 21 9 110
1020.0 27 23 30 20 9 109
1025.0 27 28 31 17 9 112
1030.0 26 31 32 16 11 116
1035.0 25 30 33 16 10 114
1040.0 24 29 32 18 11 114
1045.0 25 27 32 15 10 109
1050.0 23 28 27 18 9 105
1055.0 22 27 25 17 14 105
1060.0 23 28 25 15 14 105
1065.0 22 31 27 15 14 109
1070.0 18 30 30 14 13 105
1075.0 18 28 29 14 13 102
1080.0 18 29 28 14 14 103
1085.0 17 26 30 15 17 105
1090.0 22 31 29 11 15 108
1095.0 23 33 30 9 13 108
1100.0 22 38 32 6 13 111
1105.0 21 38 31 8 13 111
1110.0 21 39 30 8 13 111
1115.0 21 35 32 11 13 112
1120.0 20 39 31 11 12 113
1125.0 22 37 34 11 14 118
1130.0 21 31 33 14 16 115
1135.0 25 35 36 15 18 129
1140.0 25 33 35 15 19 127
1145.0 25 34 34 15 17 125
1150.0 24 35 31 15 18 123
1155.0 23 33 33 14 19 122
1160.0 22 33 34 14 19 122
1165.0 25 31 29 14 19 118
1170.0 25 27 30 14 18 114
1175.0 29 26 30 15 16 116
1180.0 27 29 30 14 15 115
1185.0 29 29 28 13 15 114
1190.0 26 27 29 11 16 109
1195.0 27 28 26 10 16 107
1200.0 19 27 26 14 14 100
1205.0 18 26 24 15 14 97
1210.0 23 22 24 12 13 94
1215.0 22 23 27 9 10 91
1220.0 19 24 30 9 10 92
1225.0 19 20 31 7 8 85
1230.0 14 18 29 6 6 73
1235.0 13 17 27 7 5 69
1240.0 12 16 22 8 5 63
1245.0 12 15 20 7 5 59
1250.0 10 14 18 8 3 53
1255.0 11 13 15 7 3 49
1260.0 13 12 16 5 3 49
1265.0 13 10 16 6 3 48
1270.0 11 12 15 8 2 48
1275.0 10 12 13 5 2 42
1280.0 9 12 14 4 1 40
1285.0 9 9 12 3 2 35
1290.0 10 10 10 2 2 34
1295.0 7 8 12 2 0 29
1300.0 5 7 11 2 0 25
1305.0 4 6 10 2 0 22
1310.0 4 4 8 0 0 16
1315.0 4 3 10 1 0 18
1320.0 2 3 11 1 1 18
1325.0 1 3 7 1 1 13
1330.0 0 3 7 0 1 11
1335.0 0 3 6 0 1 10
1340.0 0 0 4 0 0 4
1345.0 0 0 4 0 0 4
1350.0 1 0 4 0 0 5
1355.0 0 0 4 0 0 4
1360.0 0 0 4 0 0 4
1365.0 0 1 3 0 0 4
1370.0 0 1 3 0 0 4
1375.0 1 1 0 0 0 2
1380.0 1 0 0 1 0 2
1385.0 1 0 0 1 0 2
1390.0 1 0 0 1 0 2
1395.0 1 0 0 1 0 2
1400.0 0 0 0 1 0 1
1405.0 0 0 0 1 0 1
1410.0 0 0 0 1 0 1
1415.0 0 0 0 0 0 0
1420.0 0 0 0 0 0 0
1425.0 0 0 0 0 0 0
1430.0 0 0 0 0 0 0
1435.0 0 0 0 0 0 0
