5.0 0 0 0 0 0 0
10.0 0 0 0 0 0 0
15.0 0 0 0 0 0 0
20.0 0 0 0 0 0 0
25.0 0 0 0 0 0 0
30.0 0 0 0 0 0 0
35.0 0 0 0 0 0 0
40.0 0 0 0 0 0 0
45.0 0 0 0 0 0 0
50.0 0 0 0 0 0 0
55.0 0 0 0 0 0 0
60.0 0 0 0 0 0 0
65.0 0 0 0 0 0 0
70.0 0 0 0 0 0 0
75.0 0 0 0 0 0 0
80.0 0 0 0 0 0 0
85.0 0 0 0 0 0 0
90.0 0 0 0 0 0 0
95.0 0 0 0 0 0 0
100.0 0 0 0 0 0 0
105.0 0 0 0 0 0 0
110.0 0 0 0 0 0 0
115.0 0 0 0 0 0 0
120.0 0 0 0 0 0 0
125.0 0 0 0 0 0 0
130.0 0 0 0 0 0 0
135.0 0 0 0 0 0 0
140.0 0 0 0 0 0 0
145.0 0 0 0 0 0 0
150.0 0 0 0 0 0 0
155.0 0 0 0 0 0 0
160.0 0 0 0 0 0 0
165.0 0 0 0 0 0 0
170.0 0 0 0 0 0 0
175.0 0 0 0 0 0 0
180.0 0 0 0 0 0 0
185.0 0 0 0 0 0 0
190.0 0 0 0 0 0 0
195.0 0 0 0 0 0 0
200.0 0 0 0 0 0 0
205.0 0 0 0 0 0 0
210.0 0 0 0 0 0 0
215.0 0 0 0 0 0 0
220.0 0 0 0 0 0 0
225.0 0 0 0 0 0 0
230.0 0 0 0 0 0 0
235.0 0 0 0 0 0 0
240.0 0 0 0 0 0 0
245.0 0 0 0 0 0 0
250.0 0 0 0 0 0 0
255.0 0 0 0 0 0 0
260.0 0 0 0 0 0 0
265.0 0 0 0 0 0 0
270.0 0 0 0 0 0 0
275.0 0 0 0 0 0 0
280.0 0 0 0 0 0 0
285.0 0 0 0 0 0 0
290.0 0 0 0 0 0 0
295.0 0 0 0 0 0 0
300.0 0 0 0 0 0 0
305.0 0 0 0 0 0 0
310.0 0 0 0 0 0 0
315.0 0 0 0 0 0 0
320.0 0 0 0 0 0 0
325.0 0 0 0 0 0 0
330.0 0 0 0 0 0 0
335.0 0 0 0 0 0 0
340.0 0 0 0 0 0 0
345.0 0 0 0 0 0 0
350.0 0 0 0 0 0 0
355.0 0 0 0 0 0 0
360.0 0 0 0 0 0 0
365.0 0 0 0 0 0 0
370.0 0 0 0 0 0 0
375.0 0 0 0 0 0 0
380.0 0 0 0 0 0 0
385.0 0 0 0 0 0 0
390.0 0 0 0 0 0 0
395.0 0 0 0 0 0 0
400.0 0 0 0 0 0 0
405.0 0 0 0 0 0 0
410.0 0 0 0 0 0 0
415.0 0 0 0 0 0 0
420.0 0 0 0 0 0 0
425.0 0 0 0 0 0 0
430.0 0 0 0 0 0 0
435.0 0 0 0 0 0 0
440.0 0 0 0 0 0 0
445.0 0 0 0 0 0 0
450.0 0 0 0 0 0 0
455.0 0 0 0 0 0 0
460.0 0 0 0 0 0 0
465.0 0 0 0 0 0 0
470.0 0 0 0 0 0 0
475.0 0 0 0 0 0 0
480.0 0 0 0 0 0 0
485.0 0 0 0 0 0 0
490.0 0 0 0 0 0 0
495.0 0 0 0 0 0 0
500.0 0 0 0 0 0 0
505.0 0 0 0 0 0 0
510.0 0 0 0 0 0 0
515.0 0 0 0 0 0 0
520.0 0 0 0 0 0 0
525.0 0 0 0 0 0 0
530.0 0 0 0 0 0 0
535.0 0 0 0 0 0 0
540.0 0 0 0 0 0 0
545.0 0 0 0 0 0 0
550.0 0 0 0 0 0 0
555.0 0 1 0 0 0 1
560.0 1 1 0 0 0 2
565.0 1 1 0 0 0 2
570.0 1 1 0 0 0 2
575.0 0 1 1 0 0 2
580.0 0 1 1 0 0 2
585.0 0 0 1 0 0 1
590.0 0 0 1 0 0 1
595.0 0 0 1 1 0 2
600.0 0 1 1 1 0 3
605.0 0 1 1 1 0 3
610.0 1 1 0 0 0 2
615.0 1 1 0 0 0 2
620.0 1 1 0 0 0 2
625.0 1 1 0 0 0 2
630.0 1 1 0 0 0 2
635.0 1 1 0 0 0 2
640.0 1 1 0 0 0 2
645.0 1 1 0 0 0 2
650.0 1 1 0 0 0 2
655.0 1 1 0 0 0 2
660.0 1 1 0 0 0 2
665.0 2 1 0 0 0 3
670.0 2 1 0 0 0 3
675.0 2 1 0 0 0 3
680.0 1 1 0 0 0 2
685.0 1 1 0 0 0 2
690.0 0 1 0 0 0 1
695.0 0 1 0 0 0 1
700.0 0 1 0 0 0 1
705.0 1 1 0 0 0 2
710.0 1 1 0 0 0 2
715.0 1 2 0 0 0 3
720.0 1 2 0 0 0 3
725.0 1 1 1 0 0 3
730.0 1 0 0 0 1 2
735.0 1 0 1 0 1 3
740.0 1 0 1 0 1 3
745.0 1 0 1 0 1 3
750.0 0 0 2 0 1 3
755.0 0 1 2 0 1 4
760.0 0 1 1 0 1 3
765.0 0 1 1 0 1 3
770.0 0 1 0 0 1 2
775.0 0 1 0 0 1 2
780.0 0 1 0 0 1 2
785.0 0 1 0 0 2 3
790.0 0 1 0 0 2 3
795.0 0 1 0 0 2 3
800.0 1 1 0 0 1 3
805.0 1 1 0 0 1 3
810.0 1 1 0 0 1 3
815.0 1 1 0 0 1 3
820.0 1 1 0 0 1 3
825.0 1 1 0 0 1 3
830.0 0 1 0 0 1 2
835.0 0 1 0 0 1 2
840.0 0 1 0 0 1 2
845.0 0 1 0 0 1 2
850.0 0 1 0 0 2 3
855.0 0 1 0 0 2 3
860.0 0 1 0 0 2 3
865.0 0 1 0 0 2 3
870.0 1 0 0 0 2 3
875.0 1 0 1 0 2 4
880.0 1 0 1 0 2 4
885.0 1 1 1 0 1 4
890.0 1 1 1 0 1 4
895.0 1 1 1 0 1 4
900.0 1 1 1 0 1 4
905.0 0 1 1 0 1 3
910.0 1 1 1 0 1 4
915.0 1 0 1 0 1 3
920.0 1 0 1 0 0 2
925.0 2 0 0 0 0 2
930.0 2 0 0 0 0 2
935.0 2 0 0 0 0 2
940.0 2 0 0 0 0 2
945.0 2 0 0 0 1 3
950.0 2 0 0 0 1 3
955.0 2 0 0 0 1 3
960.0 1 0 0 0 1 2
965.0 1 0 0 0 0 1
970.0 0 0 0 1 0 1
975.0 0 0 0 1 0 1
980.0 0 0 1 1 0 2
985.0 0 0 1 1 0 2
990.0 0 0 1 1 0 2
995.0 0 0 1 1 0 2
1000.0 0 0 1 0 0 1
1005.0 0 0 1 0 0 1
1010.0 0 0 1 0 0 1
1015.0 0 0 1 0 0 1
1020.0 0 0 2 0 0 2
1025.0 1 0 2 0 0 3
1030.0 1 0 2 0 0 3
1035.0 2 0 2 0 0 4
1040.0 2 0 2 0 0 4
1045.0 2 0 2 0 0 4
1050.0 2 0 2 0 0 4
1055.0 2 0 2 0 0 4
1060.0 3 0 1 0 0 4
1065.0 3 0 1 0 0 4
1070.0 3 0 1 0 0 4
1075.0 3 0 0 0 0 3
1080.0 2 0 0 0 0 2
1085.0 1 0 0 1 0 2
1090.0 1 0 0 1 0 2
1095.0 1 0 0 1 0 2
1100.0 1 0 1 1 0 3
1105.0 1 0 1 1 0 3
1110.0 1 0 1 1 0 3
1115.0 2 0 0 1 0 3
1120.0 2 0 0 1 0 3
1125.0 2 0 0 1 0 3
1130.0 2 0 0 1 0 3
1135.0 2 0 1 0 0 3
1140.0 1 0 1 0 0 2
1145.0 0 0 1 0 0 1
1150.0 0 0 1 0 0 1
1155.0 0 0 1 0 0 1
1160.0 0 0 1 0 0 1
1165.0 0 0 1 0 0 1
1170.0 0 0 1 0 0 1
1175.0 0 0 1 0 0 1
1180.0 0 0 1 0 1 2
1185.0 0 0 0 0 1 1
1190.0 0 0 0 0 1 1
1195.0 0 0 0 0 1 1
1200.0 0 0 0 0 1 1
1205.0 0 0 0 0 1 1
1210.0 0 0 0 0 1 1
1215.0 0 0 0 0 1 1
1220.0 0 0 0 0 1 1
1225.0 0 0 0 0 1 1
1230.0 0 0 0 0 1 1
1235.0 0 0 0 0 0 0
1240.0 0 0 0 0 0 0
1245.0 0 0 0 0 0 0
1250.0 0 0 0 0 0 0
1255.0 0 0 0 0 0 0
1260.0 0 0 0 0 0 0
1265.0 0 0 0 0 0 0
1270.0 0 0 0 0 0 0
1275.0 0 0 0 0 0 0
1280.0 0 0 0 0 0 0
1285.0 0 0 0 0 0 0
1290.0 0 0 0 0 0 0
1295.0 0 0 0 0 0 0
1300.0 0 0 0 0 0 0
1305.0 0 0 0 0 0 0
1310.0 0 0 0 0 0 0
1315.0 0 0 0 0 0 0
1320.0 0 0 0 0 0 0
1325.0 0 0 0 0 0 0
1330.0 0 0 0 0 0 0
1335.0 0 0 0 0 0 0
1340.0 0 0 0 0 0 0
1345.0 0 0 0 0 0 0
1350.0 0 0 0 0 0 0
1355.0 0 0 0 0 0 0
1360.0 0 0 0 0 0 0
1365.0 0 0 0 0 0 0
1370.0 0 0 0 0 0 0
1375.0 0 0 0 0 0 0
1380.0 0 0 0 0 0 0
1385.0 0 0 0 0 0 0
1390.0 0 0 0 0 0 0
1395.0 0 0 0 0 0 0
1400.0 0 0 0 0 0 0
1405.0 0 0 0 0 0 0
1410.0 0 0 0 0 0 0
1415.0 0 0 0 0 0 0
1420.0 0 0 0 0 0 0
1425.0 0 0 0 0 0 0
1430.0 0 0 0 0 0 0
1435.0 0 0 0 0 0 0
