5.0 0 0 0 0 0 0
10.0 0 0 0 0 0 0
15.0 0 0 0 0 0 0
20.0 0 0 0 0 0 0
25.0 0 0 0 0 0 0
30.0 0 0 0 0 0 0
35.0 0 0 0 0 0 0
40.0 0 0 0 0 0 0
45.0 0 0 0 0 0 0
50.0 0 0 0 0 0 0
55.0 0 0 0 0 0 0
60.0 0 0 0 0 0 0
65.0 0 0 0 0 0 0
70.0 0 0 0 0 0 0
75.0 0 0 0 0 0 0
80.0 0 0 0 0 0 0
85.0 0 0 0 0 0 0
90.0 0 0 0 0 0 0
95.0 0 0 0 0 0 0
100.0 0 0 0 0 0 0
105.0 0 0 0 0 0 0
110.0 0 0 0 0 0 0
115.0 0 0 0 0 0 0
120.0 0 0 0 0 0 0
125.0 0 0 0 0 0 0
130.0 0 0 0 0 0 0
135.0 0 0 0 0 0 0
140.0 0 0 0 0 0 0
145.0 0 0 0 0 0 0
150.0 0 0 0 0 0 0
155.0 0 0 0 0 0 0
160.0 0 0 0 0 0 0
165.0 0 0 0 0 0 0
170.0 0 0 0 0 0 0
175.0 0 0 0 0 0 0
180.0 0 0 0 0 0 0
185.0 0 0 0 0 0 0
190.0 0 0 0 0 0 0
195.0 0 0 0 0 0 0
200.0 0 0 0 0 0 0
205.0 0 0 0 0 0 0
210.0 0 0 0 0 0 0
215.0 0 0 0 0 0 0
220.0 0 0 0 0 0 0
225.0 0 0 0 0 0 0
230.0 0 0 0 0 0 0
235.0 0 0 0 0 0 0
240.0 0 0 0 0 0 0
245.0 0 0 0 0 0 0
250.0 0 0 0 0 0 0
255.0 0 0 0 0 0 0
260.0 0 0 0 0 0 0
265.0 0 0 0 0 0 0
270.0 0 0 0 0 0 0
275.0 0 0 0 0 0 0
280.0 0 0 0 0 0 0
285.0 0 0 0 0 0 0
290.0 0 0 0 0 0 0
295.0 0 0 0 0 0 0
300.0 0 0 0 0 0 0
305.0 0 0 0 0 0 0
310.0 0 0 0 0 0 0
315.0 0 0 0 0 0 0
320.0 0 0 0 0 0 0
325.0 0 1 0 0 0 1
330.0 0 1 0 0 0 1
335.0 0 1 0 0 0 1
340.0 0 0 0 0 0 0
345.0 0 0 0 0 0 0
350.0 0 0 0 1 0 1
355.0 0 0 0 1 0 1
360.0 0 0 0 1 0 1
365.0 0 0 1 1 0 2
370.0 0 0 1 1 1 3
375.0 0 0 2 0 1 3
380.0 0 0 2 0 1 3
385.0 0 0 0 0 1 1
390.0 1 0 0 0 1 2
395.0 1 1 0 0 1 3
400.0 2 1 1 0 1 5
405.0 2 2 1 0 1 6
410.0 2 2 0 0 1 5
415.0 2 3 0 1 1 7
420.0 2 3 0 1 1 7
425.0 0 3 0 2 1 6
430.0 0 2 1 3 1 7
435.0 0 2 1 3 1 7
440.0 0 1 2 3 2 8
445.0 0 2 2 3 2 9
450.0 1 3 2 3 2 11
455.0 2 3 1 4 2 12
460.0 3 2 0 4 2 11
465.0 2 2 1 4 2 11
470.0 2 3 2 4 2 13
475.0 3 3 3 3 1 13
480.0 5 4 4 2 1 16
485.0 5 4 5 2 1 17
490.0 5 3 7 2 2 19
495.0 4 2 8 1 2 17
500.0 3 4 8 1 2 18
505.0 3 5 8 1 2 19
510.0 3 5 8 1 2 19
515.0 4 6 7 0 2 19
520.0 4 8 7 0 1 20
525.0 3 10 7 1 0 21
530.0 2 11 6 2 0 21
535.0 2 10 6 4 0 22
540.0 3 12 6 3 1 25
545.0 3 13 5 4 3 28
550.0 5 14 5 3 3 30
555.0 5 15 6 4 4 34
560.0 6 14 9 3 4 36
565.0 7 10 10 3 3 33
570.0 8 11 10 2 5 36
575.0 6 10 11 4 5 36
580.0 7 11 12 5 4 39
585.0 7 11 14 6 3 41
590.0 8 10 14 6 3 41
595.0 8 10 14 6 3 41
600.0 5 8 15 7 2 37
605.0 7 8 13 7 2 37
610.0 8 9 14 6 1 38
615.0 7 11 13 6 2 39
620.0 8 11 13 8 2 42
625.0 9 13 14 7 2 45
630.0 10 12 12 8 4 46
635.0 10 11 10 7 5 43
640.0 13 10 8 7 5 43
645.0 12 9 8 4 7 40
650.0 13 10 8 3 7 41
655.0 12 10 11 3 6 42
660.0 13 10 11 3 5 42
665.0 10 10 13 2 4 39
670.0 10 12 10 3 4 39
675.0 10 12 11 4 4 41
680.0 9 10 12 4 4 39
685.0 11 13 9 3 4 40
690.0 8 13 9 5 4 39
695.0 8 14 7 6 5 40
700.0 7 16 5 5 5 38
705.0 4 14 6 6 4 34
710.0 5 10 7 6 4 32
715.0 4 11 7 7 4 33
720.0 4 11 6 8 3 32
725.0 2 13 6 8 3 32
730.0 2 14 7 5 3 31
735.0 4 13 9 5 2 33
740.0 6 12 8 4 2 32
745.0 6 11 9 4 2 32
750.0 7 12 9 4 2 34
755.0 9 11 10 3 2 35
760.0 8 9 9 2 3 31
765.0 9 8 8 3 3 31
770.0 9 8 6 4 2 29
775.0 11 6 5 4 1 27
780.0 11 8 5 3 1 28
785.0 12 7 7 2 1 29
790.0 11 6 5 1 1 24
795.0 10 6 4 2 1 23
800.0 9 6 5 2 2 24
805.0 7 5 5 1 2 20
810.0 7 6 5 1 2 21
815.0 6 5 7 1 2 21
820.0 5 6 7 0 2 20
825.0 5 6 8 0 2 21
830.0 4 4 10 0 3 21
835.0 4 5 9 1 2 21
840.0 6 2 8 2 1 19
845.0 3 3 7 4 1 18
850.0 4 4 7 4 2 21
855.0 3 6 7 4 2 22
860.0 5 5 6 4 2 22
865.0 4 4 4 4 1 17
870.0 2 4 6 4 3 19
875.0 2 5 6 5 3 21
880.0 2 5 7 3 3 20
885.0 2 5 9 4 3 23
890.0 3 4 8 4 5 24
895.0 4 4 7 4 5 24
900.0 5 5 8 4 5 27
905.0 5 7 8 7 5 32
910.0 4 8 8 6 4 30
915.0 4 8 8 7 6 33
920.0 5 8 5 6 6 30
925.0 4 9 4 6 6 29
930.0 5 9 7 7 5 33
935.0 5 9 7 6 5 32
940.0 6 8 5 4 3 26
945.0 6 9 3 5 3 26
950.0 7 8 3 6 3 27
955.0 6 6 6 6 2 26
960.0 8 6 8 4 2 28
965.0 7 7 9 3 3 29
970.0 8 7 7 3 3 28
975.0 8 7 8 3 3 29
980.0 10 7 6 2 3 28
985.0 11 10 8 3 3 35
990.0 13 9 9 2 3 36
995.0 11 12 9 2 3 37
1000.0 11 12 8 2 3 36
1005.0 10 14 9 3 3 39
1010.0 9 14 9 3 2 37
1015.0 11 13 8 4 2 38
1020.0 9 11 7 5 2 34
1025.0 9 9 7 6 3 34
1030.0 7 9 7 3 4 30
1035.0 6 10 7 3 4 30
1040.0 6 11 7 4 4 32
1045.0 6 11 9 5 4 35
1050.0 8 8 11 5 5 37
1055.0 7 8 11 4 4 34
1060.0 7 9 11 3 4 34
1065.0 8 8 10 4 5 35
1070.0 10 10 8 3 4 35
1075.0 8 9 9 2 5 33
1080.0 8 11 9 3 4 35
1085.0 7 12 12 4 4 39
1090.0 4 12 13 4 5 38
1095.0 2 10 14 4 5 35
1100.0 3 9 15 4 4 35
1105.0 5 9 18 4 3 39
1110.0 8 6 19 5 3 41
1115.0 7 6 22 6 4 45
1120.0 6 7 21 6 4 44
1125.0 7 6 17 5 3 38
1130.0 9 4 17 4 3 37
1135.0 10 8 14 2 2 36
1140.0 12 9 15 2 3 41
1145.0 11 9 15 2 2 39
1150.0 11 11 14 2 2 40
1155.0 11 11 11 3 2 38
1160.0 12 7 11 2 3 35
1165.0 12 6 14 3 4 39
1170.0 11 5 15 2 4 37
1175.0 9 5 15 4 4 37
1180.0 9 3 13 7 4 36
1185.0 5 4 11 10 4 34
1190.0 4 5 12 10 4 35
1195.0 4 6 10 10 3 33
1200.0 4 6 9 10 4 33
1205.0 3 7 10 6 4 30
1210.0 3 8 10 6 3 30
1215.0 1 7 11 7 4 30
1220.0 3 7 8 5 4 27
1225.0 3 6 8 5 5 27
1230.0 2 4 7 5 5 23
1235.0 3 4 8 4 5 24
1240.0 2 4 7 3 4 20
1245.0 2 5 7 2 4 20
1250.0 1 5 7 2 4 19
1255.0 2 5 5 1 4 17
1260.0 2 6 5 1 4 18
1265.0 1 5 5 1 4 16
1270.0 2 4 6 1 3 16
1275.0 2 3 5 1 3 14
1280.0 3 2 5 0 3 13
1285.0 3 2 4 0 2 11
1290.0 2 2 5 0 2 11
1295.0 2 2 6 1 2 13
1300.0 2 2 5 1 2 12
1305.0 1 2 5 0 1 9
1310.0 1 2 6 0 1 10
1315.0 1 2 5 0 0 8
1320.0 1 1 5 0 0 7
1325.0 0 1 6 0 0 7
1330.0 0 1 5 0 0 6
1335.0 0 1 4 0 0 5
1340.0 0 0 3 0 0 3
1345.0 0 0 1 0 0 1
1350.0 0 0 1 0 0 1
1355.0 0 0 1 0 0 1
1360.0 0 0 1 0 0 1
1365.0 0 0 1 0 0 1
1370.0 0 0 1 0 0 1
1375.0 0 0 1 0 0 1
1380.0 0 0 1 0 0 1
1385.0 0 0 1 0 0 1
1390.0 0 0 0 0 0 0
1395.0 0 0 0 0 0 0
1400.0 0 0 0 0 0 0
1405.0 0 0 0 0 0 0
1410.0 0 0 0 0 0 0
1415.0 0 0 0 0 0 0
1420.0 0 0 0 0 0 0
1425.0 0 0 0 0 0 0
1430.0 0 0 0 0 0 0
1435.0 0 0 0 0 0 0
