5.0 0 0 0 0 0 0
10.0 0 0 0 0 0 0
15.0 0 0 0 0 0 0
20.0 0 0 0 0 0 0
25.0 0 0 0 0 0 0
30.0 0 0 0 0 0 0
35.0 0 0 0 0 0 0
40.0 0 0 0 0 0 0
45.0 0 0 0 0 0 0
50.0 0 0 0 0 0 0
55.0 0 0 0 0 0 0
60.0 0 0 0 0 0 0
65.0 0 0 0 0 0 0
70.0 0 0 0 0 0 0
75.0 0 0 0 0 0 0
80.0 0 0 0 0 0 0
85.0 0 0 0 0 0 0
90.0 0 0 0 0 0 0
95.0 0 0 0 0 0 0
100.0 0 0 0 0 0 0
105.0 0 0 0 0 0 0
110.0 0 0 0 0 0 0
115.0 0 0 0 0 0 0
120.0 0 0 0 0 0 0
125.0 0 0 0 0 0 0
130.0 0 0 0 0 0 0
135.0 0 0 0 0 0 0
140.0 0 0 0 0 0 0
145.0 0 0 0 0 0 0
150.0 0 0 0 0 0 0
155.0 0 0 0 0 0 0
160.0 0 0 0 0 0 0
165.0 0 0 0 0 0 0
170.0 0 0 0 0 0 0
175.0 0 0 0 0 0 0
180.0 0 0 0 0 0 0
185.0 0 0 0 0 0 0
190.0 0 0 0 0 0 0
195.0 0 0 0 0 0 0
200.0 0 0 0 0 0 0
205.0 0 0 0 0 0 0
210.0 0 0 0 0 0 0
215.0 0 0 0 0 0 0
220.0 0 0 0 0 0 0
225.0 0 0 0 0 0 0
230.0 0 0 0 0 0 0
235.0 0 0 0 0 0 0
240.0 0 0 0 0 0 0
245.0 0 0 0 0 0 0
250.0 0 0 0 0 0 0
255.0 0 0 0 0 0 0
260.0 0 0 0 0 0 0
265.0 0 0 0 0 0 0
270.0 0 0 0 0 0 0
275.0 0 0 0 0 0 0
280.0 0 0 0 0 0 0
285.0 0 0 0 0 0 0
290.0 0 0 0 0 0 0
295.0 0 0 0 0 0 0
300.0 0 0 0 0 0 0
305.0 0 0 0 0 0 0
310.0 0 0 0 0 0 0
315.0 0 0 0 0 0 0
320.0 0 0 0 0 0 0
325.0 0 0 0 0 0 0
330.0 0 0 0 0 0 0
335.0 0 0 0 0 0 0
340.0 0 0 0 0 0 0
345.0 0 0 0 0 0 0
350.0 0 0 0 0 0 0
355.0 0 0 0 0 0 0
360.0 0 0 0 0 0 0
365.0 0 0 0 0 0 0
370.0 0 0 0 0 0 0
375.0 0 0 0 0 0 0
380.0 0 0 0 0 0 0
385.0 0 0 0 0 0 0
390.0 0 0 0 0 0 0
395.0 0 0 1 0 0 1
400.0 0 0 1 0 0 1
405.0 0 1 0 0 0 1
410.0 0 1 0 0 0 1
415.0 0 1 0 0 0 1
420.0 0 1 0 0 0 1
425.0 0 1 0 1 0 2
430.0 0 1 0 1 0 2
435.0 0 1 0 1 0 2
440.0 0 0 0 1 0 1
445.0 0 0 0 1 0 1
450.0 0 0 0 1 0 1
455.0 0 0 1 0 0 1
460.0 0 0 2 0 0 2
465.0 1 0 2 0 0 3
470.0 1 0 2 0 0 3
475.0 1 0 2 0 0 3
480.0 1 1 2 0 0 4
485.0 1 1 2 0 0 4
490.0 2 1 2 1 0 6
495.0 2 1 2 1 2 8
500.0 2 1 3 1 2 9
505.0 2 1 4 1 2 10
510.0 2 1 5 1 2 11
515.0 4 2 2 0 2 10
520.0 3 2 2 0 2 9
525.0 3 1 3 1 2 10
530.0 5 2 4 1 1 13
535.0 6 3 4 1 1 15
540.0 7 3 4 2 1 17
545.0 7 5 6 1 1 20
550.0 8 6 6 1 1 22
555.0 7 6 6 2 1 22
560.0 5 7 7 2 1 22
565.0 3 7 7 2 1 20
570.0 4 5 7 3 1 20
575.0 4 5 7 3 1 20
580.0 3 6 5 4 1 19
585.0 3 7 4 3 1 18
590.0 3 7 4 4 1 19
595.0 3 7 4 3 2 19
600.0 4 7 3 3 3 20
605.0 5 7 3 3 3 21
610.0 4 6 4 4 3 21
615.0 5 6 4 6 2 23
620.0 6 6 4 6 2 24
625.0 6 6 3 6 2 23
630.0 7 5 3 5 0 20
635.0 7 4 4 4 0 19
640.0 7 5 4 5 0 21
645.0 7 3 5 5 0 20
650.0 4 3 6 5 1 19
655.0 3 3 5 5 1 17
660.0 5 3 5 4 1 18
665.0 5 3 5 2 1 16
670.0 3 4 5 2 1 15
675.0 2 4 5 3 2 16
680.0 2 5 3 3 2 15
685.0 3 6 4 3 2 18
690.0 3 6 4 3 2 18
695.0 3 5 1 2 2 13
700.0 4 5 1 2 2 14
705.0 3 5 1 2 1 12
710.0 2 7 1 2 1 13
715.0 1 5 3 2 1 12
720.0 2 3 3 1 1 10
725.0 1 4 3 1 1 10
730.0 1 4 4 1 1 11
735.0 1 4 4 1 1 11
740.0 2 3 4 1 1 11
745.0 2 3 3 1 1 10
750.0 2 3 3 1 1 10
755.0 1 4 4 1 1 11
760.0 1 4 4 2 1 12
765.0 2 4 5 2 1 14
770.0 1 2 8 1 1 13
775.0 1 2 8 1 1 13
780.0 3 3 7 0 1 14
785.0 3 3 7 0 1 14
790.0 2 2 9 0 1 14
795.0 3 2 8 0 2 15
800.0 4 2 7 0 3 16
805.0 5 1 7 1 2 16
810.0 3 2 9 3 1 18
815.0 2 2 8 2 1 15
820.0 2 2 6 2 2 14
825.0 2 3 6 2 2 15
830.0 2 3 6 2 2 15
835.0 2 4 7 2 2 17
840.0 1 4 7 1 2 15
845.0 0 5 8 1 1 15
850.0 0 5 7 1 1 14
855.0 0 4 7 1 2 14
860.0 1 4 7 1 3 16
865.0 1 5 7 1 3 17
870.0 1 7 6 1 3 18
875.0 1 8 5 1 3 18
880.0 1 5 5 2 3 16
885.0 1 5 5 2 3 16
890.0 1 4 5 2 3 15
895.0 1 4 7 3 3 18
900.0 2 3 7 2 3 17
905.0 2 2 7 3 3 17
910.0 3 3 7 2 3 18
915.0 4 4 6 2 4 20
920.0 5 5 5 2 4 21
925.0 5 5 6 1 4 21
930.0 4 6 5 1 3 19
935.0 4 5 4 3 2 18
940.0 4 4 5 4 2 19
945.0 4 4 4 4 2 18
950.0 4 5 3 5 2 19
955.0 3 6 1 4 2 16
960.0 4 7 2 3 2 18
965.0 2 7 5 2 4 20
970.0 3 7 4 2 4 20
975.0 3 7 4 2 3 19
980.0 3 7 4 2 3 19
985.0 5 9 3 3 5 25
990.0 6 7 2 2 5 22
995.0 3 7 2 1 5 18
1000.0 3 5 1 1 5 15
1005.0 3 5 3 1 4 16
1010.0 2 4 3 2 4 15
1015.0 2 4 4 1 4 15
1020.0 1 5 4 1 4 15
1025.0 1 5 5 1 2 14
1030.0 1 5 6 2 2 16
1035.0 2 8 7 2 2 21
1040.0 1 7 6 3 2 19
1045.0 1 8 5 3 1 18
1050.0 1 10 4 3 1 19
1055.0 1 11 5 3 1 21
1060.0 1 11 7 1 2 22
1065.0 1 11 7 2 2 23
1070.0 1 9 7 2 2 21
1075.0 1 6 8 2 2 19
1080.0 2 6 9 2 3 22
1085.0 3 5 8 2 3 21
1090.0 3 3 6 2 3 17
1095.0 2 4 5 3 4 18
1100.0 2 6 6 3 4 21
1105.0 2 6 4 3 4 19
1110.0 2 8 3 3 5 21
1115.0 3 8 4 3 5 23
1120.0 3 7 4 3 6 23
1125.0 3 5 5 3 6 22
1130.0 3 4 5 3 6 21
1135.0 3 4 5 4 7 23
1140.0 4 4 5 4 6 23
1145.0 3 4 4 4 4 19
1150.0 3 4 6 3 4 20
1155.0 4 4 7 3 4 22
1160.0 4 6 6 3 3 22
1165.0 6 8 6 2 4 26
1170.0 6 7 7 1 4 25
1175.0 7 7 6 1 4 25
1180.0 5 7 7 1 4 24
1185.0 6 3 5 1 3 18
1190.0 6 2 5 2 4 19
1195.0 5 2 5 2 4 18
1200.0 6 2 3 2 3 16
1205.0 5 1 4 2 4 16
1210.0 6 1 3 0 3 13
1215.0 5 2 3 0 3 13
1220.0 5 2 5 0 1 13
1225.0 3 3 3 1 1 11
1230.0 2 5 2 1 2 12
1235.0 1 4 3 1 2 11
1240.0 2 3 5 0 2 12
1245.0 2 2 4 0 2 10
1250.0 2 1 3 0 2 8
1255.0 2 1 3 0 2 8
1260.0 2 1 4 0 2 9
1265.0 2 1 4 0 2 9
1270.0 2 1 4 0 2 9
1275.0 2 1 3 1 2 9
1280.0 2 2 2 1 0 7
1285.0 2 3 0 2 0 7
1290.0 2 1 0 1 0 4
1295.0 2 2 0 1 0 5
1300.0 2 2 0 1 1 6
1305.0 1 2 0 1 1 5
1310.0 1 2 0 1 1 5
1315.0 1 1 0 1 1 4
1320.0 1 0 0 1 0 2
1325.0 0 0 0 1 0 1
1330.0 0 0 0 1 0 1
1335.0 0 0 0 2 0 2
1340.0 1 0 0 1 0 2
1345.0 1 0 0 1 0 2
1350.0 1 0 0 1 0 2
1355.0 1 0 0 1 0 2
1360.0 1 0 0 0 0 1
1365.0 1 0 0 0 0 1
1370.0 1 0 0 0 0 1
1375.0 1 0 0 0 0 1
1380.0 1 0 0 0 0 1
1385.0 1 0 0 0 0 1
1390.0 1 0 0 0 0 1
1395.0 1 0 0 0 0 1
1400.0 1 0 0 0 0 1
1405.0 0 0 0 0 0 0
1410.0 0 0 0 0 0 0
1415.0 0 0 0 0 0 0
1420.0 0 0 0 0 0 0
1425.0 0 0 0 0 0 0
1430.0 0 0 0 0 0 0
1435.0 0 0 0 0 0 0
