5.0 0 0 0 0 0 0
10.0 0 0 0 0 0 0
15.0 0 0 0 0 0 0
20.0 0 0 0 0 0 0
25.0 0 0 0 0 0 0
30.0 0 0 0 0 0 0
35.0 0 0 0 0 0 0
40.0 0 0 0 0 0 0
45.0 0 0 0 0 0 0
50.0 0 0 0 0 0 0
55.0 0 0 0 0 0 0
60.0 0 0 0 0 0 0
65.0 0 0 0 0 0 0
70.0 0 0 0 0 0 0
75.0 0 0 0 0 0 0
80.0 0 0 0 0 0 0
85.0 0 0 0 0 0 0
90.0 0 0 0 0 0 0
95.0 0 0 0 0 0 0
100.0 0 0 0 0 0 0
105.0 0 0 0 0 0 0
110.0 0 0 0 0 0 0
115.0 0 0 0 0 0 0
120.0 0 0 0 0 0 0
125.0 0 0 0 0 0 0
130.0 0 0 0 0 0 0
135.0 0 0 0 0 0 0
140.0 0 0 0 0 0 0
145.0 0 0 0 0 0 0
150.0 0 0 0 0 0 0
155.0 0 0 0 0 0 0
160.0 0 0 0 0 0 0
165.0 0 0 0 0 0 0
170.0 0 0 0 0 0 0
175.0 0 0 0 0 0 0
180.0 0 0 0 0 0 0
185.0 0 0 0 0 0 0
190.0 0 0 0 0 0 0
195.0 0 0 0 0 0 0
200.0 0 0 0 0 0 0
205.0 0 0 0 0 0 0
210.0 0 0 0 0 0 0
215.0 0 0 1 0 0 1
220.0 0 0 1 0 0 1
225.0 0 0 1 0 0 1
230.0 0 0 1 0 0 1
235.0 0 0 1 0 0 1
240.0 0 0 1 0 0 1
245.0 0 0 0 0 0 0
250.0 0 0 0 0 0 0
255.0 0 0 0 0 0 0
260.0 0 0 0 0 0 0
265.0 0 0 1 0 0 1
270.0 0 0 1 0 0 1
275.0 0 0 1 0 0 1
280.0 0 0 1 0 1 2
285.0 0 0 1 0 1 2
290.0 0 0 1 0 1 2
295.0 0 0 1 0 1 2
300.0 1 0 1 0 1 3
305.0 1 0 1 0 1 3
310.0 1 0 1 0 1 3
315.0 1 0 1 0 0 2
320.0 1 0 1 0 0 2
325.0 1 1 2 1 0 5
330.0 1 2 2 1 0 6
335.0 1 3 4 1 0 9
340.0 2 3 4 1 0 10
345.0 2 2 5 1 0 10
350.0 2 2 6 1 0 11
355.0 2 3 6 2 0 13
360.0 4 4 4 1 0 13
365.0 6 7 5 2 1 21
370.0 6 8 5 2 1 22
375.0 6 8 6 2 1 23
380.0 6 7 6 2 1 22
385.0 5 6 8 2 1 22
390.0 6 5 9 2 2 24
395.0 7 9 11 5 2 34
400.0 7 11 13 6 2 39
405.0 7 11 16 6 1 41
410.0 11 11 16 4 1 43
415.0 14 10 16 5 1 46
420.0 16 12 18 6 3 55
425.0 18 12 19 6 3 58
430.0 19 19 22 6 4 70
435.0 21 21 27 10 5 84
440.0 23 24 30 11 4 92
445.0 24 21 34 12 4 95
450.0 23 22 34 11 4 94
455.0 25 26 35 11 4 101
460.0 28 26 37 12 4 107
465.0 36 24 34 12 4 110
470.0 34 27 35 16 7 119
475.0 34 29 41 19 6 129
480.0 35 36 44 20 7 142
485.0 38 38 51 22 9 158
490.0 36 46 54 16 9 161
495.0 35 45 59 21 12 172
500.0 33 46 65 24 11 179
505.0 34 50 62 26 9 181
510.0 35 54 63 29 11 192
515.0 40 64 63 32 13 212
520.0 45 63 61 31 15 215
525.0 57 64 68 31 17 237
530.0 62 68 71 28 18 247
535.0 61 68 73 32 21 255
540.0 60 66 75 32 22 255
545.0 67 80 75 35 22 279
550.0 71 79 83 35 25 293
555.0 74 81 90 36 28 309
560.0 71 85 93 35 29 313
565.0 72 85 103 40 33 333
570.0 65 88 103 44 35 335
575.0 65 77 109 43 37 331
580.0 68 79 110 40 36 333
585.0 69 75 114 41 36 335
590.0 77 76 125 38 32 348
595.0 73 80 129 39 33 354
600.0 76 80 129 42 39 366
605.0 79 79 124 39 38 359
610.0 87 81 119 39 42 368
615.0 90 90 114 39 41 374
620.0 95 86 112 44 43 380
625.0 98 87 106 50 41 382
630.0 97 88 114 53 39 391
635.0 96 88 112 52 42 390
640.0 99 93 112 49 41 394
645.0 101 102 112 48 44 407
650.0 100 104 107 52 46 409
655.0 100 107 110 48 44 409
660.0 95 109 118 50 44 416
665.0 88 106 114 51 46 405
670.0 94 99 106 51 47 397
675.0 88 103 101 51 51 394
680.0 81 104 99 55 49 388
685.0 80 103 100 61 48 392
690.0 76 101 87 62 45 371
695.0 75 93 94 59 40 361
700.0 75 94 92 62 41 364
705.0 67 99 85 64 41 356
710.0 69 96 87 61 43 356
715.0 74 92 86 60 39 351
720.0 74 90 86 54 43 347
725.0 74 84 86 53 40 337
730.0 67 80 90 52 38 327
735.0 65 75 94 49 39 322
740.0 63 70 99 45 39 316
745.0 66 69 100 48 42 325
750.0 64 71 103 48 40 326
755.0 70 73 101 47 41 332
760.0 68 71 99 48 40 326
765.0 68 74 99 48 38 327
770.0 77 73 100 48 38 336
775.0 73 70 98 46 34 321
780.0 70 72 97 44 34 317
785.0 66 74 102 41 34 317
790.0 68 73 104 41 36 322
795.0 64 73 102 37 35 311
800.0 68 76 96 41 37 318
805.0 65 78 89 39 39 310
810.0 73 83 87 36 40 319
815.0 71 81 83 37 39 311
820.0 69 82 82 42 41 316
825.0 71 73 88 43 36 311
830.0 75 74 91 42 33 315
835.0 79 71 91 46 35 322
840.0 76 74 95 46 38 329
845.0 73 73 97 42 39 324
850.0 73 79 97 38 44 331
855.0 75 82 104 35 41 337
860.0 70 82 106 38 37 333
865.0 72 81 105 37 37 332
870.0 69 89 110 40 37 345
875.0 75 88 106 41 38 348
880.0 73 82 109 42 41 347
885.0 69 86 107 42 43 347
890.0 63 78 116 48 40 345
895.0 65 76 117 46 41 345
900.0 61 76 117 47 39 340
905.0 67 71 111 46 38 333
910.0 71 76 111 51 38 347
915.0 75 88 110 43 41 357
920.0 78 86 102 48 45 359
925.0 84 85 96 50 42 357
930.0 78 72 102 50 44 346
935.0 70 74 102 51 41 338
940.0 61 70 111 52 45 339
945.0 61 71 113 52 45 342
950.0 63 80 114 44 46 347
955.0 61 79 113 48 48 349
960.0 60 79 116 53 48 356
965.0 61 87 116 48 45 357
970.0 62 87 115 48 46 358
975.0 68 93 102 44 46 353
980.0 63 100 101 40 42 346
985.0 60 95 98 38 40 331
990.0 67 90 94 45 43 339
995.0 71 87 91 43 47 339
1000.0 72 91 82 45 50 340
1005.0 78 96 85 43 46 348
1010.0 73 97 90 50 45 355
1015.0 78 88 83 47 43 339
1020.0 80 80 91 43 48 342
1025.0 84 79 102 41 45 351
1030.0 79 84 102 43 45 353
1035.0 81 83 106 39 48 357
1040.0 81 75 111 39 48 354
1045.0 81 79 112 42 48 362
1050.0 79 81 111 45 46 362
1055.0 81 84 103 42 47 357
1060.0 83 88 102 49 41 363
1065.0 83 94 109 48 40 374
1070.0 80 98 112 45 40 375
1075.0 82 98 118 45 33 376
1080.0 86 99 115 46 31 377
1085.0 77 84 115 52 33 361
1090.0 75 90 115 51 35 366
1095.0 81 98 113 50 35 377
1100.0 86 99 112 50 36 383
1105.0 79 101 115 47 33 375
1110.0 75 97 125 56 31 384
1115.0 81 95 116 61 31 384
1120.0 93 96 117 51 33 390
1125.0 103 97 124 46 34 404
1130.0 109 92 117 47 33 398
1135.0 114 99 114 45 36 408
1140.0 104 99 110 49 31 393
1145.0 102 104 117 43 31 397
1150.0 98 106 122 46 30 402
1155.0 92 104 118 49 35 398
1160.0 90 97 116 48 33 384
1165.0 90 90 116 49 32 377
1170.0 85 89 114 50 32 370
1175.0 77 90 113 56 29 365
1180.0 84 89 101 53 33 360
1185.0 80 91 106 51 30 358
1190.0 76 83 104 44 28 335
1195.0 80 80 106 43 31 340
1200.0 82 72 99 46 30 329
1205.0 86 68 87 39 29 309
1210.0 87 70 82 35 29 303
1215.0 80 67 81 37 33 298
1220.0 78 77 74 38 32 299
1225.0 67 70 64 39 32 272
1230.0 66 56 63 35 27 247
1235.0 60 54 53 35 26 228
1240.0 61 54 44 34 26 219
1245.0 56 51 46 32 24 209
1250.0 43 46 44 31 19 183
1255.0 35 46 40 29 19 169
1260.0 31 45 37 28 17 158
1265.0 31 44 32 22 17 146
1270.0 32 37 31 24 13 137
1275.0 31 32 27 26 12 128
1280.0 26 31 24 27 11 119
1285.0 23 27 21 25 11 107
1290.0 23 26 18 20 12 99
1295.0 23 21 17 16 12 89
1300.0 21 22 18 14 13 88
1305.0 20 25 21 9 13 88
1310.0 17 25 20 9 11 82
1315.0 13 23 18 8 10 72
1320.0 17 17 15 6 8 63
1325.0 14 18 11 7 6 56
1330.0 12 15 10 7 4 48
1335.0 9 12 12 6 3 42
1340.0 6 11 10 1 3 31
1345.0 4 9 7 1 3 24
1350.0 4 9 3 2 3 21
1355.0 3 7 4 2 3 19
1360.0 4 4 6 1 3 18
1365.0 3 3 5 1 3 15
1370.0 3 5 4 1 3 16
1375.0 1 3 5 1 3 13
1380.0 0 2 4 1 3 10
1385.0 1 2 4 2 3 12
1390.0 1 2 3 2 4 12
1395.0 1 2 2 1 1 7
1400.0 1 2 2 1 1 7
1405.0 1 3 3 2 0 9
1410.0 1 2 2 1 1 7
1415.0 0 2 1 1 1 5
1420.0 0 1 1 1 1 4
1425.0 0 1 1 1 1 4
1430.0 1 0 0 1 1 3
1435.0 1 0 0 1 1 3
