5.0 0 0 0 0 0 0
10.0 0 0 0 0 0 0
15.0 0 0 0 0 0 0
20.0 0 0 0 0 0 0
25.0 0 0 0 0 0 0
30.0 0 0 0 0 0 0
35.0 0 0 0 0 0 0
40.0 0 0 0 0 0 0
45.0 0 0 0 0 0 0
50.0 0 0 0 0 0 0
55.0 0 0 0 0 0 0
60.0 0 0 0 0 0 0
65.0 0 0 0 0 0 0
70.0 0 0 0 0 0 0
75.0 0 0 0 0 0 0
80.0 0 0 0 0 0 0
85.0 0 0 0 0 0 0
90.0 0 0 0 0 0 0
95.0 0 0 0 0 0 0
100.0 0 0 0 0 0 0
105.0 0 0 0 0 0 0
110.0 0 0 0 0 0 0
115.0 0 0 0 0 0 0
120.0 0 0 0 0 0 0
125.0 0 0 0 0 0 0
130.0 0 0 0 0 0 0
135.0 0 0 0 0 0 0
140.0 0 0 0 0 0 0
145.0 0 0 0 0 0 0
150.0 0 0 0 0 0 0
155.0 0 0 0 0 0 0
160.0 0 0 0 0 0 0
165.0 0 0 0 0 0 0
170.0 0 0 0 0 0 0
175.0 0 0 0 0 0 0
180.0 0 0 0 0 0 0
185.0 0 0 0 0 0 0
190.0 0 0 0 0 0 0
195.0 0 0 0 0 0 0
200.0 0 0 0 0 0 0
205.0 0 0 0 0 0 0
210.0 0 0 0 0 0 0
215.0 0 0 0 0 0 0
220.0 0 0 0 0 0 0
225.0 0 0 0 0 1 1
230.0 0 0 0 0 1 1
235.0 0 0 0 0 1 1
240.0 0 0 0 0 1 1
245.0 0 0 0 0 1 1
250.0 0 0 1 0 0 1
255.0 0 0 1 0 0 1
260.0 1 0 1 0 0 2
265.0 1 0 1 0 0 2
270.0 1 0 2 0 0 3
275.0 1 0 2 0 0 3
280.0 0 0 2 1 0 3
285.0 1 0 2 1 0 4
290.0 1 0 2 1 0 4
295.0 1 0 2 1 0 4
300.0 1 1 2 1 0 5
305.0 2 1 3 0 0 6
310.0 1 1 4 0 0 6
315.0 1 2 3 1 0 7
320.0 2 1 3 1 0 7
325.0 2 1 3 1 0 7
330.0 1 1 3 1 0 6
335.0 1 0 5 1 0 7
340.0 1 0 5 0 0 6
345.0 1 1 6 0 0 8
350.0 0 3 6 0 0 9
355.0 0 5 8 1 0 14
360.0 2 6 7 3 0 18
365.0 3 7 8 3 0 21
370.0 5 6 10 4 1 26
375.0 5 6 12 6 1 30
380.0 5 7 10 5 1 28
385.0 7 7 8 5 1 28
390.0 8 7 8 6 1 30
395.0 6 10 8 7 3 34
400.0 7 12 10 8 4 41
405.0 11 11 11 8 6 47
410.0 15 13 12 7 6 53
415.0 17 13 13 8 6 57
420.0 17 16 14 9 6 62
425.0 19 18 19 9 6 71
430.0 23 20 24 7 7 81
435.0 26 18 26 9 8 87
440.0 29 20 27 12 9 97
445.0 29 20 29 13 11 102
450.0 31 23 30 15 13 112
455.0 31 24 36 16 15 122
460.0 30 28 40 19 18 135
465.0 33 28 47 18 20 146
470.0 31 37 47 16 22 153
475.0 33 43 56 16 22 170
480.0 36 42 61 22 24 185
485.0 41 42 62 24 26 195
490.0 48 44 70 25 26 213
495.0 54 40 73 23 28 218
500.0 60 43 71 22 30 226
505.0 60 43 75 21 31 230
510.0 62 47 75 16 35 235
515.0 61 52 81 20 36 250
520.0 66 60 82 21 41 270
525.0 64 66 85 22 37 274
530.0 74 67 84 23 38 286
535.0 72 69 84 29 39 293
540.0 77 76 81 34 37 305
545.0 91 83 80 37 37 328
550.0 100 95 85 38 39 357
555.0 102 99 90 41 37 369
560.0 105 98 98 42 41 384
565.0 102 103 99 44 40 388
570.0 104 106 102 48 42 402
575.0 108 107 112 50 43 420
580.0 106 120 120 51 47 444
585.0 101 125 116 52 52 446
590.0 96 125 116 58 53 448
595.0 99 124 120 60 57 460
600.0 102 125 113 64 58 462
605.0 100 128 118 71 58 475
610.0 92 127 123 73 59 474
615.0 87 137 142 72 57 495
620.0 94 141 141 74 57 507
625.0 85 141 152 80 57 515
630.0 90 137 142 81 55 505
635.0 101 137 139 79 54 510
640.0 105 138 149 75 55 522
645.0 103 130 157 71 54 515
650.0 104 128 162 76 56 526
655.0 104 126 164 77 58 529
660.0 104 128 157 77 56 522
665.0 94 121 156 69 56 496
670.0 98 115 152 67 52 484
675.0 90 114 150 66 51 471
680.0 95 116 143 68 49 471
685.0 94 116 138 68 50 466
690.0 97 114 139 62 52 464
695.0 90 114 139 67 51 461
700.0 91 106 133 70 52 452
705.0 95 114 128 66 52 455
710.0 97 115 121 58 53 444
715.0 104 116 117 54 50 441
720.0 104 114 120 50 49 437
725.0 100 115 116 49 51 431
730.0 95 107 125 51 47 425
735.0 90 100 129 54 47 420
740.0 93 101 122 51 44 411
745.0 91 103 126 51 38 409
750.0 90 97 126 47 36 396
755.0 86 91 123 40 38 378
760.0 85 88 118 40 36 367
765.0 82 85 112 42 40 361
770.0 84 83 110 42 42 361
775.0 89 81 107 43 40 360
780.0 88 75 102 43 38 346
785.0 85 74 95 41 36 331
790.0 79 81 91 45 33 329
795.0 82 83 99 46 31 341
800.0 86 83 100 50 33 352
805.0 77 84 102 53 36 352
810.0 81 86 109 53 37 366
815.0 74 93 103 53 39 362
820.0 79 87 107 50 42 365
825.0 91 91 101 44 43 370
830.0 89 102 99 44 42 376
835.0 86 103 95 48 43 375
840.0 89 94 101 47 42 373
845.0 91 91 100 46 46 374
850.0 94 92 96 47 49 378
855.0 94 93 96 51 47 381
860.0 93 94 100 49 47 383
865.0 97 94 109 48 47 395
870.0 99 93 115 46 46 399
875.0 92 93 115 47 45 392
880.0 88 90 121 45 48 392
885.0 87 93 130 50 46 406
890.0 90 102 136 52 48 428
895.0 89 101 134 56 48 428
900.0 83 103 136 59 46 427
905.0 78 106 129 66 38 417
910.0 83 111 128 61 39 422
915.0 82 113 129 56 33 413
920.0 81 112 132 56 33 414
925.0 78 102 136 62 32 410
930.0 81 97 131 63 36 408
935.0 82 102 132 74 37 427
940.0 85 104 128 69 40 426
945.0 82 107 126 66 38 419
950.0 88 101 123 71 33 416
955.0 92 105 119 70 30 416
960.0 94 104 128 72 31 429
965.0 101 102 128 69 35 435
970.0 102 103 118 62 31 416
975.0 101 105 119 62 33 420
980.0 93 106 116 62 31 408
985.0 89 105 112 62 27 395
990.0 90 94 115 63 31 393
995.0 90 101 117 61 34 403
1000.0 86 103 127 60 36 412
1005.0 80 105 131 62 34 412
1010.0 85 102 128 62 33 410
1015.0 83 108 127 62 34 414
1020.0 87 106 133 62 36 424
1025.0 94 104 140 62 35 435
1030.0 95 112 141 53 34 435
1035.0 96 118 142 49 35 440
1040.0 88 120 136 50 35 429
1045.0 85 123 129 51 31 419
1050.0 87 113 131 56 34 421
1055.0 92 105 126 57 34 414
1060.0 91 102 141 51 41 426
1065.0 94 106 140 52 43 435
1070.0 92 110 142 48 42 434
1075.0 95 121 136 50 47 449
1080.0 100 125 138 47 51 461
1085.0 97 130 142 52 56 477
1090.0 105 133 145 57 59 499
1095.0 100 136 147 62 57 502
1100.0 113 131 138 61 56 499
1105.0 119 130 139 62 59 509
1110.0 124 123 134 62 60 503
1115.0 123 124 138 65 58 508
1120.0 113 130 147 66 56 512
1125.0 114 128 145 61 49 497
1130.0 112 125 143 68 49 497
1135.0 99 126 150 67 46 488
1140.0 104 125 152 60 46 487
1145.0 93 128 157 60 43 481
1150.0 100 124 146 58 43 471
1155.0 101 126 153 58 42 480
1160.0 104 123 148 53 42 470
1165.0 107 117 149 54 41 468
1170.0 112 108 136 53 41 450
1175.0 113 108 130 56 41 448
1180.0 103 115 122 57 37 434
1185.0 111 106 122 52 36 427
1190.0 101 105 112 53 41 412
1195.0 93 100 110 51 39 393
1200.0 95 101 109 49 39 393
1205.0 93 95 105 58 38 389
1210.0 85 93 106 58 36 378
1215.0 83 94 100 50 31 358
1220.0 81 90 88 44 29 332
1225.0 77 81 86 45 26 315
1230.0 78 75 85 45 22 305
1235.0 71 71 77 41 21 281
1240.0 67 68 64 44 21 264
1245.0 58 63 59 45 18 243
1250.0 57 59 58 44 17 235
1255.0 57 55 53 43 20 228
1260.0 50 55 53 40 20 218
1265.0 48 51 46 33 21 199
1270.0 48 52 44 31 20 195
1275.0 37 56 40 27 16 176
1280.0 31 43 37 24 15 150
1285.0 31 39 32 22 15 139
1290.0 29 35 32 20 13 129
1295.0 28 27 26 16 11 108
1300.0 22 25 27 15 10 99
1305.0 24 21 29 16 10 100
1310.0 19 21 30 14 6 90
1315.0 18 20 27 9 5 79
1320.0 15 17 27 10 5 74
1325.0 13 15 22 9 3 62
1330.0 11 16 16 9 2 54
1335.0 10 16 16 7 3 52
1340.0 8 14 13 5 3 43
1345.0 9 11 13 4 3 40
1350.0 9 13 10 3 2 37
1355.0 3 14 10 4 3 34
1360.0 4 10 10 2 2 28
1365.0 5 9 8 1 0 23
1370.0 3 8 5 2 0 18
1375.0 4 6 5 1 1 17
1380.0 5 5 3 0 1 14
1385.0 4 4 4 0 1 13
1390.0 3 4 4 0 1 12
1395.0 3 3 4 0 1 11
1400.0 3 3 3 0 1 10
1405.0 2 3 2 0 1 8
1410.0 1 1 1 1 0 4
1415.0 1 1 1 1 0 4
1420.0 1 2 0 0 0 3
1425.0 1 1 0 0 0 2
1430.0 0 1 0 1 0 2
1435.0 0 1 0 1 0 2
