5.0 0 0 0 0 0 0
10.0 0 0 0 0 0 0
15.0 0 0 0 0 0 0
20.0 0 0 0 0 0 0
25.0 0 0 0 0 0 0
30.0 0 0 0 0 0 0
35.0 0 0 0 0 0 0
40.0 0 0 0 0 0 0
45.0 0 0 0 0 0 0
50.0 0 0 0 0 0 0
55.0 0 0 0 0 0 0
60.0 0 0 0 0 0 0
65.0 0 0 0 0 0 0
70.0 0 0 0 0 0 0
75.0 0 0 0 0 0 0
80.0 0 0 0 0 0 0
85.0 0 0 0 0 0 0
90.0 0 0 0 0 0 0
95.0 0 0 0 0 0 0
100.0 0 0 0 0 0 0
105.0 0 0 0 0 0 0
110.0 0 0 0 0 0 0
115.0 0 0 0 0 0 0
120.0 0 0 0 0 0 0
125.0 0 0 0 0 0 0
130.0 0 0 0 0 0 0
135.0 0 0 0 0 0 0
140.0 0 0 0 0 0 0
145.0 0 0 0 0 0 0
150.0 0 0 0 0 0 0
155.0 0 0 0 0 0 0
160.0 0 0 0 0 0 0
165.0 0 0 0 0 0 0
170.0 0 0 0 0 0 0
175.0 0 0 0 0 0 0
180.0 0 0 0 0 0 0
185.0 0 0 0 0 0 0
190.0 0 0 0 0 0 0
195.0 0 0 0 0 0 0
200.0 0 0 0 0 0 0
205.0 0 0 0 0 0 0
210.0 0 0 0 0 0 0
215.0 0 0 0 0 0 0
220.0 0 0 0 0 0 0
225.0 0 0 0 0 0 0
230.0 0 0 0 0 0 0
235.0 0 0 0 0 0 0
240.0 0 0 0 0 0 0
245.0 0 0 0 0 0 0
250.0 0 0 0 0 0 0
255.0 0 0 0 0 0 0
260.0 0 0 0 0 0 0
265.0 0 0 0 0 0 0
270.0 0 0 0 0 0 0
275.0 0 0 0 0 0 0
280.0 0 0 0 0 0 0
285.0 0 0 0 0 0 0
290.0 0 0 0 0 0 0
295.0 0 0 0 0 0 0
300.0 0 0 0 0 0 0
305.0 0 0 0 0 0 0
310.0 0 0 0 0 0 0
315.0 0 0 0 0 0 0
320.0 0 0 0 0 0 0
325.0 0 0 0 0 0 0
330.0 0 0 0 0 0 0
335.0 0 0 0 0 0 0
340.0 0 0 0 0 0 0
345.0 0 0 0 0 0 0
350.0 0 0 0 0 0 0
355.0 0 0 0 0 0 0
360.0 0 0 0 0 0 0
365.0 0 0 0 0 0 0
370.0 0 0 0 0 0 0
375.0 0 0 0 0 0 0
380.0 0 1 0 0 0 1
385.0 0 1 0 0 0 1
390.0 0 1 0 0 0 1
395.0 0 1 0 0 0 1
400.0 0 0 1 0 0 1
405.0 0 0 1 0 0 1
410.0 0 0 1 0 0 1
415.0 1 0 0 0 0 1
420.0 3 0 0 0 0 3
425.0 3 0 0 0 0 3
430.0 3 0 0 0 0 3
435.0 3 0 0 0 0 3
440.0 2 0 0 0 0 2
445.0 2 0 0 0 0 2
450.0 2 0 0 0 0 2
455.0 2 1 0 0 0 3
460.0 1 2 1 0 0 4
465.0 2 2 1 0 0 5
470.0 2 3 1 0 0 6
475.0 1 4 1 3 0 9
480.0 1 4 1 3 0 9
485.0 2 3 1 3 0 9
490.0 2 1 1 2 0 6
495.0 3 1 1 2 0 7
500.0 3 1 1 2 0 7
505.0 3 2 2 2 0 9
510.0 3 3 3 2 0 11
515.0 3 3 3 2 0 11
520.0 4 3 4 2 0 13
525.0 3 3 5 2 0 13
530.0 3 3 3 2 1 12
535.0 3 3 3 2 1 12
540.0 2 3 3 3 1 12
545.0 3 4 3 3 1 14
550.0 6 5 2 3 1 17
555.0 7 5 3 2 1 18
560.0 6 5 4 2 1 18
565.0 6 7 5 2 1 21
570.0 7 7 5 2 1 22
575.0 6 6 4 3 1 20
580.0 5 5 4 5 0 19
585.0 4 4 6 5 0 19
590.0 5 4 6 3 0 18
595.0 7 4 6 2 0 19
600.0 7 4 6 3 0 20
605.0 7 4 5 3 0 19
610.0 11 4 3 2 0 20
615.0 10 5 4 1 0 20
620.0 10 6 5 1 0 22
625.0 7 5 5 2 0 19
630.0 6 6 7 3 2 24
635.0 5 5 10 3 2 25
640.0 6 5 9 3 2 25
645.0 6 5 9 3 1 24
650.0 6 6 8 3 1 24
655.0 4 8 7 4 1 24
660.0 5 9 5 4 1 24
665.0 4 7 3 4 2 20
670.0 3 6 3 4 2 18
675.0 3 4 3 4 2 16
680.0 2 5 3 5 2 17
685.0 3 4 3 4 2 16
690.0 3 2 2 4 1 12
695.0 3 2 2 3 1 11
700.0 2 3 4 4 1 14
705.0 2 5 5 2 2 16
710.0 2 5 3 1 2 13
715.0 2 5 3 1 1 12
720.0 2 3 5 1 1 12
725.0 3 3 5 1 1 13
730.0 3 2 5 1 1 12
735.0 2 3 5 1 1 12
740.0 2 3 5 1 1 12
745.0 1 3 6 1 1 12
750.0 1 3 6 2 1 13
755.0 2 3 5 1 2 13
760.0 2 3 5 1 2 13
765.0 2 5 4 1 2 14
770.0 2 6 4 1 3 16
775.0 2 4 2 2 3 13
780.0 2 4 2 2 2 12
785.0 1 4 3 3 2 13
790.0 3 4 3 3 2 15
795.0 3 6 2 3 2 16
800.0 3 6 2 2 2 15
805.0 3 6 3 2 2 16
810.0 5 5 4 2 2 18
815.0 5 3 5 2 1 16
820.0 5 2 5 2 1 15
825.0 5 1 5 3 1 15
830.0 5 1 4 3 2 15
835.0 6 2 3 2 2 15
840.0 6 4 2 2 3 17
845.0 9 3 4 2 4 22
850.0 6 4 4 3 5 22
855.0 5 4 3 3 5 20
860.0 4 4 5 2 5 20
865.0 4 3 5 2 5 19
870.0 4 3 6 2 5 20
875.0 5 2 7 2 4 20
880.0 5 2 7 2 4 20
885.0 5 2 6 2 4 19
890.0 6 3 6 0 4 19
895.0 4 4 5 1 4 18
900.0 4 4 5 1 4 18
905.0 4 2 7 3 3 19
910.0 6 3 5 2 4 20
915.0 4 3 5 3 4 19
920.0 4 2 4 3 3 16
925.0 4 2 4 3 3 16
930.0 3 3 5 4 3 18
935.0 2 4 4 5 3 18
940.0 3 4 5 5 2 19
945.0 3 3 5 5 2 18
950.0 4 2 7 4 2 19
955.0 5 2 7 3 2 19
960.0 5 3 7 3 2 20
965.0 7 3 6 3 2 21
970.0 7 2 5 2 2 18
975.0 7 1 5 2 2 17
980.0 6 2 3 3 2 16
985.0 6 2 3 3 2 16
990.0 4 3 2 3 2 14
995.0 4 3 2 2 2 13
1000.0 3 3 2 2 1 11
1005.0 2 4 3 3 2 14
1010.0 3 4 3 3 2 15
1015.0 4 6 3 3 3 19
1020.0 4 5 4 4 3 20
1025.0 5 6 2 3 3 19
1030.0 5 7 2 2 4 20
1035.0 5 5 2 3 3 18
1040.0 5 4 2 3 3 17
1045.0 6 4 2 2 3 17
1050.0 6 4 2 2 3 17
1055.0 5 5 2 1 3 16
1060.0 7 5 2 0 2 16
1065.0 7 7 2 0 2 18
1070.0 6 7 4 1 2 20
1075.0 7 7 3 1 2 20
1080.0 7 8 3 1 2 21
1085.0 6 8 4 2 2 22
1090.0 5 8 4 2 2 21
1095.0 5 7 4 2 2 20
1100.0 7 6 4 2 2 21
1105.0 6 8 4 3 2 23
1110.0 6 5 5 3 2 21
1115.0 4 4 6 3 2 19
1120.0 5 3 6 3 2 19
1125.0 5 3 8 3 2 21
1130.0 4 5 8 3 2 22
1135.0 4 5 9 2 2 22
1140.0 4 5 8 3 2 22
1145.0 3 5 11 3 2 24
1150.0 3 4 11 4 3 25
1155.0 1 3 11 4 3 22
1160.0 1 2 12 4 3 22
1165.0 1 2 11 4 3 21
1170.0 1 3 8 4 3 19
1175.0 1 3 8 3 3 18
1180.0 2 3 8 3 2 18
1185.0 2 3 6 3 2 16
1190.0 2 3 4 3 2 14
1195.0 2 3 2 4 1 12
1200.0 2 3 3 4 2 14
1205.0 2 3 3 3 2 13
1210.0 2 1 4 4 2 13
1215.0 2 1 5 4 2 14
1220.0 2 1 4 3 2 12
1225.0 2 3 3 2 2 12
1230.0 2 3 4 2 2 13
1235.0 2 4 3 0 1 10
1240.0 2 4 3 0 1 10
1245.0 2 3 3 0 1 9
1250.0 2 2 3 0 0 7
1255.0 3 1 2 0 0 6
1260.0 3 1 2 0 0 6
1265.0 2 1 4 0 0 7
1270.0 2 1 3 0 1 7
1275.0 2 0 3 0 2 7
1280.0 2 0 3 0 2 7
1285.0 2 0 2 0 2 6
1290.0 1 0 1 0 2 4
1295.0 1 1 1 0 2 5
1300.0 1 1 1 0 2 5
1305.0 2 1 1 0 2 6
1310.0 2 0 1 0 2 5
1315.0 1 0 1 0 2 4
1320.0 1 0 0 0 2 3
1325.0 0 0 0 0 2 2
1330.0 0 0 0 0 2 2
1335.0 0 0 0 0 2 2
1340.0 0 0 0 0 2 2
1345.0 0 0 0 0 3 3
1350.0 0 0 0 0 2 2
1355.0 0 1 0 0 1 2
1360.0 0 1 0 0 1 2
1365.0 0 1 0 0 1 2
1370.0 0 1 0 0 1 2
1375.0 0 1 0 0 1 2
1380.0 0 1 0 0 1 2
1385.0 0 1 0 0 1 2
1390.0 0 1 0 0 1 2
1395.0 0 0 0 0 1 1
1400.0 0 0 0 0 1 1
1405.0 0 0 0 0 0 0
1410.0 0 0 0 0 0 0
1415.0 0 0 0 0 0 0
1420.0 0 0 0 0 0 0
1425.0 0 0 0 0 0 0
1430.0 0 0 0 0 0 0
1435.0 0 0 0 0 0 0
