5.0 0 0 0 0 0 0
10.0 0 0 0 0 0 0
15.0 0 0 0 0 0 0
20.0 0 0 0 0 0 0
25.0 0 0 0 0 0 0
30.0 0 0 0 0 0 0
35.0 0 0 0 0 0 0
40.0 0 0 0 0 0 0
45.0 0 0 0 0 0 0
50.0 0 0 0 0 0 0
55.0 0 0 0 0 0 0
60.0 0 0 0 0 0 0
65.0 0 0 0 0 0 0
70.0 0 0 0 0 0 0
75.0 0 0 0 0 0 0
80.0 0 0 0 0 0 0
85.0 0 0 0 0 0 0
90.0 0 0 0 0 0 0
95.0 0 0 0 0 0 0
100.0 0 0 0 0 0 0
105.0 0 0 0 0 0 0
110.0 0 0 0 0 0 0
115.0 0 0 0 0 0 0
120.0 0 0 0 0 0 0
125.0 0 0 0 0 0 0
130.0 0 0 0 0 0 0
135.0 0 0 0 0 0 0
140.0 0 0 0 0 0 0
145.0 0 0 0 0 0 0
150.0 0 0 0 0 0 0
155.0 0 0 0 0 0 0
160.0 0 0 0 0 0 0
165.0 0 0 0 0 0 0
170.0 0 0 0 0 0 0
175.0 0 0 0 0 0 0
180.0 0 0 0 0 0 0
185.0 0 0 0 0 0 0
190.0 0 0 0 0 0 0
195.0 0 0 0 0 0 0
200.0 0 0 0 0 0 0
205.0 0 0 0 0 0 0
210.0 0 0 0 0 0 0
215.0 0 0 0 0 0 0
220.0 0 0 0 0 0 0
225.0 0 0 0 0 0 0
230.0 0 0 0 0 0 0
235.0 0 0 0 0 0 0
240.0 0 0 0 0 0 0
245.0 0 0 0 0 0 0
250.0 0 0 0 0 0 0
255.0 0 0 0 0 0 0
260.0 0 0 0 0 0 0
265.0 0 0 0 0 0 0
270.0 0 0 0 0 0 0
275.0 0 0 0 0 0 0
280.0 0 0 0 0 0 0
285.0 0 0 0 0 0 0
290.0 0 0 0 0 0 0
295.0 0 0 0 0 0 0
300.0 0 0 0 0 0 0
305.0 0 0 0 0 0 0
310.0 0 0 0 0 0 0
315.0 0 0 0 0 0 0
320.0 0 0 0 0 0 0
325.0 0 0 0 0 0 0
330.0 0 0 0 0 0 0
335.0 0 0 0 0 0 0
340.0 0 0 0 0 0 0
345.0 0 0 0 0 0 0
350.0 0 0 0 0 0 0
355.0 0 0 0 0 0 0
360.0 0 0 0 0 0 0
365.0 0 0 0 0 0 0
370.0 0 0 0 0 0 0
375.0 0 0 0 0 0 0
380.0 0 0 0 0 0 0
385.0 0 0 0 0 0 0
390.0 0 0 0 0 0 0
395.0 0 0 0 0 0 0
400.0 0 0 0 0 0 0
405.0 0 0 0 0 0 0
410.0 0 0 0 0 0 0
415.0 0 0 0 0 0 0
420.0 0 0 0 0 0 0
425.0 0 0 1 0 0 1
430.0 0 0 1 0 0 1
435.0 0 0 1 0 0 1
440.0 0 0 1 0 0 1
445.0 0 0 1 0 0 1
450.0 0 0 1 0 0 1
455.0 0 0 1 0 0 1
460.0 0 0 1 0 0 1
465.0 0 0 1 0 0 1
470.0 0 1 0 0 0 1
475.0 1 1 1 0 0 3
480.0 1 1 2 0 0 4
485.0 1 0 2 0 1 4
490.0 1 0 2 0 1 4
495.0 1 1 3 0 2 7
500.0 1 1 3 0 2 7
505.0 1 1 3 0 2 7
510.0 0 1 4 0 2 7
515.0 0 1 4 0 2 7
520.0 1 1 4 1 1 8
525.0 1 1 4 1 0 7
530.0 2 1 4 1 0 8
535.0 2 1 3 1 0 7
540.0 2 2 3 1 0 8
545.0 2 2 3 2 0 9
550.0 3 3 3 2 0 11
555.0 3 3 4 1 0 11
560.0 3 2 5 1 0 11
565.0 3 2 4 1 0 10
570.0 2 2 3 2 1 10
575.0 3 2 3 2 1 11
580.0 2 1 3 2 1 9
585.0 2 2 4 2 1 11
590.0 3 2 4 1 1 11
595.0 3 2 4 1 1 11
600.0 2 1 4 1 1 9
605.0 3 2 4 0 0 9
610.0 3 2 4 0 0 9
615.0 4 3 4 0 0 11
620.0 4 3 2 0 0 9
625.0 4 3 2 0 0 9
630.0 5 2 4 0 0 11
635.0 3 2 4 1 0 10
640.0 4 2 3 1 0 10
645.0 4 3 3 1 0 11
650.0 3 3 2 1 0 9
655.0 3 3 1 1 0 8
660.0 2 2 1 1 0 6
665.0 1 2 1 1 0 5
670.0 1 2 1 1 0 5
675.0 1 1 2 2 0 6
680.0 1 1 2 2 0 6
685.0 0 2 2 2 0 6
690.0 0 3 2 2 0 7
695.0 1 3 1 2 0 7
700.0 1 3 1 2 0 7
705.0 1 5 1 2 0 9
710.0 1 3 2 3 0 9
715.0 1 4 2 2 0 9
720.0 1 3 2 3 0 9
725.0 2 1 1 3 0 7
730.0 2 0 2 3 0 7
735.0 2 0 2 3 0 7
740.0 2 1 3 3 0 9
745.0 3 1 3 1 0 8
750.0 3 2 2 0 0 7
755.0 3 2 3 0 0 8
760.0 3 2 2 0 0 7
765.0 2 1 2 1 0 6
770.0 2 1 1 1 0 5
775.0 2 1 2 1 1 7
780.0 1 1 1 2 1 6
785.0 1 1 1 2 1 6
790.0 2 1 1 1 1 6
795.0 2 1 1 1 1 6
800.0 2 1 1 2 1 7
805.0 2 1 1 2 1 7
810.0 3 1 1 2 2 9
815.0 3 2 1 1 2 9
820.0 3 3 1 1 2 10
825.0 3 3 2 1 2 11
830.0 3 3 1 1 2 10
835.0 2 3 1 1 3 10
840.0 3 3 0 1 3 10
845.0 3 2 0 1 3 9
850.0 5 2 0 0 3 10
855.0 5 1 0 0 3 9
860.0 4 1 0 2 3 10
865.0 4 2 1 2 3 12
870.0 4 2 1 3 3 13
875.0 2 2 2 4 2 12
880.0 2 1 2 4 2 11
885.0 2 3 2 4 2 13
890.0 3 3 3 4 1 14
895.0 2 3 3 4 1 13
900.0 2 3 3 3 1 12
905.0 2 3 4 3 1 13
910.0 2 3 4 3 1 13
915.0 3 3 4 2 1 13
920.0 2 2 4 3 1 12
925.0 2 2 3 3 1 11
930.0 2 3 2 3 1 11
935.0 1 3 3 3 1 11
940.0 2 2 3 3 1 11
945.0 3 2 3 3 1 12
950.0 3 2 1 3 1 10
955.0 4 0 2 2 1 9
960.0 4 0 2 2 1 9
965.0 4 1 2 2 2 11
970.0 5 1 3 2 1 12
975.0 5 1 3 2 1 12
980.0 5 1 3 2 1 12
985.0 4 1 2 2 1 10
990.0 3 1 2 1 1 8
995.0 2 2 2 1 1 8
1000.0 4 1 2 1 0 8
1005.0 5 1 2 2 1 11
1010.0 4 1 3 2 1 11
1015.0 4 1 3 2 1 11
1020.0 3 2 3 1 1 10
1025.0 3 1 3 0 1 8
1030.0 4 2 2 0 2 10
1035.0 2 3 2 1 2 10
1040.0 3 3 2 0 2 10
1045.0 3 3 3 0 2 11
1050.0 3 2 3 0 1 9
1055.0 2 2 4 0 1 9
1060.0 2 2 6 0 1 11
1065.0 2 1 7 1 1 12
1070.0 2 1 7 1 1 12
1075.0 1 1 8 1 1 12
1080.0 1 1 8 0 1 11
1085.0 1 1 8 0 1 11
1090.0 1 1 8 0 1 11
1095.0 1 1 8 0 1 11
1100.0 0 1 8 1 1 11
1105.0 0 1 6 1 1 9
1110.0 2 1 5 1 0 9
1115.0 2 1 5 1 0 9
1120.0 2 2 5 1 1 11
1125.0 2 2 5 1 1 11
1130.0 1 2 6 1 1 11
1135.0 1 2 6 1 1 11
1140.0 1 2 4 1 2 10
1145.0 1 2 5 1 2 11
1150.0 1 2 6 2 2 13
1155.0 1 2 6 2 2 13
1160.0 1 1 6 2 2 12
1165.0 1 1 5 3 2 12
1170.0 1 1 4 3 2 11
1175.0 1 1 4 3 2 11
1180.0 1 0 4 3 2 10
1185.0 1 0 4 3 2 10
1190.0 2 0 3 3 2 10
1195.0 2 0 3 3 2 10
1200.0 2 1 3 0 2 8
1205.0 2 1 4 0 2 9
1210.0 2 1 3 0 2 8
1215.0 1 0 2 0 3 6
1220.0 2 1 2 0 2 7
1225.0 3 1 2 0 2 8
1230.0 1 0 1 0 2 4
1235.0 1 0 1 0 2 4
1240.0 1 0 1 0 2 4
1245.0 0 0 1 0 2 3
1250.0 1 0 1 0 2 4
1255.0 1 0 0 0 2 3
1260.0 1 1 0 0 1 3
1265.0 0 1 0 1 0 2
1270.0 1 1 0 1 0 3
1275.0 2 1 0 2 0 5
1280.0 2 2 0 2 0 6
1285.0 2 1 0 1 0 4
1290.0 2 1 0 0 0 3
1295.0 2 1 0 0 0 3
1300.0 1 1 1 0 0 3
1305.0 1 0 1 0 0 2
1310.0 1 0 0 0 0 1
1315.0 1 0 0 0 0 1
1320.0 1 0 0 0 0 1
1325.0 0 0 0 0 0 0
1330.0 0 0 0 0 0 0
1335.0 0 0 0 0 0 0
1340.0 0 0 0 0 0 0
1345.0 0 0 0 0 0 0
1350.0 0 0 0 0 0 0
1355.0 0 0 0 0 0 0
1360.0 0 0 0 0 0 0
1365.0 0 0 0 0 0 0
1370.0 0 0 0 0 0 0
1375.0 0 0 0 0 0 0
1380.0 0 0 0 0 0 0
1385.0 0 0 0 0 0 0
1390.0 0 0 0 0 0 0
1395.0 0 0 0 0 0 0
1400.0 0 0 0 0 0 0
1405.0 0 0 0 0 0 0
1410.0 0 0 0 0 0 0
1415.0 0 0 0 0 0 0
1420.0 0 0 0 0 0 0
1425.0 0 0 0 0 0 0
1430.0 0 0 0 0 0 0
1435.0 0 0 0 0 0 0
