5.0 0 0 0 0 0 0
10.0 0 0 0 0 0 0
15.0 0 0 0 0 0 0
20.0 0 0 0 0 0 0
25.0 0 0 0 0 0 0
30.0 0 0 0 0 0 0
35.0 0 0 0 0 0 0
40.0 0 0 0 0 0 0
45.0 0 0 0 0 0 0
50.0 0 0 0 0 0 0
55.0 0 0 0 0 0 0
60.0 0 0 0 0 0 0
65.0 0 0 0 0 0 0
70.0 0 0 0 0 0 0
75.0 0 0 0 0 0 0
80.0 0 0 0 0 0 0
85.0 0 0 0 0 0 0
90.0 0 0 0 0 0 0
95.0 0 0 0 0 0 0
100.0 0 0 0 0 0 0
105.0 0 0 0 0 0 0
110.0 0 0 0 0 0 0
115.0 0 0 0 0 0 0
120.0 0 0 0 0 0 0
125.0 0 0 0 0 0 0
130.0 0 0 0 0 0 0
135.0 0 0 0 0 0 0
140.0 0 0 0 0 0 0
145.0 0 0 0 0 0 0
150.0 0 0 0 0 0 0
155.0 0 0 0 0 0 0
160.0 0 0 0 0 0 0
165.0 0 0 0 0 0 0
170.0 0 0 0 0 0 0
175.0 0 0 0 0 0 0
180.0 0 0 0 0 0 0
185.0 0 0 0 0 0 0
190.0 0 0 0 0 0 0
195.0 0 0 0 0 0 0
200.0 0 0 0 0 0 0
205.0 0 0 0 0 0 0
210.0 0 0 0 0 0 0
215.0 0 0 0 0 0 0
220.0 0 0 0 0 0 0
225.0 0 0 0 0 0 0
230.0 0 0 0 0 0 0
235.0 0 0 0 0 0 0
240.0 0 0 0 0 0 0
245.0 0 0 0 0 0 0
250.0 0 0 0 0 0 0
255.0 0 0 0 0 0 0
260.0 0 0 0 0 0 0
265.0 0 0 0 0 0 0
270.0 0 0 0 0 0 0
275.0 0 0 0 0 0 0
280.0 0 0 0 0 0 0
285.0 0 0 0 0 0 0
290.0 0 1 0 0 0 1
295.0 0 2 0 0 0 2
300.0 0 2 0 0 0 2
305.0 0 2 0 0 0 2
310.0 0 2 0 0 0 2
315.0 0 2 0 0 0 2
320.0 0 2 0 0 0 2
325.0 0 2 0 0 0 2
330.0 0 2 1 0 0 3
335.0 0 1 3 0 1 5
340.0 1 1 3 0 1 6
345.0 1 1 2 1 1 6
350.0 3 1 2 1 1 8
355.0 3 3 2 2 1 11
360.0 5 3 4 2 2 16
365.0 7 4 3 3 2 19
370.0 7 5 6 3 2 23
375.0 5 5 6 4 2 22
380.0 4 4 10 5 1 24
385.0 5 6 11 5 2 29
390.0 5 7 13 5 2 32
395.0 7 13 15 5 2 42
400.0 12 14 16 4 1 47
405.0 15 13 16 2 1 47
410.0 17 13 16 3 1 50
415.0 18 15 16 4 3 56
420.0 19 15 18 7 6 65
425.0 17 17 21 9 8 72
430.0 18 18 22 10 8 76
435.0 22 17 23 11 8 81
440.0 21 14 24 12 9 80
445.0 23 19 25 13 9 89
450.0 25 20 28 13 7 93
455.0 24 23 28 12 8 95
460.0 21 21 28 14 9 93
465.0 21 18 33 18 10 100
470.0 24 23 35 25 9 116
475.0 26 26 47 32 12 143
480.0 34 29 49 33 14 159
485.0 38 31 51 37 14 171
490.0 43 33 54 36 17 183
495.0 48 38 54 38 19 197
500.0 59 41 52 38 22 212
505.0 60 47 57 43 25 232
510.0 55 51 69 39 29 243
515.0 57 54 69 39 31 250
520.0 54 62 82 34 32 264
525.0 55 68 87 33 35 278
530.0 65 73 89 32 34 293
535.0 70 72 91 31 37 301
540.0 71 83 92 38 37 321
545.0 75 90 87 40 34 326
550.0 82 98 90 37 35 342
555.0 86 102 88 45 36 357
560.0 84 105 91 51 37 368
565.0 84 103 96 52 40 375
570.0 88 109 100 50 42 389
575.0 90 114 110 52 41 407
580.0 82 118 116 53 41 410
585.0 86 121 123 50 44 424
590.0 85 124 120 50 46 425
595.0 84 128 130 48 48 438
600.0 82 129 133 49 50 443
605.0 90 130 127 58 45 450
610.0 87 132 134 62 46 461
615.0 95 131 128 55 46 455
620.0 91 127 129 54 46 447
625.0 94 130 129 62 47 462
630.0 100 133 134 65 49 481
635.0 102 125 136 64 53 480
640.0 107 124 132 63 59 485
645.0 114 126 139 58 61 498
650.0 105 130 127 62 61 485
655.0 107 128 122 61 53 471
660.0 110 133 126 61 48 478
665.0 101 133 132 60 48 474
670.0 93 126 129 53 47 448
675.0 87 130 120 53 47 437
680.0 88 128 120 50 47 433
685.0 92 127 124 56 49 448
690.0 91 132 122 57 49 451
695.0 90 126 124 55 50 445
700.0 90 125 118 54 46 433
705.0 87 123 118 50 46 424
710.0 91 118 105 50 47 411
715.0 88 118 101 46 44 397
720.0 86 115 109 41 44 395
725.0 94 109 114 34 43 394
730.0 90 113 115 38 46 402
735.0 84 104 117 38 41 384
740.0 75 103 112 35 43 368
745.0 76 100 101 33 42 352
750.0 75 103 101 38 42 359
755.0 74 99 103 31 40 347
760.0 78 98 100 29 37 342
765.0 74 96 102 31 37 340
770.0 70 102 100 26 36 334
775.0 67 92 105 31 36 331
780.0 75 95 104 38 34 346
785.0 65 93 106 40 30 334
790.0 64 86 108 42 31 331
795.0 68 85 108 41 30 332
800.0 70 85 112 46 28 341
805.0 67 86 110 51 30 344
810.0 72 88 110 53 27 350
815.0 73 90 112 52 29 356
820.0 77 85 116 51 32 361
825.0 79 78 109 49 34 349
830.0 75 74 109 45 34 337
835.0 81 74 113 41 36 345
840.0 84 75 112 43 35 349
845.0 79 84 123 40 31 357
850.0 85 92 119 36 32 364
855.0 79 88 124 38 36 365
860.0 86 86 119 44 38 373
865.0 85 94 119 44 41 383
870.0 80 97 123 49 41 390
875.0 86 99 121 48 42 396
880.0 89 100 126 48 43 406
885.0 91 103 129 48 42 413
890.0 86 107 133 48 40 414
895.0 88 115 135 48 37 423
900.0 94 120 135 47 39 435
905.0 88 127 135 52 39 441
910.0 90 127 136 53 32 438
915.0 94 125 127 54 36 436
920.0 99 121 127 50 43 440
925.0 103 117 131 56 42 449
930.0 100 110 130 53 42 435
935.0 95 111 128 55 40 429
940.0 93 115 126 56 42 432
945.0 90 115 122 58 46 431
950.0 89 119 123 58 47 436
955.0 87 118 124 59 45 433
960.0 85 105 126 59 44 419
965.0 85 105 135 60 46 431
970.0 90 102 131 56 43 422
975.0 99 107 127 52 44 429
980.0 96 105 135 51 46 433
985.0 103 109 132 51 41 436
990.0 102 111 136 50 40 439
995.0 97 111 135 52 39 434
1000.0 94 118 138 53 42 445
1005.0 95 117 135 50 43 440
1010.0 98 114 136 46 43 437
1015.0 93 115 133 52 40 433
1020.0 93 116 129 46 41 425
1025.0 89 121 127 46 42 425
1030.0 91 119 135 49 44 438
1035.0 93 116 143 54 46 452
1040.0 94 122 134 57 46 453
1045.0 100 123 133 52 45 453
1050.0 109 125 129 47 45 455
1055.0 100 128 119 50 46 443
1060.0 98 125 118 58 48 447
1065.0 92 122 130 62 51 457
1070.0 92 132 134 69 49 476
1075.0 104 119 138 68 54 483
1080.0 108 125 143 70 48 494
1085.0 105 127 138 73 51 494
1090.0 107 127 147 70 50 501
1095.0 105 129 147 69 50 500
1100.0 105 121 141 76 58 501
1105.0 114 125 140 78 55 512
1110.0 123 129 140 74 52 518
1115.0 127 136 138 91 53 545
1120.0 124 135 137 92 55 543
1125.0 109 128 142 94 59 532
1130.0 118 125 147 87 55 532
1135.0 119 124 140 83 55 521
1140.0 119 126 139 83 56 523
1145.0 119 130 140 82 55 526
1150.0 118 133 151 79 57 538
1155.0 117 116 155 77 57 522
1160.0 106 115 146 85 55 507
1165.0 107 111 140 82 56 496
1170.0 103 118 138 83 52 494
1175.0 97 113 141 83 53 487
1180.0 98 108 144 76 56 482
1185.0 91 126 140 76 51 484
1190.0 89 119 144 73 50 475
1195.0 88 102 140 68 47 445
1200.0 88 105 130 64 47 434
1205.0 86 102 125 61 44 418
1210.0 89 91 120 55 42 397
1215.0 82 86 116 54 42 380
1220.0 80 89 109 51 38 367
1225.0 78 82 104 47 36 347
1230.0 77 77 102 44 36 336
1235.0 62 74 99 44 37 316
1240.0 55 67 89 42 36 289
1245.0 52 63 85 40 36 276
1250.0 49 55 73 42 33 252
1255.0 47 59 69 31 30 236
1260.0 43 54 63 30 26 216
1265.0 40 50 59 32 24 205
1270.0 36 44 52 27 20 179
1275.0 32 39 45 27 18 161
1280.0 29 39 44 27 14 153
1285.0 25 33 41 21 15 135
1290.0 19 33 29 22 11 114
1295.0 20 25 29 21 11 106
1300.0 18 21 23 18 11 91
1305.0 17 18 25 13 11 84
1310.0 15 17 25 14 12 83
1315.0 16 14 24 14 10 78
1320.0 12 15 20 14 10 71
1325.0 16 13 16 14 10 69
1330.0 14 10 12 13 9 58
1335.0 13 10 9 12 4 48
1340.0 8 9 7 11 3 38
1345.0 6 10 8 10 2 36
1350.0 4 7 7 10 2 30
1355.0 7 8 5 6 1 27
1360.0 7 8 3 6 1 25
1365.0 4 6 4 6 1 21
1370.0 4 7 6 6 1 24
1375.0 5 4 6 6 1 22
1380.0 6 1 4 7 2 20
1385.0 7 2 3 5 1 18
1390.0 6 2 2 3 0 13
1395.0 4 2 2 2 0 10
1400.0 3 1 2 1 0 7
1405.0 3 1 2 1 0 7
1410.0 1 0 2 0 0 3
1415.0 1 0 3 0 0 4
1420.0 1 0 2 0 0 3
1425.0 1 0 2 0 0 3
1430.0 0 0 2 0 0 2
1435.0 0 0 2 0 0 2
