5.0 0 0 0 0 0 0
10.0 0 0 0 0 0 0
15.0 0 0 0 0 0 0
20.0 0 0 0 0 0 0
25.0 0 0 0 0 0 0
30.0 0 0 0 0 0 0
35.0 0 0 0 0 0 0
40.0 0 0 0 0 0 0
45.0 0 0 0 0 0 0
50.0 0 0 0 0 0 0
55.0 0 0 0 0 0 0
60.0 0 0 0 0 0 0
65.0 0 0 0 0 0 0
70.0 0 0 0 0 0 0
75.0 0 0 0 0 0 0
80.0 0 0 0 0 0 0
85.0 0 0 0 0 0 0
90.0 0 0 0 0 0 0
95.0 0 0 0 0 0 0
100.0 0 0 0 0 0 0
105.0 0 0 0 0 0 0
110.0 0 0 0 0 0 0
115.0 0 0 0 0 0 0
120.0 0 0 0 0 0 0
125.0 0 0 0 0 0 0
130.0 0 0 0 0 0 0
135.0 0 0 0 0 0 0
140.0 0 0 0 0 0 0
145.0 0 0 0 0 0 0
150.0 0 0 0 0 0 0
155.0 0 0 0 0 0 0
160.0 0 0 0 0 0 0
165.0 0 0 0 0 0 0
170.0 0 0 0 0 0 0
175.0 0 0 0 0 0 0
180.0 0 0 0 0 0 0
185.0 0 0 0 0 0 0
190.0 0 0 0 0 0 0
195.0 0 0 0 0 0 0
200.0 0 0 0 0 0 0
205.0 0 0 0 0 0 0
210.0 0 0 0 0 0 0
215.0 0 0 0 0 0 0
220.0 0 0 0 0 0 0
225.0 0 0 0 0 0 0
230.0 0 0 0 0 0 0
235.0 0 0 0 0 0 0
240.0 0 0 0 0 0 0
245.0 0 0 0 0 0 0
250.0 0 0 0 0 0 0
255.0 0 0 0 0 0 0
260.0 0 0 0 0 0 0
265.0 0 0 0 0 0 0
270.0 0 0 0 0 0 0
275.0 0 0 0 0 0 0
280.0 1 0 0 0 0 1
285.0 1 0 0 0 0 1
290.0 1 0 0 0 0 1
295.0 1 0 0 0 0 1
300.0 1 0 0 0 0 1
305.0 0 0 0 1 0 1
310.0 0 0 0 1 0 1
315.0 0 0 0 1 0 1
320.0 0 0 0 1 0 1
325.0 0 1 0 0 0 1
330.0 0 1 0 0 1 2
335.0 0 1 0 0 1 2
340.0 0 0 0 0 1 1
345.0 0 1 0 0 1 2
350.0 0 2 1 0 1 4
355.0 0 2 1 0 1 4
360.0 0 2 1 0 1 4
365.0 0 2 1 0 1 4
370.0 0 1 2 0 1 4
375.0 0 1 2 0 1 4
380.0 0 1 2 0 1 4
385.0 0 1 2 0 1 4
390.0 0 1 2 0 1 4
395.0 1 2 3 0 1 7
400.0 1 3 3 0 1 8
405.0 1 4 4 0 2 11
410.0 0 3 4 1 2 10
415.0 0 5 4 1 2 12
420.0 0 5 5 2 2 14
425.0 0 6 6 2 2 16
430.0 1 7 6 3 2 19
435.0 2 6 1 3 2 14
440.0 2 6 1 3 2 14
445.0 2 8 1 3 2 16
450.0 3 11 5 3 2 24
455.0 4 11 5 3 2 25
460.0 5 10 6 3 2 26
465.0 5 9 5 2 2 23
470.0 4 8 6 4 2 24
475.0 6 8 7 4 2 27
480.0 7 10 4 4 1 26
485.0 7 9 8 4 1 29
490.0 7 10 9 4 1 31
495.0 9 11 8 4 2 34
500.0 9 11 10 4 2 36
505.0 5 12 11 4 2 34
510.0 6 11 12 5 2 36
515.0 8 9 13 4 3 37
520.0 10 10 11 3 3 37
525.0 11 9 9 4 4 37
530.0 11 10 9 4 4 38
535.0 10 11 10 4 5 40
540.0 10 9 12 4 6 41
545.0 11 9 15 5 6 46
550.0 10 12 13 7 6 48
555.0 10 12 10 6 7 45
560.0 12 11 10 6 8 47
565.0 17 11 9 5 8 50
570.0 15 13 11 6 9 54
575.0 13 17 9 8 9 56
580.0 12 19 12 7 10 60
585.0 13 18 12 9 11 63
590.0 14 20 14 9 11 68
595.0 14 17 18 9 10 68
600.0 16 15 19 9 9 68
605.0 16 14 18 10 10 68
610.0 14 13 22 8 11 68
615.0 13 14 24 10 11 72
620.0 15 13 24 8 11 71
625.0 19 12 23 7 9 70
630.0 19 11 24 6 7 67
635.0 16 14 24 7 9 70
640.0 16 13 24 7 11 71
645.0 12 15 21 9 12 69
650.0 10 21 21 8 11 71
655.0 9 22 22 5 11 69
660.0 9 25 20 6 11 71
665.0 11 22 19 9 12 73
670.0 10 21 19 9 13 72
675.0 9 19 20 10 11 69
680.0 12 20 19 10 11 72
685.0 13 18 17 7 11 66
690.0 14 14 18 7 10 63
695.0 19 11 19 7 10 66
700.0 16 9 21 6 9 61
705.0 18 8 20 6 9 61
710.0 18 10 23 4 8 63
715.0 19 11 18 4 9 61
720.0 15 13 19 3 8 58
725.0 16 12 15 3 7 53
730.0 15 12 16 3 8 54
735.0 16 13 14 2 5 50
740.0 15 12 14 1 5 47
745.0 16 11 15 3 6 51
750.0 17 9 15 5 6 52
755.0 16 11 18 7 6 58
760.0 16 13 19 6 5 59
765.0 17 13 17 7 4 58
770.0 16 15 19 9 3 62
775.0 16 14 17 10 3 60
780.0 16 14 17 11 2 60
785.0 15 11 16 14 2 58
790.0 15 12 16 13 3 59
795.0 16 13 18 11 3 61
800.0 14 12 19 8 3 56
805.0 11 12 20 7 3 53
810.0 13 15 17 6 5 56
815.0 12 11 19 7 5 54
820.0 13 9 22 7 5 56
825.0 15 11 21 8 4 59
830.0 19 12 22 9 4 66
835.0 17 14 21 9 4 65
840.0 13 15 17 11 5 61
845.0 14 14 18 12 5 63
850.0 14 15 17 11 5 62
855.0 18 16 18 8 6 66
860.0 16 15 19 8 5 63
865.0 11 17 19 9 7 63
870.0 13 17 18 10 8 66
875.0 11 17 19 10 7 64
880.0 10 22 18 9 7 66
885.0 9 24 17 8 7 65
890.0 11 23 15 9 9 67
895.0 14 19 18 10 9 70
900.0 12 21 19 10 10 72
905.0 12 21 17 11 10 71
910.0 13 21 20 8 12 74
915.0 14 19 19 9 10 71
920.0 15 21 19 6 8 69
925.0 19 21 17 6 9 72
930.0 19 20 17 5 6 67
935.0 17 16 15 5 7 60
940.0 18 17 17 4 7 63
945.0 16 16 17 4 8 61
950.0 13 17 19 5 8 62
955.0 12 19 18 6 8 63
960.0 14 19 15 6 8 62
965.0 13 20 15 6 9 63
970.0 16 24 15 5 9 69
975.0 13 18 19 6 9 65
980.0 13 17 19 6 9 64
985.0 11 18 19 8 6 62
990.0 10 13 17 5 6 51
995.0 12 14 21 6 5 58
1000.0 15 16 22 7 5 65
1005.0 16 14 21 7 5 63
1010.0 16 17 20 7 5 65
1015.0 13 19 21 8 6 67
1020.0 13 19 19 8 6 65
1025.0 15 20 19 7 9 70
1030.0 15 19 17 6 10 67
1035.0 14 20 16 8 11 69
1040.0 13 19 18 10 10 70
1045.0 14 20 17 11 11 73
1050.0 15 16 16 10 11 68
1055.0 15 18 16 8 11 68
1060.0 14 21 14 12 12 73
1065.0 13 22 18 11 10 74
1070.0 15 25 17 10 9 76
1075.0 12 26 23 10 9 80
1080.0 13 25 23 10 9 80
1085.0 12 20 22 10 10 74
1090.0 15 17 18 12 10 72
1095.0 17 20 18 10 10 75
1100.0 20 23 22 9 9 83
1105.0 19 23 20 10 10 82
1110.0 20 21 21 9 10 81
1115.0 17 23 23 9 10 82
1120.0 18 23 27 10 11 89
1125.0 16 23 33 10 12 94
1130.0 19 24 31 10 11 95
1135.0 24 26 29 9 9 97
1140.0 22 27 28 12 11 100
1145.0 17 27 27 12 11 94
1150.0 19 22 24 13 9 87
1155.0 17 18 20 11 9 75
1160.0 19 22 22 10 9 82
1165.0 22 20 19 11 8 80
1170.0 22 20 20 10 8 80
1175.0 17 23 24 7 7 78
1180.0 15 25 20 11 8 79
1185.0 12 26 19 13 8 78
1190.0 15 29 20 8 6 78
1195.0 15 28 23 6 6 78
1200.0 15 27 22 7 7 78
1205.0 17 24 23 7 9 80
1210.0 16 20 27 9 10 82
1215.0 15 18 25 12 10 80
1220.0 14 16 26 10 9 75
1225.0 13 17 23 9 9 71
1230.0 13 19 19 8 8 67
1235.0 14 17 14 7 8 60
1240.0 10 15 17 7 8 57
1245.0 8 15 15 7 6 51
1250.0 7 15 14 6 6 48
1255.0 7 12 12 8 4 43
1260.0 6 13 12 8 3 42
1265.0 7 13 10 8 5 43
1270.0 5 12 10 8 3 38
1275.0 7 9 6 7 3 32
1280.0 6 8 8 5 3 30
1285.0 8 6 7 4 3 28
1290.0 9 5 8 3 1 26
1295.0 6 3 9 2 2 22
1300.0 6 3 6 2 2 19
1305.0 6 3 5 3 2 19
1310.0 6 3 6 2 2 19
1315.0 6 2 5 2 2 17
1320.0 6 2 7 2 2 19
1325.0 4 2 4 4 2 16
1330.0 4 2 4 3 1 14
1335.0 3 2 4 4 1 14
1340.0 1 1 3 4 1 10
1345.0 0 1 2 3 1 7
1350.0 0 2 2 3 1 8
1355.0 0 1 2 3 1 7
1360.0 0 2 2 1 1 6
1365.0 0 2 2 1 1 6
1370.0 1 1 2 1 1 6
1375.0 1 1 2 1 1 6
1380.0 1 1 2 1 1 6
1385.0 1 1 1 1 1 5
1390.0 0 0 2 1 1 4
1395.0 0 0 2 0 1 3
1400.0 0 0 2 0 1 3
1405.0 0 1 1 0 1 3
1410.0 0 1 1 0 1 3
1415.0 0 1 1 0 1 3
1420.0 0 0 1 0 1 2
1425.0 0 0 1 0 1 2
1430.0 0 0 0 0 1 1
1435.0 0 0 0 0 1 1
