5.0 0 0 0 0 0 0
10.0 0 0 0 0 0 0
15.0 0 0 0 0 0 0
20.0 0 0 0 0 0 0
25.0 0 0 0 0 0 0
30.0 0 0 0 0 0 0
35.0 0 0 0 0 0 0
40.0 0 0 0 0 0 0
45.0 0 0 0 0 0 0
50.0 0 0 0 0 0 0
55.0 0 0 0 0 0 0
60.0 0 0 0 0 0 0
65.0 0 0 0 0 0 0
70.0 0 0 0 0 0 0
75.0 0 0 0 0 0 0
80.0 0 0 0 0 0 0
85.0 0 0 0 0 0 0
90.0 0 0 0 0 0 0
95.0 0 0 0 0 0 0
100.0 0 0 0 0 0 0
105.0 0 0 0 0 0 0
110.0 0 0 0 0 0 0
115.0 0 0 0 0 0 0
120.0 0 0 0 0 0 0
125.0 0 0 0 0 0 0
130.0 0 0 0 0 0 0
135.0 0 0 0 0 0 0
140.0 0 0 0 0 0 0
145.0 0 0 0 0 0 0
150.0 0 0 0 0 0 0
155.0 0 0 0 0 0 0
160.0 0 0 0 0 0 0
165.0 0 0 0 0 0 0
170.0 0 0 0 0 0 0
175.0 0 0 0 0 0 0
180.0 0 0 0 0 0 0
185.0 0 0 0 0 0 0
190.0 0 0 0 0 0 0
195.0 0 0 0 0 0 0
200.0 0 0 0 0 0 0
205.0 0 0 0 0 0 0
210.0 0 0 0 0 0 0
215.0 0 0 0 0 0 0
220.0 0 0 0 0 0 0
225.0 0 0 0 0 0 0
230.0 0 0 0 0 0 0
235.0 0 0 0 0 0 0
240.0 0 0 0 0 0 0
245.0 0 0 0 0 0 0
250.0 0 0 0 0 0 0
255.0 0 0 0 0 0 0
260.0 0 0 0 0 0 0
265.0 0 0 0 0 0 0
270.0 0 0 0 0 0 0
275.0 0 0 0 0 0 0
280.0 0 1 0 0 0 1
285.0 0 1 0 0 0 1
290.0 0 1 0 0 0 1
295.0 0 0 1 0 0 1
300.0 0 0 1 1 0 2
305.0 1 0 0 1 0 2
310.0 1 0 0 1 0 2
315.0 1 0 0 1 0 2
320.0 1 0 0 1 0 2
325.0 1 0 0 1 0 2
330.0 1 0 0 1 0 2
335.0 1 0 0 1 0 2
340.0 1 0 0 1 0 2
345.0 1 0 1 1 0 3
350.0 2 0 1 0 0 3
355.0 2 0 1 0 0 3
360.0 2 0 1 0 0 3
365.0 2 0 1 0 0 3
370.0 1 0 1 0 0 2
375.0 1 0 2 0 0 3
380.0 1 1 2 0 0 4
385.0 1 1 3 0 0 5
390.0 2 2 2 0 0 6
395.0 2 2 2 0 0 6
400.0 2 2 3 0 0 7
405.0 2 2 4 0 0 8
410.0 0 2 5 1 0 8
415.0 0 2 5 1 0 8
420.0 0 4 5 1 0 10
425.0 2 4 5 1 0 12
430.0 3 4 5 0 0 12
435.0 4 3 6 0 1 14
440.0 4 2 4 1 1 12
445.0 3 2 2 1 1 9
450.0 1 3 2 1 1 8
455.0 1 3 3 1 1 9
460.0 1 3 6 2 1 13
465.0 2 3 9 2 2 18
470.0 2 5 11 1 2 21
475.0 3 6 13 1 3 26
480.0 2 6 13 1 4 26
485.0 2 3 13 2 5 25
490.0 2 3 13 2 5 25
495.0 3 3 11 3 5 25
500.0 4 4 11 3 5 27
505.0 4 4 13 4 6 31
510.0 6 4 13 4 5 32
515.0 6 6 18 4 4 38
520.0 5 6 20 5 3 39
525.0 6 8 18 5 4 41
530.0 5 9 17 7 4 42
535.0 9 10 18 9 4 50
540.0 9 9 18 9 5 50
545.0 10 7 18 8 5 48
550.0 12 7 16 7 4 46
555.0 10 7 15 9 5 46
560.0 10 9 17 8 5 49
565.0 6 8 20 11 5 50
570.0 6 7 21 10 6 50
575.0 10 9 19 9 7 54
580.0 13 11 16 9 6 55
585.0 12 13 16 9 6 56
590.0 13 9 16 8 6 52
595.0 19 8 18 8 7 60
600.0 14 9 19 9 7 58
605.0 14 8 20 8 8 58
610.0 14 9 20 7 9 59
615.0 13 10 18 7 9 57
620.0 10 11 15 8 9 53
625.0 12 13 16 7 7 55
630.0 13 13 17 7 6 56
635.0 15 15 19 6 6 61
640.0 17 14 21 7 6 65
645.0 17 16 19 8 6 66
650.0 16 17 20 7 6 66
655.0 14 18 21 8 5 66
660.0 15 19 17 7 5 63
665.0 14 20 17 6 6 63
670.0 13 23 17 5 7 65
675.0 13 24 17 6 7 67
680.0 14 22 14 6 6 62
685.0 12 21 15 6 6 60
690.0 10 19 17 7 5 58
695.0 9 19 16 5 7 56
700.0 13 20 15 4 9 61
705.0 9 22 17 7 6 61
710.0 7 20 18 7 6 58
715.0 8 18 18 7 6 57
720.0 9 20 18 6 8 61
725.0 8 18 19 6 8 59
730.0 7 18 17 4 8 54
735.0 6 18 16 3 6 49
740.0 6 14 15 3 7 45
745.0 9 12 15 4 6 46
750.0 7 11 17 5 5 45
755.0 9 11 15 6 5 46
760.0 13 12 16 5 5 51
765.0 11 11 21 6 4 53
770.0 14 14 22 7 4 61
775.0 12 18 19 7 4 60
780.0 10 20 19 8 3 60
785.0 7 17 19 10 3 56
790.0 6 18 21 10 2 57
795.0 7 18 18 9 3 55
800.0 7 16 18 10 3 54
805.0 7 14 18 11 4 54
810.0 8 14 19 11 3 55
815.0 10 15 18 10 4 57
820.0 10 12 19 12 5 58
825.0 10 13 21 13 7 64
830.0 11 13 24 14 6 68
835.0 15 12 24 12 4 67
840.0 14 11 21 10 5 61
845.0 13 13 24 9 6 65
850.0 15 13 21 9 6 64
855.0 15 13 24 10 6 68
860.0 12 11 22 10 6 61
865.0 13 13 22 9 6 63
870.0 17 13 22 10 6 68
875.0 13 16 24 11 5 69
880.0 12 19 22 11 7 71
885.0 13 17 21 11 6 68
890.0 11 17 21 10 5 64
895.0 9 18 23 10 5 65
900.0 8 16 28 10 5 67
905.0 12 17 23 12 5 69
910.0 11 13 23 10 6 63
915.0 9 18 26 11 7 71
920.0 14 20 23 10 8 75
925.0 14 21 21 10 6 72
930.0 12 26 18 12 5 73
935.0 12 21 19 11 5 68
940.0 14 23 21 10 4 72
945.0 12 24 23 9 4 72
950.0 12 24 23 8 5 72
955.0 12 22 23 7 5 69
960.0 13 18 25 7 5 68
965.0 15 20 24 5 5 69
970.0 17 19 24 5 5 70
975.0 19 16 25 5 6 71
980.0 15 16 25 5 6 67
985.0 12 16 24 7 7 66
990.0 12 13 22 7 10 64
995.0 12 12 22 8 11 65
1000.0 13 16 18 9 11 67
1005.0 16 19 16 10 10 71
1010.0 15 18 16 12 11 72
1015.0 12 15 16 9 11 63
1020.0 9 17 16 9 9 60
1025.0 11 16 16 7 10 60
1030.0 9 15 18 7 10 59
1035.0 10 15 20 9 10 64
1040.0 8 18 19 7 11 63
1045.0 8 21 19 6 9 63
1050.0 11 20 18 9 9 67
1055.0 12 22 20 8 8 70
1060.0 13 20 19 9 10 71
1065.0 15 21 19 10 9 74
1070.0 17 22 17 6 9 71
1075.0 17 19 18 9 9 72
1080.0 16 16 19 10 9 70
1085.0 15 16 20 12 8 71
1090.0 14 18 23 10 7 72
1095.0 17 20 25 12 5 79
1100.0 17 19 26 11 6 79
1105.0 21 20 25 8 4 78
1110.0 19 15 27 10 4 75
1115.0 18 15 31 7 5 76
1120.0 18 21 35 7 5 86
1125.0 18 24 38 7 8 95
1130.0 18 28 30 7 9 92
1135.0 14 26 28 6 11 85
1140.0 13 25 28 8 12 86
1145.0 12 21 29 10 11 83
1150.0 15 21 27 7 10 80
1155.0 16 20 28 5 11 80
1160.0 14 21 28 5 10 78
1165.0 13 23 25 6 9 76
1170.0 11 25 25 6 8 75
1175.0 11 24 22 6 7 70
1180.0 10 25 21 7 8 71
1185.0 10 21 22 8 7 68
1190.0 13 18 24 8 6 69
1195.0 11 21 25 7 5 69
1200.0 10 24 22 4 3 63
1205.0 9 28 19 5 3 64
1210.0 16 26 17 4 4 67
1215.0 15 25 17 5 4 66
1220.0 14 25 20 5 5 69
1225.0 13 23 21 5 5 67
1230.0 12 23 16 5 5 61
1235.0 9 21 11 9 4 54
1240.0 9 18 12 8 3 50
1245.0 8 17 11 6 3 45
1250.0 7 11 12 7 4 41
1255.0 9 10 12 6 4 41
1260.0 9 10 10 7 3 39
1265.0 11 9 8 7 4 39
1270.0 11 7 8 4 3 33
1275.0 8 6 8 4 3 29
1280.0 8 6 8 3 3 28
1285.0 7 3 5 2 3 20
1290.0 7 3 4 1 3 18
1295.0 7 3 4 1 3 18
1300.0 5 5 2 1 2 15
1305.0 6 5 2 1 2 16
1310.0 7 3 1 0 2 13
1315.0 5 1 3 0 2 11
1320.0 4 1 2 0 2 9
1325.0 1 1 2 1 1 6
1330.0 1 1 1 1 1 5
1335.0 0 1 1 2 1 5
1340.0 0 1 1 3 1 6
1345.0 0 1 1 3 1 6
1350.0 0 2 1 2 1 6
1355.0 0 1 0 1 1 3
1360.0 0 1 0 2 1 4
1365.0 0 1 0 1 1 3
1370.0 0 0 0 1 1 2
1375.0 0 0 0 1 1 2
1380.0 0 0 0 1 1 2
1385.0 0 0 1 0 1 2
1390.0 0 0 1 0 1 2
1395.0 0 0 0 0 1 1
1400.0 0 0 0 0 1 1
1405.0 0 0 0 0 1 1
1410.0 0 0 0 0 1 1
1415.0 0 0 0 0 1 1
1420.0 0 0 0 0 1 1
1425.0 0 0 0 0 1 1
1430.0 0 1 0 0 0 1
1435.0 0 1 0 0 0 1
