5.0 0 0 0 0 0 0
10.0 0 0 0 0 0 0
15.0 0 0 0 0 0 0
20.0 0 0 0 0 0 0
25.0 0 0 0 0 0 0
30.0 0 0 0 0 0 0
35.0 0 0 0 0 0 0
40.0 0 0 0 0 0 0
45.0 0 0 0 0 0 0
50.0 0 0 0 0 0 0
55.0 0 0 0 0 0 0
60.0 0 0 0 0 0 0
65.0 0 0 0 0 0 0
70.0 0 0 0 0 0 0
75.0 0 0 0 0 0 0
80.0 0 0 0 0 0 0
85.0 0 0 0 0 0 0
90.0 0 0 0 0 0 0
95.0 0 0 0 0 0 0
100.0 0 0 0 0 0 0
105.0 0 0 0 0 0 0
110.0 0 0 0 0 0 0
115.0 0 0 0 0 0 0
120.0 0 0 0 0 0 0
125.0 0 0 0 0 0 0
130.0 0 0 0 0 0 0
135.0 0 0 0 0 0 0
140.0 0 0 0 0 0 0
145.0 0 0 0 0 0 0
150.0 0 0 0 0 0 0
155.0 0 0 0 0 0 0
160.0 0 0 0 0 0 0
165.0 0 0 0 0 0 0
170.0 0 0 0 0 0 0
175.0 0 0 0 0 0 0
180.0 0 0 0 0 0 0
185.0 0 0 0 0 0 0
190.0 0 0 0 0 0 0
195.0 0 0 0 0 0 0
200.0 0 0 0 0 0 0
205.0 0 0 0 0 0 0
210.0 0 0 0 0 0 0
215.0 0 0 0 0 0 0
220.0 0 0 0 0 0 0
225.0 0 0 0 0 0 0
230.0 0 0 0 0 0 0
235.0 0 0 0 0 0 0
240.0 0 0 0 0 0 0
245.0 0 0 0 0 0 0
250.0 0 0 1 0 0 1
255.0 0 0 1 0 0 1
260.0 0 0 1 0 0 1
265.0 0 0 1 0 0 1
270.0 0 0 1 0 0 1
275.0 1 0 2 0 0 3
280.0 1 0 2 0 0 3
285.0 1 0 2 0 0 3
290.0 2 0 2 0 0 4
295.0 2 0 2 0 0 4
300.0 2 0 1 0 0 3
305.0 2 1 1 0 0 4
310.0 2 1 1 0 0 4
315.0 2 2 2 0 0 6
320.0 2 2 2 0 0 6
325.0 2 2 2 2 0 8
330.0 1 3 4 2 0 10
335.0 2 3 3 2 0 10
340.0 2 2 3 2 0 9
345.0 5 2 3 2 1 13
350.0 5 2 4 2 1 14
355.0 5 2 4 3 2 16
360.0 5 5 4 3 2 19
365.0 5 5 6 2 1 19
370.0 5 7 7 3 1 23
375.0 5 8 7 3 2 25
380.0 4 9 8 4 4 29
385.0 5 8 11 4 4 32
390.0 8 9 13 2 4 36
395.0 11 9 13 1 4 38
400.0 12 7 13 1 6 39
405.0 9 9 14 2 8 42
410.0 14 10 18 3 9 54
415.0 17 11 21 3 10 62
420.0 18 13 22 5 10 68
425.0 16 18 24 6 10 74
430.0 22 16 27 6 10 81
435.0 22 21 25 9 9 86
440.0 23 23 29 8 9 92
445.0 25 29 30 7 10 101
450.0 26 31 33 9 10 109
455.0 27 34 39 13 9 122
460.0 26 38 38 16 9 127
465.0 28 37 46 17 11 139
470.0 29 43 51 17 10 150
475.0 35 41 60 16 10 162
480.0 40 46 55 16 15 172
485.0 42 49 54 18 15 178
490.0 44 51 60 20 15 190
495.0 44 58 70 24 15 211
500.0 43 63 73 26 18 223
505.0 50 64 77 31 19 241
510.0 49 67 80 38 18 252
515.0 45 74 81 38 22 260
520.0 57 82 83 40 23 285
525.0 68 87 81 39 27 302
530.0 77 94 85 35 30 321
535.0 73 96 96 39 34 338
540.0 71 92 110 39 34 346
545.0 75 87 116 41 36 355
550.0 82 90 117 44 40 373
555.0 92 90 123 45 41 391
560.0 101 98 122 53 39 413
565.0 111 103 131 51 42 438
570.0 115 102 132 53 48 450
575.0 120 96 139 52 47 454
580.0 113 93 143 61 48 458
585.0 120 90 154 66 51 481
590.0 119 91 148 73 54 485
595.0 111 97 155 74 54 491
600.0 105 110 148 77 58 498
605.0 107 122 147 80 58 514
610.0 122 125 142 79 53 521
615.0 129 128 153 76 53 539
620.0 130 141 157 71 56 555
625.0 125 143 159 76 56 559
630.0 118 144 160 80 61 563
635.0 118 148 154 79 61 560
640.0 106 151 160 89 59 565
645.0 110 154 157 86 55 562
650.0 116 138 161 82 52 549
655.0 114 130 169 76 53 542
660.0 117 133 168 75 52 545
665.0 115 126 185 74 46 546
670.0 114 117 179 76 45 531
675.0 119 117 180 71 47 534
680.0 112 118 175 68 48 521
685.0 111 122 166 73 46 518
690.0 112 127 150 75 49 513
695.0 120 122 138 74 44 498
700.0 119 131 133 69 41 493
705.0 113 125 136 69 40 483
710.0 106 131 140 63 42 482
715.0 110 126 127 55 44 462
720.0 107 122 127 53 46 455
725.0 97 119 118 62 45 441
730.0 92 124 116 71 46 449
735.0 95 118 125 65 42 445
740.0 93 118 117 58 43 429
745.0 88 112 119 50 43 412
750.0 86 102 126 51 42 407
755.0 88 106 126 53 41 414
760.0 91 103 127 55 42 418
765.0 91 103 127 54 42 417
770.0 90 101 124 53 41 409
775.0 85 101 131 54 40 411
780.0 80 102 137 54 41 414
785.0 77 96 132 57 43 405
790.0 84 93 128 56 43 404
795.0 85 93 138 56 43 415
800.0 91 91 139 51 42 414
805.0 90 93 131 52 40 406
810.0 92 97 139 50 43 421
815.0 91 99 138 50 41 419
820.0 87 91 131 53 42 404
825.0 89 94 124 52 44 403
830.0 88 92 136 52 41 409
835.0 80 97 135 53 38 403
840.0 71 104 137 54 40 406
845.0 71 114 132 57 41 415
850.0 70 119 130 58 39 416
855.0 68 115 139 60 39 421
860.0 79 109 142 57 42 429
865.0 81 115 150 55 47 448
870.0 88 110 149 50 51 448
875.0 93 113 148 53 49 456
880.0 97 117 154 55 50 473
885.0 95 125 158 59 50 487
890.0 95 129 159 63 49 495
895.0 93 126 161 73 47 500
900.0 92 130 148 79 49 498
905.0 96 128 147 71 54 496
910.0 96 127 143 78 52 496
915.0 98 131 143 74 59 505
920.0 98 131 144 77 58 508
925.0 93 123 140 84 55 495
930.0 94 118 143 89 59 503
935.0 92 117 141 88 59 497
940.0 97 109 147 82 57 492
945.0 97 110 147 80 54 488
950.0 102 114 144 78 56 494
955.0 97 122 142 80 54 495
960.0 106 116 146 66 58 492
965.0 108 112 145 65 59 489
970.0 112 108 157 60 60 497
975.0 114 111 160 60 51 496
980.0 109 121 170 58 47 505
985.0 120 133 165 63 52 533
990.0 112 136 167 61 54 530
995.0 108 140 159 60 56 523
1000.0 101 144 150 63 57 515
1005.0 100 141 135 67 59 502
1010.0 98 132 146 68 59 503
1015.0 102 134 143 69 63 511
1020.0 107 134 150 68 62 521
1025.0 112 134 136 72 61 515
1030.0 110 132 147 72 62 523
1035.0 112 124 164 69 62 531
1040.0 112 116 165 76 63 532
1045.0 116 126 163 73 63 541
1050.0 118 135 157 78 70 558
1055.0 119 134 157 76 69 555
1060.0 128 138 152 75 68 561
1065.0 138 131 148 80 65 562
1070.0 141 129 151 79 68 568
1075.0 150 127 163 71 69 580
1080.0 147 114 167 74 68 570
1085.0 151 120 171 76 67 585
1090.0 144 114 176 77 66 577
1095.0 144 124 177 77 66 588
1100.0 135 132 184 82 61 594
1105.0 128 130 190 85 60 593
1110.0 124 127 195 82 57 585
1115.0 133 130 197 80 58 598
1120.0 138 138 203 80 58 617
1125.0 136 138 199 76 57 606
1130.0 137 141 190 72 58 598
1135.0 130 144 195 72 58 599
1140.0 125 135 185 76 57 578
1145.0 129 130 172 90 57 578
1150.0 134 123 184 87 56 584
1155.0 121 129 188 87 57 582
1160.0 121 112 180 88 57 558
1165.0 129 109 179 79 58 554
1170.0 126 113 179 77 61 556
1175.0 124 116 168 67 63 538
1180.0 112 120 168 64 65 529
1185.0 106 131 162 59 63 521
1190.0 103 124 158 52 61 498
1195.0 101 123 146 56 59 485
1200.0 111 131 142 56 60 500
1205.0 113 121 141 46 57 478
1210.0 115 119 133 38 59 464
1215.0 108 130 128 41 59 466
1220.0 97 117 127 37 53 431
1225.0 87 112 117 41 54 411
1230.0 76 103 111 41 52 383
1235.0 73 93 96 51 48 361
1240.0 69 83 88 51 46 337
1245.0 71 83 84 44 41 323
1250.0 67 79 81 42 42 311
1255.0 62 80 76 42 40 300
1260.0 55 79 67 37 39 277
1265.0 52 69 67 26 38 252
1270.0 55 55 59 22 35 226
1275.0 53 50 53 23 35 214
1280.0 48 48 52 20 35 203
1285.0 43 41 40 18 32 174
1290.0 39 39 36 13 28 155
1295.0 31 35 35 15 25 141
1300.0 26 32 34 15 23 130
1305.0 23 26 34 14 23 120
1310.0 20 22 28 17 23 110
1315.0 14 21 25 17 22 99
1320.0 14 22 21 15 21 93
1325.0 17 17 18 13 20 85
1330.0 14 16 16 10 17 73
1335.0 11 14 15 9 14 63
1340.0 10 15 12 9 11 57
1345.0 9 12 12 5 10 48
1350.0 9 13 6 3 9 40
1355.0 10 13 7 2 9 41
1360.0 7 11 6 0 8 32
1365.0 6 11 6 0 8 31
1370.0 6 10 5 0 4 25
1375.0 7 10 4 0 2 23
1380.0 6 7 4 0 2 19
1385.0 7 7 3 0 2 19
1390.0 4 4 4 0 2 14
1395.0 3 4 4 0 1 12
1400.0 3 3 4 0 1 11
1405.0 3 3 3 0 1 10
1410.0 2 3 4 0 1 10
1415.0 2 3 3 0 1 9
1420.0 2 1 3 0 0 6
1425.0 2 1 2 0 0 5
1430.0 1 1 2 0 0 4
1435.0 1 1 2 0 0 4
