5.0 0 0 0 0 0 0
10.0 0 0 0 0 0 0
15.0 0 0 0 0 0 0
20.0 0 0 0 0 0 0
25.0 0 0 0 0 0 0
30.0 0 0 0 0 0 0
35.0 0 0 0 0 0 0
40.0 0 0 0 0 0 0
45.0 0 0 0 0 0 0
50.0 0 0 0 0 0 0
55.0 0 0 0 0 0 0
60.0 0 0 0 0 0 0
65.0 0 0 0 0 0 0
70.0 0 0 0 0 0 0
75.0 0 0 0 0 0 0
80.0 0 0 0 0 0 0
85.0 0 0 0 0 0 0
90.0 0 0 0 0 0 0
95.0 0 0 0 0 0 0
100.0 0 0 0 0 0 0
105.0 0 0 0 0 0 0
110.0 0 0 0 0 0 0
115.0 0 0 0 0 0 0
120.0 0 0 0 0 0 0
125.0 0 0 0 0 0 0
130.0 0 0 0 0 0 0
135.0 0 0 0 0 0 0
140.0 0 0 0 0 0 0
145.0 0 0 0 0 0 0
150.0 0 0 0 0 0 0
155.0 0 0 0 0 0 0
160.0 0 0 0 0 0 0
165.0 0 0 0 0 0 0
170.0 0 0 0 0 0 0
175.0 0 0 0 0 0 0
180.0 0 0 0 0 0 0
185.0 0 0 0 0 0 0
190.0 0 0 0 0 0 0
195.0 0 0 0 0 0 0
200.0 0 0 0 0 0 0
205.0 0 0 0 0 0 0
210.0 0 0 0 0 0 0
215.0 0 0 0 0 0 0
220.0 0 1 0 0 0 1
225.0 0 1 1 0 0 2
230.0 0 1 1 0 0 2
235.0 0 1 1 1 0 3
240.0 0 1 1 1 0 3
245.0 0 1 2 1 0 4
250.0 0 1 1 1 0 3
255.0 0 1 1 1 0 3
260.0 0 1 1 1 0 3
265.0 0 1 1 1 0 3
270.0 0 1 2 1 0 4
275.0 0 1 2 1 1 5
280.0 3 1 1 0 1 6
285.0 3 1 1 0 1 6
290.0 3 1 1 0 1 6
295.0 3 1 2 0 1 7
300.0 2 1 2 1 1 7
305.0 2 2 1 1 1 7
310.0 2 3 1 0 1 7
315.0 3 3 1 1 1 9
320.0 4 3 2 2 2 13
325.0 4 3 2 2 2 13
330.0 3 3 2 2 2 12
335.0 4 5 4 2 2 17
340.0 4 5 4 3 2 18
345.0 4 6 4 2 2 18
350.0 4 9 3 3 3 22
355.0 4 9 9 2 3 27
360.0 6 8 9 2 3 28
365.0 8 8 10 2 3 31
370.0 9 10 9 1 4 33
375.0 9 8 12 2 4 35
380.0 11 9 12 2 6 40
385.0 6 10 15 3 7 41
390.0 8 9 18 4 7 46
395.0 12 9 17 4 8 50
400.0 10 12 21 4 8 55
405.0 8 12 21 4 7 52
410.0 9 16 21 6 7 59
415.0 12 20 30 7 7 76
420.0 15 16 32 8 8 79
425.0 14 20 34 10 8 86
430.0 18 24 34 9 10 95
435.0 19 27 41 8 10 105
440.0 20 31 46 9 10 116
445.0 23 31 47 7 10 118
450.0 24 34 47 10 12 127
455.0 29 38 49 10 11 137
460.0 37 37 49 11 12 146
465.0 39 41 45 15 14 154
470.0 42 46 53 16 16 173
475.0 42 49 57 18 19 185
480.0 44 53 57 24 21 199
485.0 45 61 60 27 21 214
490.0 43 66 63 26 21 219
495.0 47 71 67 29 22 236
500.0 48 76 75 32 25 256
505.0 54 74 81 31 28 268
510.0 67 76 83 31 31 288
515.0 72 77 85 34 30 298
520.0 79 74 97 30 36 316
525.0 78 84 102 25 37 326
530.0 85 88 101 27 38 339
535.0 83 93 101 34 40 351
540.0 97 102 94 38 38 369
545.0 98 107 96 44 35 380
550.0 100 109 93 48 39 389
555.0 108 117 102 46 40 413
560.0 107 116 97 49 43 412
565.0 111 125 102 56 41 435
570.0 110 127 112 58 42 449
575.0 105 127 126 65 43 466
580.0 105 127 131 66 44 473
585.0 110 131 122 63 49 475
590.0 106 137 130 69 48 490
595.0 118 147 141 64 49 519
600.0 121 147 145 61 52 526
605.0 125 150 143 60 50 528
610.0 112 145 143 65 46 511
615.0 112 134 148 68 46 508
620.0 115 124 159 65 49 512
625.0 114 133 152 72 49 520
630.0 108 141 151 79 49 528
635.0 112 135 148 83 51 529
640.0 114 126 144 89 49 522
645.0 113 128 146 83 53 523
650.0 118 138 150 79 52 537
655.0 118 136 147 76 51 528
660.0 111 138 146 75 54 524
665.0 110 123 148 77 56 514
670.0 110 126 152 68 56 512
675.0 104 131 151 71 55 512
680.0 108 118 147 78 54 505
685.0 107 117 151 74 54 503
690.0 99 120 143 72 53 487
695.0 99 118 146 70 50 483
700.0 100 122 135 66 55 478
705.0 95 120 140 72 55 482
710.0 99 117 131 75 54 476
715.0 99 112 130 73 56 470
720.0 107 116 132 67 60 482
725.0 108 104 138 63 58 471
730.0 104 111 134 61 57 467
735.0 100 99 132 60 58 449
740.0 100 98 120 54 61 433
745.0 96 103 123 49 57 428
750.0 100 94 120 51 55 420
755.0 101 88 116 51 53 409
760.0 94 92 113 48 53 400
765.0 86 91 111 53 52 393
770.0 87 100 110 52 49 398
775.0 92 100 110 50 48 400
780.0 96 102 110 50 46 404
785.0 99 102 101 52 45 399
790.0 101 107 106 57 44 415
795.0 101 103 108 61 42 415
800.0 101 104 116 62 41 424
805.0 99 110 120 61 40 430
810.0 103 109 121 56 40 429
815.0 102 115 122 59 34 432
820.0 95 125 127 62 37 446
825.0 100 117 128 65 38 448
830.0 102 111 129 66 42 450
835.0 101 103 129 67 46 446
840.0 99 108 134 63 45 449
845.0 102 118 133 63 47 463
850.0 96 118 137 68 43 462
855.0 109 122 145 64 49 489
860.0 114 120 152 59 52 497
865.0 112 127 151 60 53 503
870.0 104 137 145 65 54 505
875.0 110 128 152 64 56 510
880.0 111 121 155 65 56 508
885.0 122 119 152 68 57 518
890.0 115 123 161 69 56 524
895.0 113 129 150 69 58 519
900.0 111 132 146 69 62 520
905.0 108 131 143 72 61 515
910.0 119 140 137 67 56 519
915.0 118 145 139 70 59 531
920.0 126 142 141 73 59 541
925.0 129 139 144 73 63 548
930.0 126 136 147 73 64 546
935.0 128 127 153 77 67 552
940.0 126 124 148 73 63 534
945.0 125 124 158 73 59 539
950.0 130 129 164 73 64 560
955.0 141 131 162 74 62 570
960.0 131 124 167 75 58 555
965.0 130 122 161 79 57 549
970.0 133 117 167 75 59 551
975.0 129 119 162 84 61 555
980.0 135 122 156 85 56 554
985.0 130 111 159 95 57 552
990.0 133 117 164 85 57 556
995.0 137 117 167 87 59 567
1000.0 133 121 164 83 61 562
1005.0 128 129 163 78 59 557
1010.0 123 125 171 72 58 549
1015.0 121 128 180 71 57 557
1020.0 121 123 185 68 62 559
1025.0 106 123 181 76 61 547
1030.0 109 121 176 72 66 544
1035.0 112 123 180 72 65 552
1040.0 110 124 182 73 65 554
1045.0 113 127 189 74 68 571
1050.0 110 130 195 76 71 582
1055.0 120 124 197 72 70 583
1060.0 121 126 191 81 65 584
1065.0 128 123 194 82 66 593
1070.0 132 132 206 70 67 607
1075.0 134 129 210 71 62 606
1080.0 135 137 197 70 63 602
1085.0 150 135 205 66 62 618
1090.0 150 145 213 73 66 647
1095.0 153 144 220 75 65 657
1100.0 151 135 225 74 63 648
1105.0 152 137 219 80 61 649
1110.0 144 130 222 83 63 642
1115.0 141 129 202 84 64 620
1120.0 140 141 208 81 61 631
1125.0 144 143 216 75 61 639
1130.0 139 147 213 68 63 630
1135.0 135 152 220 74 67 648
1140.0 137 157 224 73 65 656
1145.0 134 155 216 75 65 645
1150.0 131 157 209 82 60 639
1155.0 129 163 197 83 55 627
1160.0 132 153 194 86 52 617
1165.0 134 153 193 87 51 618
1170.0 129 150 192 85 51 607
1175.0 121 144 184 78 47 574
1180.0 119 148 175 84 44 570
1185.0 125 143 175 80 50 573
1190.0 114 147 165 83 49 558
1195.0 114 142 157 87 50 550
1200.0 108 121 160 85 51 525
1205.0 105 117 150 81 50 503
1210.0 101 118 134 81 48 482
1215.0 99 115 137 83 46 480
1220.0 86 105 136 79 39 445
1225.0 82 102 123 71 42 420
1230.0 76 94 118 62 40 390
1235.0 83 95 110 59 37 384
1240.0 86 92 105 52 35 370
1245.0 82 88 96 51 35 352
1250.0 87 74 79 49 34 323
1255.0 80 71 68 49 28 296
1260.0 71 66 60 48 26 271
1265.0 67 59 60 42 24 252
1270.0 59 58 64 42 22 245
1275.0 52 55 65 44 22 238
1280.0 48 48 62 35 22 215
1285.0 44 43 62 36 21 206
1290.0 41 40 56 37 18 192
1295.0 38 32 48 31 16 165
1300.0 32 28 41 24 14 139
1305.0 25 28 40 22 14 129
1310.0 22 26 36 18 14 116
1315.0 21 19 30 17 11 98
1320.0 23 20 27 16 12 98
1325.0 17 14 30 15 10 86
1330.0 18 11 26 15 8 78
1335.0 15 9 23 12 8 67
1340.0 11 8 22 10 7 58
1345.0 9 8 17 9 7 50
1350.0 8 7 13 8 7 43
1355.0 9 7 13 7 7 43
1360.0 6 9 11 6 7 39
1365.0 5 9 10 3 6 33
1370.0 5 10 7 2 5 29
1375.0 5 9 4 1 5 24
1380.0 3 5 1 2 5 16
1385.0 3 5 1 1 5 15
1390.0 2 5 1 2 4 14
1395.0 2 5 1 2 4 14
1400.0 2 4 0 1 3 10
1405.0 1 2 1 1 4 9
1410.0 1 2 0 0 3 6
1415.0 2 2 1 0 3 8
1420.0 2 1 1 0 3 7
1425.0 2 1 1 0 2 6
1430.0 2 1 2 0 1 6
1435.0 0 1 3 0 1 5
