5.0 0 0 0 0 0 0
10.0 0 0 0 0 0 0
15.0 0 0 0 0 0 0
20.0 0 0 0 0 0 0
25.0 0 0 0 0 0 0
30.0 0 0 0 0 0 0
35.0 0 0 0 0 0 0
40.0 0 0 0 0 0 0
45.0 0 0 0 0 0 0
50.0 0 0 0 0 0 0
55.0 0 0 0 0 0 0
60.0 0 0 0 0 0 0
65.0 0 0 0 0 0 0
70.0 0 0 0 0 0 0
75.0 0 0 0 0 0 0
80.0 0 0 0 0 0 0
85.0 0 0 0 0 0 0
90.0 0 0 0 0 0 0
95.0 0 0 0 0 0 0
100.0 0 0 0 0 0 0
105.0 0 0 0 0 0 0
110.0 0 0 0 0 0 0
115.0 0 0 0 0 0 0
120.0 0 0 0 0 0 0
125.0 0 0 0 0 0 0
130.0 0 0 0 0 0 0
135.0 0 0 0 0 0 0
140.0 0 0 0 0 0 0
145.0 0 0 0 0 0 0
150.0 0 0 0 0 0 0
155.0 0 0 0 0 0 0
160.0 0 0 0 0 0 0
165.0 0 0 0 0 0 0
170.0 0 0 0 0 0 0
175.0 0 0 0 0 0 0
180.0 0 0 0 0 0 0
185.0 0 0 0 0 0 0
190.0 0 0 0 0 0 0
195.0 0 0 0 0 0 0
200.0 0 0 0 0 0 0
205.0 0 0 0 0 0 0
210.0 0 0 0 0 0 0
215.0 0 0 0 0 0 0
220.0 0 0 0 0 0 0
225.0 0 0 0 0 0 0
230.0 0 0 0 0 0 0
235.0 0 0 0 0 0 0
240.0 0 0 0 0 0 0
245.0 0 0 0 0 0 0
250.0 0 0 0 0 0 0
255.0 0 0 0 0 0 0
260.0 0 0 0 0 0 0
265.0 0 0 0 0 0 0
270.0 0 0 0 0 0 0
275.0 0 0 0 0 0 0
280.0 0 0 0 0 0 0
285.0 0 0 0 0 0 0
290.0 0 0 0 0 0 0
295.0 0 0 0 0 0 0
300.0 0 0 0 0 0 0
305.0 0 0 0 0 0 0
310.0 0 0 0 0 0 0
315.0 0 0 0 0 0 0
320.0 0 0 0 0 0 0
325.0 0 0 0 0 0 0
330.0 0 0 0 0 0 0
335.0 0 0 0 0 0 0
340.0 0 0 0 0 0 0
345.0 0 0 0 0 0 0
350.0 0 0 0 0 0 0
355.0 0 0 0 0 0 0
360.0 0 0 0 0 0 0
365.0 0 0 0 0 0 0
370.0 0 0 0 0 0 0
375.0 0 0 0 0 0 0
380.0 0 0 0 0 0 0
385.0 0 0 0 0 0 0
390.0 0 0 0 0 0 0
395.0 0 0 0 0 0 0
400.0 0 0 0 0 0 0
405.0 0 0 0 0 0 0
410.0 0 1 0 0 0 1
415.0 0 1 0 0 0 1
420.0 0 1 0 0 0 1
425.0 0 1 0 0 0 1
430.0 0 1 0 0 0 1
435.0 0 1 0 0 0 1
440.0 0 1 0 0 0 1
445.0 0 1 0 0 0 1
450.0 0 1 0 0 0 1
455.0 0 1 0 1 0 2
460.0 0 0 2 1 0 3
465.0 0 1 2 1 0 4
470.0 0 1 1 1 0 3
475.0 0 1 1 1 0 3
480.0 1 1 1 1 0 4
485.0 1 1 1 1 0 4
490.0 1 0 1 1 0 3
495.0 1 0 2 1 0 4
500.0 2 0 2 1 0 5
505.0 2 0 1 1 0 4
510.0 2 0 1 1 0 4
515.0 2 1 2 1 0 6
520.0 2 1 2 1 0 6
525.0 2 1 2 1 1 7
530.0 2 2 0 1 1 6
535.0 2 2 0 1 1 6
540.0 1 2 1 1 1 6
545.0 1 1 2 1 1 6
550.0 2 2 3 1 1 9
555.0 1 2 3 1 1 8
560.0 1 2 3 2 1 9
565.0 1 2 3 1 1 8
570.0 2 4 2 0 1 9
575.0 3 4 2 0 1 10
580.0 3 3 3 0 2 11
585.0 4 2 3 0 2 11
590.0 4 3 2 0 2 11
595.0 3 3 2 0 2 10
600.0 3 3 2 0 2 10
605.0 3 3 2 0 2 10
610.0 3 2 4 0 2 11
615.0 3 3 4 1 2 13
620.0 2 3 3 1 2 11
625.0 3 3 3 1 2 12
630.0 3 3 3 1 2 12
635.0 4 3 3 0 1 11
640.0 4 3 3 0 2 12
645.0 3 3 3 1 2 12
650.0 2 2 2 1 1 8
655.0 2 2 3 1 1 9
660.0 2 1 4 1 1 9
665.0 2 1 2 0 1 6
670.0 2 1 2 0 1 6
675.0 1 1 1 0 1 4
680.0 0 1 0 0 0 1
685.0 0 2 1 0 0 3
690.0 1 3 1 0 0 5
695.0 2 4 2 0 0 8
700.0 2 3 3 0 1 9
705.0 2 2 3 0 1 8
710.0 2 2 2 0 0 6
715.0 2 2 3 1 0 8
720.0 2 2 3 1 0 8
725.0 2 2 3 1 1 9
730.0 3 2 3 1 1 10
735.0 4 2 3 1 1 11
740.0 3 2 3 1 1 10
745.0 3 2 1 1 1 8
750.0 3 2 1 1 1 8
755.0 2 2 1 1 1 7
760.0 2 0 2 1 1 6
765.0 2 0 2 1 1 6
770.0 3 0 3 2 1 9
775.0 4 0 3 2 1 10
780.0 4 0 3 2 1 10
785.0 3 0 3 2 1 9
790.0 2 2 2 2 1 9
795.0 2 2 2 1 1 8
800.0 4 2 2 0 1 9
805.0 4 1 2 0 1 8
810.0 5 1 1 0 1 8
815.0 4 0 1 0 1 6
820.0 5 0 2 0 0 7
825.0 3 0 4 0 0 7
830.0 3 1 3 0 0 7
835.0 3 1 2 0 0 6
840.0 3 1 1 0 0 5
845.0 2 0 1 0 1 4
850.0 2 0 1 0 1 4
855.0 2 0 2 0 2 6
860.0 2 0 4 0 2 8
865.0 2 0 4 0 2 8
870.0 3 0 3 1 2 9
875.0 4 0 4 1 2 11
880.0 4 0 4 1 2 11
885.0 3 0 4 1 1 9
890.0 3 0 5 0 1 9
895.0 3 0 4 0 1 8
900.0 3 0 2 0 1 6
905.0 3 0 2 0 1 6
910.0 3 1 2 1 1 8
915.0 2 1 6 2 1 12
920.0 2 1 7 2 1 13
925.0 3 1 7 1 1 13
930.0 3 1 5 0 1 10
935.0 3 0 4 0 1 8
940.0 2 0 3 0 1 6
945.0 2 1 1 0 1 5
950.0 2 1 1 0 1 5
955.0 1 1 2 0 0 4
960.0 1 2 3 0 0 6
965.0 1 2 3 2 1 9
970.0 1 2 3 2 1 9
975.0 1 4 1 2 1 9
980.0 1 3 1 2 0 7
985.0 1 3 1 2 0 7
990.0 2 3 0 2 0 7
995.0 2 3 0 1 0 6
1000.0 2 3 0 1 0 6
1005.0 2 2 1 1 0 6
1010.0 1 2 1 0 0 4
1015.0 1 1 1 0 0 3
1020.0 2 1 0 0 0 3
1025.0 2 1 1 1 0 5
1030.0 1 1 2 1 0 5
1035.0 1 1 3 2 0 7
1040.0 1 1 4 2 0 8
1045.0 1 1 3 2 0 7
1050.0 1 1 3 2 1 8
1055.0 1 1 4 1 1 8
1060.0 1 1 4 1 1 8
1065.0 2 1 3 1 1 8
1070.0 2 1 3 1 1 8
1075.0 2 1 3 1 1 8
1080.0 2 1 3 1 1 8
1085.0 3 1 3 1 0 8
1090.0 3 0 5 1 0 9
1095.0 2 0 5 1 0 8
1100.0 2 0 5 1 0 8
1105.0 1 0 5 2 0 8
1110.0 1 1 5 2 0 9
1115.0 0 2 3 3 0 8
1120.0 0 2 2 3 0 7
1125.0 0 2 2 3 0 7
1130.0 0 2 4 3 0 9
1135.0 2 2 3 2 0 9
1140.0 3 2 2 2 1 10
1145.0 4 1 3 2 1 11
1150.0 3 1 5 1 1 11
1155.0 2 3 4 1 1 11
1160.0 1 4 3 1 2 11
1165.0 1 4 3 1 2 11
1170.0 1 3 2 1 0 7
1175.0 0 3 2 0 0 5
1180.0 1 2 2 0 0 5
1185.0 2 2 1 0 0 5
1190.0 2 2 1 0 0 5
1195.0 2 3 1 1 0 7
1200.0 2 3 1 1 0 7
1205.0 1 2 1 1 0 5
1210.0 1 2 1 1 0 5
1215.0 0 1 0 2 0 3
1220.0 0 1 0 2 0 3
1225.0 0 2 0 2 0 4
1230.0 0 2 0 2 0 4
1235.0 0 2 0 0 0 2
1240.0 0 2 0 0 0 2
1245.0 0 2 0 0 1 3
1250.0 0 1 1 0 1 3
1255.0 0 1 1 0 1 3
1260.0 0 1 1 0 1 3
1265.0 0 1 1 0 1 3
1270.0 0 1 1 0 1 3
1275.0 0 1 1 0 1 3
1280.0 0 0 1 0 1 2
1285.0 0 0 1 0 1 2
1290.0 0 0 1 0 1 2
1295.0 0 0 2 0 1 3
1300.0 0 0 1 0 1 2
1305.0 0 0 1 0 1 2
1310.0 0 0 1 0 1 2
1315.0 0 0 0 0 1 1
1320.0 0 0 0 0 1 1
1325.0 0 0 0 0 1 1
1330.0 0 0 0 0 0 0
1335.0 0 0 0 0 0 0
1340.0 0 0 0 0 0 0
1345.0 0 0 0 0 0 0
1350.0 0 0 0 0 0 0
1355.0 0 0 0 0 0 0
1360.0 0 0 0 0 0 0
1365.0 0 0 0 0 0 0
1370.0 0 0 0 0 0 0
1375.0 0 0 0 0 0 0
1380.0 0 0 0 0 0 0
1385.0 0 0 0 0 0 0
1390.0 0 0 0 0 0 0
1395.0 0 0 0 0 0 0
1400.0 0 0 0 0 0 0
1405.0 0 0 0 0 0 0
1410.0 0 0 0 0 0 0
1415.0 0 0 0 0 0 0
1420.0 0 0 0 0 0 0
1425.0 0 0 0 0 0 0
1430.0 0 0 0 0 0 0
1435.0 0 0 0 0 0 0
