5.0 0 0 0 0 0 0
10.0 0 0 0 0 0 0
15.0 0 0 0 0 0 0
20.0 0 0 0 0 0 0
25.0 0 0 0 0 0 0
30.0 0 0 0 0 0 0
35.0 0 0 0 0 0 0
40.0 0 0 0 0 0 0
45.0 0 0 0 0 0 0
50.0 0 0 0 0 0 0
55.0 0 0 0 0 0 0
60.0 0 0 0 0 0 0
65.0 0 0 0 0 0 0
70.0 0 0 0 0 0 0
75.0 0 0 0 0 0 0
80.0 0 0 0 0 0 0
85.0 0 0 0 0 0 0
90.0 0 0 0 0 0 0
95.0 0 0 0 0 0 0
100.0 0 0 0 0 0 0
105.0 0 0 0 0 0 0
110.0 0 0 0 0 0 0
115.0 0 0 0 0 0 0
120.0 0 0 0 0 0 0
125.0 0 0 0 0 0 0
130.0 0 0 0 0 0 0
135.0 0 0 0 0 0 0
140.0 0 0 0 0 0 0
145.0 0 0 0 0 0 0
150.0 0 0 0 0 0 0
155.0 0 0 0 0 0 0
160.0 0 0 0 0 0 0
165.0 0 0 0 0 0 0
170.0 0 0 0 0 0 0
175.0 0 0 0 0 0 0
180.0 0 0 0 0 0 0
185.0 0 0 0 0 0 0
190.0 0 0 0 0 0 0
195.0 0 0 0 0 0 0
200.0 0 0 0 0 0 0
205.0 0 0 0 0 0 0
210.0 0 0 0 0 0 0
215.0 0 0 0 0 0 0
220.0 0 0 0 0 0 0
225.0 0 0 0 0 0 0
230.0 0 0 0 0 0 0
235.0 0 0 0 0 0 0
240.0 0 0 0 0 0 0
245.0 0 0 0 0 0 0
250.0 0 0 0 0 0 0
255.0 0 0 0 0 0 0
260.0 0 0 0 0 0 0
265.0 0 0 0 0 0 0
270.0 0 0 0 0 0 0
275.0 0 0 0 0 0 0
280.0 0 0 0 0 0 0
285.0 0 0 0 0 0 0
290.0 0 0 0 0 0 0
295.0 0 0 0 0 0 0
300.0 0 0 0 0 0 0
305.0 0 0 0 0 0 0
310.0 0 0 0 0 0 0
315.0 0 0 0 0 0 0
320.0 0 0 0 0 0 0
325.0 0 0 0 0 0 0
330.0 0 0 0 0 0 0
335.0 0 0 0 0 0 0
340.0 0 0 0 0 0 0
345.0 0 0 0 0 0 0
350.0 0 1 0 0 0 1
355.0 0 1 0 0 0 1
360.0 0 1 0 0 0 1
365.0 1 0 0 0 0 1
370.0 1 0 0 0 0 1
375.0 1 0 0 0 0 1
380.0 0 0 0 1 0 1
385.0 0 0 0 1 0 1
390.0 0 0 0 1 0 1
395.0 1 0 0 0 0 1
400.0 1 0 0 0 0 1
405.0 1 0 0 0 0 1
410.0 0 0 0 0 0 0
415.0 0 0 0 0 0 0
420.0 0 0 0 0 0 0
425.0 0 0 0 0 0 0
430.0 0 0 0 0 0 0
435.0 0 0 0 0 0 0
440.0 1 0 0 0 0 1
445.0 2 0 0 0 0 2
450.0 2 1 0 0 0 3
455.0 2 1 0 0 0 3
460.0 2 1 0 0 0 3
465.0 3 1 0 0 0 4
470.0 2 1 1 0 0 4
475.0 2 2 2 0 0 6
480.0 2 2 2 0 0 6
485.0 2 2 3 0 0 7
490.0 2 3 3 0 0 8
495.0 2 3 3 1 0 9
500.0 2 3 3 1 0 9
505.0 2 3 4 1 1 11
510.0 2 3 4 1 1 11
515.0 2 3 4 1 2 12
520.0 3 3 4 0 2 12
525.0 3 1 4 1 2 11
530.0 3 2 3 2 2 12
535.0 2 4 4 2 2 14
540.0 1 4 3 1 3 12
545.0 1 4 3 1 3 12
550.0 1 4 2 1 3 11
555.0 0 6 2 1 3 12
560.0 0 6 2 3 3 14
565.0 0 7 2 3 3 15
570.0 1 6 3 3 3 16
575.0 2 4 2 5 3 16
580.0 2 4 4 5 3 18
585.0 6 3 7 3 3 22
590.0 6 3 7 3 3 22
595.0 7 3 6 3 3 22
600.0 5 4 7 4 3 23
605.0 5 3 7 4 3 22
610.0 6 3 7 4 3 23
615.0 5 3 6 5 2 21
620.0 4 3 6 4 2 19
625.0 5 2 5 4 2 18
630.0 6 3 4 4 1 18
635.0 6 3 4 3 2 18
640.0 6 3 4 3 2 18
645.0 6 2 6 3 2 19
650.0 7 2 5 3 2 19
655.0 7 2 5 3 2 19
660.0 6 3 3 3 2 17
665.0 4 2 5 3 2 16
670.0 3 3 5 3 2 16
675.0 3 1 5 3 2 14
680.0 3 1 4 3 1 12
685.0 3 1 5 2 1 12
690.0 4 1 5 1 1 12
695.0 3 2 5 1 1 12
700.0 3 1 5 0 1 10
705.0 2 0 6 0 1 9
710.0 2 0 6 0 2 10
715.0 2 0 7 0 3 12
720.0 2 2 6 0 3 13
725.0 2 2 4 0 4 12
730.0 1 2 5 1 4 13
735.0 1 2 5 1 4 13
740.0 1 2 5 1 3 12
745.0 0 2 6 2 3 13
750.0 2 2 5 3 3 15
755.0 2 3 5 3 3 16
760.0 2 3 5 3 3 16
765.0 2 4 2 2 2 12
770.0 2 3 2 2 2 11
775.0 3 1 2 2 2 10
780.0 4 2 2 2 2 12
785.0 3 2 2 3 2 12
790.0 4 2 2 2 2 12
795.0 6 3 1 3 3 16
800.0 6 4 1 1 3 15
805.0 8 4 1 1 3 17
810.0 8 4 2 1 3 18
815.0 6 4 2 2 3 17
820.0 5 4 2 1 3 15
825.0 4 4 3 1 3 15
830.0 3 1 6 2 3 15
835.0 3 2 5 2 2 14
840.0 2 2 5 2 2 13
845.0 2 3 5 1 2 13
850.0 2 4 5 1 5 17
855.0 2 3 4 0 5 14
860.0 4 2 5 0 5 16
865.0 3 2 5 0 7 17
870.0 3 3 6 0 7 19
875.0 2 3 6 0 6 17
880.0 2 2 6 0 6 16
885.0 2 1 6 0 6 15
890.0 2 1 7 0 6 16
895.0 3 1 6 1 6 17
900.0 3 1 5 1 4 14
905.0 2 1 7 1 4 15
910.0 1 1 7 1 4 14
915.0 1 1 5 1 4 12
920.0 1 4 7 2 4 18
925.0 2 6 6 3 4 21
930.0 2 6 5 3 4 20
935.0 4 6 4 3 4 21
940.0 3 8 4 3 4 22
945.0 4 8 4 2 3 21
950.0 4 10 4 2 3 23
955.0 3 9 3 3 3 21
960.0 2 10 3 3 3 21
965.0 1 10 3 3 3 20
970.0 2 9 4 3 3 21
975.0 3 9 3 2 4 21
980.0 3 9 2 3 4 21
985.0 3 8 1 3 4 19
990.0 3 7 1 3 4 18
995.0 3 5 1 3 4 16
1000.0 3 5 1 3 3 15
1005.0 6 7 3 2 3 21
1010.0 6 4 3 2 3 18
1015.0 5 4 4 2 4 19
1020.0 5 5 4 1 4 19
1025.0 3 7 4 1 4 19
1030.0 4 7 4 2 4 21
1035.0 5 7 6 2 4 24
1040.0 6 7 6 3 4 26
1045.0 6 5 7 3 4 25
1050.0 5 6 7 3 4 25
1055.0 4 6 7 3 2 22
1060.0 3 5 8 4 2 22
1065.0 5 6 7 3 3 24
1070.0 5 5 9 2 3 24
1075.0 4 5 9 3 3 24
1080.0 3 5 9 3 3 23
1085.0 3 4 8 4 4 23
1090.0 4 4 9 3 4 24
1095.0 3 3 9 3 4 22
1100.0 3 3 10 3 3 22
1105.0 3 4 10 3 3 23
1110.0 4 5 11 1 2 23
1115.0 4 5 11 2 3 25
1120.0 4 5 11 2 3 25
1125.0 5 5 9 2 2 23
1130.0 4 6 8 2 2 22
1135.0 4 4 10 1 2 21
1140.0 2 4 9 4 1 20
1145.0 5 4 7 3 0 19
1150.0 6 3 7 5 0 21
1155.0 7 3 4 4 0 18
1160.0 7 4 3 4 0 18
1165.0 5 3 4 5 0 17
1170.0 3 3 6 5 0 17
1175.0 2 3 5 4 0 14
1180.0 2 3 5 3 1 14
1185.0 2 4 4 3 1 14
1190.0 1 3 6 3 1 14
1195.0 1 2 6 3 1 13
1200.0 0 2 6 3 1 12
1205.0 0 3 6 3 1 13
1210.0 2 4 5 2 1 14
1215.0 3 4 4 2 0 13
1220.0 3 4 4 3 0 14
1225.0 2 4 4 3 0 13
1230.0 2 4 4 3 0 13
1235.0 2 3 4 3 0 12
1240.0 2 4 4 4 0 14
1245.0 2 4 4 3 1 14
1250.0 0 4 3 3 1 11
1255.0 1 3 2 0 0 6
1260.0 1 3 2 0 0 6
1265.0 1 3 2 0 0 6
1270.0 2 2 2 0 0 6
1275.0 2 2 1 0 0 5
1280.0 2 2 1 2 0 7
1285.0 1 2 1 1 0 5
1290.0 1 2 1 1 0 5
1295.0 1 3 1 1 0 6
1300.0 0 2 1 1 0 4
1305.0 0 2 1 0 0 3
1310.0 0 2 1 0 0 3
1315.0 0 2 1 0 0 3
1320.0 0 2 1 0 0 3
1325.0 0 2 1 0 0 3
1330.0 0 2 1 0 0 3
1335.0 0 1 1 0 0 2
1340.0 0 1 1 0 0 2
1345.0 0 1 1 0 0 2
1350.0 0 1 1 0 0 2
1355.0 0 1 1 0 0 2
1360.0 0 1 1 0 0 2
1365.0 0 0 1 0 0 1
1370.0 0 0 1 0 0 1
1375.0 0 0 1 0 0 1
1380.0 1 0 0 0 0 1
1385.0 1 0 0 0 0 1
1390.0 1 0 0 0 0 1
1395.0 0 0 0 1 0 1
1400.0 0 0 0 1 0 1
1405.0 0 0 0 1 0 1
1410.0 0 0 0 1 0 1
1415.0 0 0 0 1 0 1
1420.0 0 0 0 0 0 0
1425.0 0 0 0 0 0 0
1430.0 0 0 0 0 0 0
1435.0 0 0 0 0 0 0
