5.0 0 0 0 0 0 0
10.0 0 0 0 0 0 0
15.0 0 0 0 0 0 0
20.0 0 0 0 0 0 0
25.0 0 0 0 0 0 0
30.0 0 0 0 0 0 0
35.0 0 0 0 0 0 0
40.0 0 0 0 0 0 0
45.0 0 0 0 0 0 0
50.0 0 0 0 0 0 0
55.0 0 0 0 0 0 0
60.0 0 0 0 0 0 0
65.0 0 0 0 0 0 0
70.0 0 0 0 0 0 0
75.0 0 0 0 0 0 0
80.0 0 0 0 0 0 0
85.0 0 0 0 0 0 0
90.0 0 0 0 0 0 0
95.0 0 0 0 0 0 0
100.0 0 0 0 0 0 0
105.0 0 0 0 0 0 0
110.0 0 0 0 0 0 0
115.0 0 0 0 0 0 0
120.0 0 0 0 0 0 0
125.0 0 0 0 0 0 0
130.0 0 0 0 0 0 0
135.0 0 0 0 0 0 0
140.0 0 0 0 0 0 0
145.0 0 0 0 0 0 0
150.0 0 0 0 0 0 0
155.0 0 0 0 0 0 0
160.0 0 0 0 0 0 0
165.0 0 0 0 0 0 0
170.0 0 0 0 0 0 0
175.0 0 0 0 0 0 0
180.0 0 0 0 0 0 0
185.0 0 0 0 0 0 0
190.0 0 0 0 0 0 0
195.0 0 0 0 0 0 0
200.0 0 0 0 0 0 0
205.0 0 0 0 0 0 0
210.0 0 0 0 0 0 0
215.0 0 0 0 0 0 0
220.0 0 0 0 0 0 0
225.0 0 0 0 0 0 0
230.0 0 0 0 0 0 0
235.0 0 0 0 0 0 0
240.0 0 0 0 0 0 0
245.0 0 0 0 0 0 0
250.0 0 0 0 0 0 0
255.0 0 0 0 0 0 0
260.0 0 0 0 0 0 0
265.0 0 0 0 0 0 0
270.0 0 0 0 0 0 0
275.0 0 0 0 0 0 0
280.0 0 0 0 0 0 0
285.0 0 0 0 0 0 0
290.0 0 0 0 0 0 0
295.0 0 0 0 0 0 0
300.0 0 0 0 0 0 0
305.0 0 0 0 0 0 0
310.0 0 0 0 0 0 0
315.0 0 0 0 0 0 0
320.0 0 0 0 0 0 0
325.0 0 0 0 0 0 0
330.0 0 0 0 0 0 0
335.0 0 0 0 0 0 0
340.0 0 0 0 0 0 0
345.0 0 0 0 0 0 0
350.0 0 0 0 0 0 0
355.0 0 0 0 0 0 0
360.0 0 0 0 0 0 0
365.0 0 0 0 0 0 0
370.0 0 0 0 0 0 0
375.0 0 0 0 0 0 0
380.0 0 0 0 0 0 0
385.0 0 0 0 0 0 0
390.0 0 0 0 0 0 0
395.0 0 0 0 0 0 0
400.0 0 0 1 0 0 1
405.0 0 0 1 0 0 1
410.0 0 0 1 0 0 1
415.0 0 0 2 0 0 2
420.0 0 0 2 0 0 2
425.0 0 0 1 0 0 1
430.0 0 0 1 0 0 1
435.0 0 0 1 0 0 1
440.0 1 0 2 0 0 3
445.0 1 0 2 0 0 3
450.0 2 0 1 0 0 3
455.0 2 0 1 0 0 3
460.0 2 0 1 0 0 3
465.0 2 0 1 0 0 3
470.0 2 0 2 0 0 4
475.0 2 0 2 0 0 4
480.0 2 1 2 0 0 5
485.0 2 1 1 0 0 4
490.0 2 1 1 0 0 4
495.0 2 1 1 0 0 4
500.0 2 1 1 0 0 4
505.0 2 1 1 0 0 4
510.0 2 1 1 0 0 4
515.0 1 1 2 1 0 5
520.0 1 1 2 1 0 5
525.0 1 1 2 1 0 5
530.0 0 1 2 2 0 5
535.0 1 0 3 2 0 6
540.0 1 0 3 2 0 6
545.0 1 1 3 2 0 7
550.0 1 1 3 2 0 7
555.0 1 2 3 1 0 7
560.0 2 2 1 0 0 5
565.0 1 2 1 1 0 5
570.0 1 2 0 1 0 4
575.0 1 1 0 1 0 3
580.0 1 1 0 1 0 3
585.0 1 0 0 1 0 2
590.0 1 0 1 1 0 3
595.0 1 0 1 0 0 2
600.0 1 0 1 1 0 3
605.0 2 1 2 1 0 6
610.0 3 2 2 1 0 8
615.0 3 2 2 0 0 7
620.0 1 1 3 0 0 5
625.0 1 1 3 1 0 6
630.0 1 1 3 1 0 6
635.0 0 1 3 2 0 6
640.0 0 2 2 2 0 6
645.0 0 2 2 2 0 6
650.0 1 2 2 4 0 9
655.0 1 2 3 4 0 10
660.0 1 2 3 4 0 10
665.0 1 3 3 4 0 11
670.0 1 3 4 4 0 12
675.0 1 3 5 3 0 12
680.0 1 4 5 3 0 13
685.0 1 5 4 3 0 13
690.0 1 5 3 2 0 11
695.0 1 5 2 2 0 10
700.0 1 5 3 2 0 11
705.0 1 5 3 2 0 11
710.0 1 3 3 2 0 9
715.0 1 2 3 2 0 8
720.0 1 3 3 2 0 9
725.0 2 1 4 2 0 9
730.0 2 1 4 2 0 9
735.0 2 0 4 2 0 8
740.0 3 0 4 2 0 9
745.0 2 1 2 3 0 8
750.0 2 1 2 2 0 7
755.0 2 1 1 2 0 6
760.0 0 2 1 0 0 3
765.0 1 2 2 0 0 5
770.0 1 2 2 0 0 5
775.0 1 2 2 0 0 5
780.0 1 2 1 0 0 4
785.0 1 2 1 0 1 5
790.0 2 1 1 0 1 5
795.0 3 1 1 0 1 6
800.0 3 1 2 0 1 7
805.0 3 1 2 0 1 7
810.0 3 1 2 1 1 8
815.0 3 1 2 1 1 8
820.0 4 0 2 1 1 8
825.0 4 0 2 1 1 8
830.0 5 0 2 1 1 9
835.0 4 0 3 1 1 9
840.0 4 0 3 1 1 9
845.0 4 0 3 1 1 9
850.0 4 1 2 0 1 8
855.0 6 1 2 0 1 10
860.0 4 2 1 0 1 8
865.0 4 2 1 0 1 8
870.0 4 2 1 0 1 8
875.0 3 2 1 0 0 6
880.0 2 2 1 0 0 5
885.0 2 3 2 0 0 7
890.0 2 3 2 0 0 7
895.0 3 2 2 0 0 7
900.0 4 2 3 0 0 9
905.0 4 1 4 0 0 9
910.0 3 1 6 0 0 10
915.0 2 0 6 0 0 8
920.0 2 0 5 0 0 7
925.0 1 0 4 1 0 6
930.0 0 0 4 1 0 5
935.0 0 1 4 0 0 5
940.0 0 1 2 0 0 3
945.0 0 1 2 0 0 3
950.0 1 0 2 0 0 3
955.0 1 0 2 0 0 3
960.0 1 0 2 1 0 4
965.0 1 0 2 1 1 5
970.0 1 0 2 1 1 5
975.0 1 0 2 1 1 5
980.0 1 0 5 1 1 8
985.0 1 0 6 1 1 9
990.0 1 0 5 2 1 9
995.0 0 1 5 2 1 9
1000.0 0 2 4 2 1 9
1005.0 0 2 5 2 0 9
1010.0 0 1 4 2 0 7
1015.0 1 1 4 2 0 8
1020.0 1 1 4 2 0 8
1025.0 1 1 4 1 0 7
1030.0 1 2 3 1 0 7
1035.0 1 2 2 0 1 6
1040.0 1 2 2 0 1 6
1045.0 1 2 2 0 1 6
1050.0 1 2 2 0 1 6
1055.0 1 2 2 0 1 6
1060.0 2 2 2 0 1 7
1065.0 1 3 2 0 1 7
1070.0 2 3 1 0 1 7
1075.0 3 4 1 0 1 9
1080.0 3 3 1 1 1 9
1085.0 3 3 1 2 1 10
1090.0 4 2 1 1 1 9
1095.0 3 2 2 1 1 9
1100.0 4 2 2 1 1 10
1105.0 4 2 2 0 1 9
1110.0 5 2 2 0 2 11
1115.0 4 2 3 0 2 11
1120.0 4 2 4 0 2 12
1125.0 1 2 6 0 2 11
1130.0 2 1 5 0 2 10
1135.0 2 2 4 0 2 10
1140.0 3 2 6 0 2 13
1145.0 2 2 7 0 2 13
1150.0 2 2 7 0 2 13
1155.0 0 2 7 0 2 11
1160.0 0 3 7 0 1 11
1165.0 0 3 7 0 0 10
1170.0 0 3 7 0 0 10
1175.0 0 2 6 0 0 8
1180.0 0 2 5 0 0 7
1185.0 0 1 4 0 1 6
1190.0 0 1 3 0 1 5
1195.0 1 2 2 0 1 6
1200.0 1 2 3 0 0 6
1205.0 1 1 3 1 0 6
1210.0 1 0 4 0 0 5
1215.0 1 0 4 0 0 5
1220.0 1 0 4 0 0 5
1225.0 1 0 4 0 0 5
1230.0 1 0 4 0 0 5
1235.0 1 0 4 1 0 6
1240.0 2 0 3 1 0 6
1245.0 1 0 3 1 0 5
1250.0 0 1 4 1 0 6
1255.0 0 1 4 1 0 6
1260.0 0 1 4 2 0 7
1265.0 0 1 5 1 0 7
1270.0 0 1 5 1 0 7
1275.0 0 1 3 1 0 5
1280.0 0 0 2 1 0 3
1285.0 0 0 2 1 0 3
1290.0 0 0 2 1 0 3
1295.0 0 0 1 1 0 2
1300.0 0 0 1 1 0 2
1305.0 0 0 1 1 0 2
1310.0 1 0 0 0 0 1
1315.0 0 1 0 0 0 1
1320.0 0 1 0 0 0 1
1325.0 0 0 0 0 0 0
1330.0 0 0 0 0 0 0
1335.0 0 1 0 0 0 1
1340.0 0 1 0 0 0 1
1345.0 0 1 0 0 0 1
1350.0 0 1 0 0 0 1
1355.0 0 1 0 0 0 1
1360.0 0 1 0 0 0 1
1365.0 0 1 0 0 0 1
1370.0 0 1 0 0 0 1
1375.0 0 0 0 0 0 0
1380.0 0 0 0 0 0 0
1385.0 0 0 0 0 0 0
1390.0 0 0 0 0 0 0
1395.0 0 0 0 0 0 0
1400.0 0 0 0 0 0 0
1405.0 0 0 0 0 0 0
1410.0 0 0 0 0 0 0
1415.0 0 0 0 0 0 0
1420.0 0 0 0 0 0 0
1425.0 0 0 0 0 0 0
1430.0 0 0 0 0 0 0
1435.0 0 0 0 0 0 0
