5.0 0 0 0 0 0 0
10.0 0 0 0 0 0 0
15.0 0 0 0 0 0 0
20.0 0 0 0 0 0 0
25.0 0 0 0 0 0 0
30.0 0 0 0 0 0 0
35.0 0 0 0 0 0 0
40.0 0 0 0 0 0 0
45.0 0 0 0 0 0 0
50.0 0 0 0 0 0 0
55.0 0 0 0 0 0 0
60.0 0 0 0 0 0 0
65.0 0 0 0 0 0 0
70.0 0 0 0 0 0 0
75.0 0 0 0 0 0 0
80.0 0 0 0 0 0 0
85.0 0 0 0 0 0 0
90.0 0 0 0 0 0 0
95.0 0 0 0 0 0 0
100.0 0 0 0 0 0 0
105.0 0 0 0 0 0 0
110.0 0 0 0 0 0 0
115.0 0 0 0 0 0 0
120.0 0 0 0 0 0 0
125.0 0 0 0 0 0 0
130.0 0 0 0 0 0 0
135.0 0 0 0 0 0 0
140.0 0 0 0 0 0 0
145.0 0 0 0 0 0 0
150.0 0 0 0 0 0 0
155.0 0 0 0 0 0 0
160.0 0 0 0 0 0 0
165.0 0 0 0 0 0 0
170.0 0 0 0 0 0 0
175.0 0 0 0 0 0 0
180.0 0 0 0 0 0 0
185.0 0 0 0 0 0 0
190.0 0 0 0 0 0 0
195.0 0 0 0 0 0 0
200.0 0 0 0 0 0 0
205.0 0 0 0 0 0 0
210.0 0 0 0 0 0 0
215.0 0 0 0 0 0 0
220.0 0 0 0 0 0 0
225.0 0 0 0 0 0 0
230.0 0 0 0 0 0 0
235.0 0 0 0 0 0 0
240.0 0 0 0 0 0 0
245.0 0 0 0 0 0 0
250.0 0 0 0 0 0 0
255.0 0 0 0 0 0 0
260.0 0 0 0 1 0 1
265.0 0 0 0 1 0 1
270.0 0 0 0 1 0 1
275.0 0 0 0 1 0 1
280.0 0 0 0 1 0 1
285.0 0 0 0 1 0 1
290.0 0 0 0 1 0 1
295.0 0 0 0 1 0 1
300.0 0 0 0 1 0 1
305.0 0 0 0 1 0 1
310.0 0 1 0 1 0 2
315.0 1 1 0 1 0 3
320.0 1 1 1 0 0 3
325.0 2 1 1 1 0 5
330.0 1 1 1 2 0 5
335.0 1 1 1 2 0 5
340.0 2 0 1 2 0 5
345.0 2 0 1 2 0 5
350.0 1 0 1 2 0 4
355.0 1 0 1 2 0 4
360.0 2 1 2 2 0 7
365.0 3 1 2 2 0 8
370.0 2 3 1 2 0 8
375.0 1 4 2 2 0 9
380.0 0 5 4 3 0 12
385.0 1 7 4 2 0 14
390.0 1 8 4 2 0 15
395.0 2 10 5 3 0 20
400.0 2 9 6 2 1 20
405.0 2 9 6 2 1 20
410.0 3 8 8 2 1 22
415.0 5 9 9 1 1 25
420.0 6 7 9 1 1 24
425.0 11 6 8 1 1 27
430.0 10 7 11 2 1 31
435.0 9 9 11 2 1 32
440.0 13 9 16 4 1 43
445.0 12 9 16 6 1 44
450.0 13 9 20 6 1 49
455.0 15 12 19 6 1 53
460.0 16 13 21 7 2 59
465.0 19 14 21 6 3 63
470.0 16 15 22 9 5 67
475.0 17 19 25 10 6 77
480.0 19 21 26 9 6 81
485.0 20 26 24 10 4 84
490.0 23 24 28 11 4 90
495.0 21 29 28 10 5 93
500.0 24 28 32 11 5 100
505.0 23 28 34 12 6 103
510.0 23 30 35 14 7 109
515.0 24 29 40 12 8 113
520.0 29 29 39 14 9 120
525.0 31 31 40 14 9 125
530.0 32 30 44 14 9 129
535.0 35 31 44 12 9 131
540.0 35 29 43 14 8 129
545.0 33 25 47 12 9 126
550.0 28 23 45 17 10 123
555.0 28 26 46 18 12 130
560.0 29 30 46 16 11 132
565.0 40 31 49 14 10 144
570.0 43 29 49 19 7 147
575.0 44 30 57 17 9 157
580.0 41 33 60 15 9 158
585.0 39 31 64 15 9 158
590.0 37 34 67 15 10 163
595.0 36 30 67 18 9 160
600.0 39 26 69 17 10 161
605.0 44 33 66 16 12 171
610.0 48 36 69 16 15 184
615.0 47 41 67 15 15 185
620.0 50 43 64 18 16 191
625.0 45 39 67 19 15 185
630.0 49 40 64 17 14 184
635.0 43 41 69 19 16 188
640.0 38 42 65 19 16 180
645.0 39 40 61 16 18 174
650.0 38 46 60 21 20 185
655.0 39 40 56 19 19 173
660.0 38 36 55 20 19 168
665.0 39 36 52 20 20 167
670.0 43 37 50 17 19 166
675.0 41 41 48 14 20 164
680.0 39 40 48 14 20 161
685.0 40 42 56 17 18 173
690.0 40 41 64 17 18 180
695.0 38 39 63 21 20 181
700.0 36 40 58 22 19 175
705.0 35 40 59 22 17 173
710.0 34 38 51 23 17 163
715.0 33 33 49 20 17 152
720.0 32 35 49 18 16 150
725.0 35 39 49 18 17 158
730.0 31 36 46 19 15 147
735.0 31 35 46 18 16 146
740.0 31 31 42 19 17 140
745.0 32 31 43 22 17 145
750.0 30 32 38 22 20 142
755.0 28 34 38 22 20 142
760.0 31 32 38 17 20 138
765.0 32 33 44 18 20 147
770.0 29 37 40 19 20 145
775.0 28 36 39 20 18 141
780.0 26 37 38 20 19 140
785.0 24 36 40 23 18 141
790.0 29 34 41 23 16 143
795.0 27 38 41 21 15 142
800.0 25 34 44 20 15 138
805.0 26 30 42 21 17 136
810.0 24 29 44 21 17 135
815.0 27 29 40 20 14 130
820.0 25 29 45 17 14 130
825.0 23 30 46 17 13 129
830.0 22 32 46 17 12 129
835.0 22 33 43 18 9 125
840.0 23 38 43 19 10 133
845.0 22 40 45 19 11 137
850.0 26 37 46 20 10 139
855.0 25 40 52 20 9 146
860.0 27 40 52 18 9 146
865.0 28 36 52 20 8 144
870.0 30 38 55 20 9 152
875.0 34 39 54 17 10 154
880.0 38 35 53 18 13 157
885.0 39 37 50 19 14 159
890.0 40 29 49 21 16 155
895.0 38 32 49 21 16 156
900.0 38 34 55 20 17 164
905.0 38 37 50 24 17 166
910.0 40 33 55 24 18 170
915.0 43 36 53 26 19 177
920.0 44 37 54 24 19 178
925.0 45 37 52 23 17 174
930.0 49 39 50 21 16 175
935.0 46 34 52 23 14 169
940.0 50 36 50 26 17 179
945.0 46 37 46 27 19 175
950.0 47 40 45 30 18 180
955.0 46 41 49 27 17 180
960.0 44 40 50 25 16 175
965.0 45 42 47 21 12 167
970.0 44 43 49 20 13 169
975.0 40 44 49 24 12 169
980.0 40 46 49 24 12 171
985.0 40 48 49 20 12 169
990.0 43 48 54 21 13 179
995.0 42 46 52 21 14 175
1000.0 38 46 52 20 13 169
1005.0 36 47 47 18 13 161
1010.0 38 45 46 21 13 163
1015.0 37 43 44 18 14 156
1020.0 37 43 47 15 13 155
1025.0 41 48 49 16 14 168
1030.0 42 48 50 17 14 171
1035.0 41 47 52 13 15 168
1040.0 44 40 53 15 14 166
1045.0 37 41 57 20 17 172
1050.0 37 38 51 23 16 165
1055.0 39 42 57 24 16 178
1060.0 39 46 53 26 16 180
1065.0 41 50 45 25 15 176
1070.0 40 43 45 27 16 171
1075.0 42 46 45 27 20 180
1080.0 45 42 50 25 21 183
1085.0 45 44 54 22 26 191
1090.0 39 46 55 23 24 187
1095.0 35 53 54 25 26 193
1100.0 33 53 52 24 25 187
1105.0 33 54 54 23 24 188
1110.0 30 61 54 23 25 193
1115.0 32 58 54 22 23 189
1120.0 32 51 55 22 23 183
1125.0 36 54 58 24 21 193
1130.0 42 52 59 20 18 191
1135.0 51 51 60 16 18 196
1140.0 49 52 64 14 18 197
1145.0 57 45 64 15 19 200
1150.0 57 50 63 13 19 202
1155.0 51 51 59 13 23 197
1160.0 43 55 62 19 23 202
1165.0 40 56 54 22 22 194
1170.0 42 60 58 22 20 202
1175.0 36 48 64 27 22 197
1180.0 37 45 64 26 24 196
1185.0 39 41 67 26 20 193
1190.0 38 35 62 26 21 182
1195.0 37 42 55 23 17 174
1200.0 32 41 51 30 16 170
1205.0 33 37 53 27 17 167
1210.0 32 35 52 25 17 161
1215.0 28 39 46 22 15 150
1220.0 31 39 44 19 13 146
1225.0 29 34 42 17 14 136
1230.0 28 28 41 14 13 124
1235.0 31 23 35 15 9 113
1240.0 30 26 32 10 8 106
1245.0 24 26 32 13 5 100
1250.0 22 27 29 12 5 95
1255.0 18 28 31 10 5 92
1260.0 16 23 32 12 8 91
1265.0 20 24 23 11 7 85
1270.0 17 23 18 12 8 78
1275.0 17 20 18 10 9 74
1280.0 15 20 16 8 10 69
1285.0 11 18 14 8 9 60
1290.0 10 13 12 7 5 47
1295.0 10 11 12 6 7 46
1300.0 10 11 11 6 6 44
1305.0 7 7 10 6 4 34
1310.0 7 7 10 5 3 32
1315.0 7 6 8 2 3 26
1320.0 7 6 8 2 4 27
1325.0 8 5 5 1 3 22
1330.0 7 4 4 2 1 18
1335.0 7 3 3 2 1 16
1340.0 8 2 5 0 1 16
1345.0 7 2 3 0 1 13
1350.0 7 3 3 0 1 14
1355.0 5 2 2 0 1 10
1360.0 3 3 1 2 1 10
1365.0 2 2 2 2 1 9
1370.0 1 1 2 1 1 6
1375.0 1 1 2 1 1 6
1380.0 1 0 2 1 1 5
1385.0 1 0 2 1 1 5
1390.0 1 0 1 1 1 4
1395.0 1 0 0 1 1 3
1400.0 2 0 0 0 1 3
1405.0 2 0 0 0 1 3
1410.0 3 0 0 0 1 4
1415.0 3 0 0 0 0 3
1420.0 2 0 0 0 0 2
1425.0 2 0 0 0 0 2
1430.0 0 0 1 0 0 1
1435.0 0 0 1 0 0 1
