5.0 0 0 0 0 0 0
10.0 0 0 0 0 0 0
15.0 0 0 0 0 0 0
20.0 0 0 0 0 0 0
25.0 0 0 0 0 0 0
30.0 0 0 0 0 0 0
35.0 0 0 0 0 0 0
40.0 0 0 0 0 0 0
45.0 0 0 0 0 0 0
50.0 0 0 0 0 0 0
55.0 0 0 0 0 0 0
60.0 0 0 0 0 0 0
65.0 0 0 0 0 0 0
70.0 0 0 0 0 0 0
75.0 0 0 0 0 0 0
80.0 0 0 0 0 0 0
85.0 0 0 0 0 0 0
90.0 0 0 0 0 0 0
95.0 0 0 0 0 0 0
100.0 0 0 0 0 0 0
105.0 0 0 0 0 0 0
110.0 0 0 0 0 0 0
115.0 0 0 0 0 0 0
120.0 0 0 0 0 0 0
125.0 0 0 0 0 0 0
130.0 0 0 0 0 0 0
135.0 0 0 0 0 0 0
140.0 0 0 0 0 0 0
145.0 0 0 0 0 0 0
150.0 0 0 0 0 0 0
155.0 0 0 0 0 0 0
160.0 0 0 0 0 0 0
165.0 0 0 0 0 0 0
170.0 0 0 0 0 0 0
175.0 0 0 0 0 0 0
180.0 0 0 0 0 0 0
185.0 0 0 0 0 0 0
190.0 0 0 0 0 0 0
195.0 0 0 0 0 0 0
200.0 0 0 0 0 0 0
205.0 0 0 0 0 0 0
210.0 0 0 0 0 0 0
215.0 0 0 0 0 0 0
220.0 0 0 0 0 0 0
225.0 0 0 0 0 0 0
230.0 0 0 0 0 0 0
235.0 0 0 0 0 0 0
240.0 0 0 0 0 0 0
245.0 0 0 0 0 0 0
250.0 0 0 0 0 0 0
255.0 0 0 0 0 0 0
260.0 0 1 0 0 0 1
265.0 0 1 0 0 0 1
270.0 0 1 0 0 0 1
275.0 0 1 0 0 0 1
280.0 0 1 0 0 0 1
285.0 0 1 0 0 0 1
290.0 0 1 0 0 0 1
295.0 0 1 0 0 0 1
300.0 0 1 0 0 0 1
305.0 0 1 0 0 0 1
310.0 0 1 0 0 0 1
315.0 0 1 1 0 0 2
320.0 0 1 1 0 0 2
325.0 0 0 1 0 0 1
330.0 0 0 1 0 0 1
335.0 0 0 0 0 0 0
340.0 0 0 0 0 0 0
345.0 0 0 0 0 0 0
350.0 0 0 0 0 0 0
355.0 0 1 1 0 0 2
360.0 0 1 1 2 0 4
365.0 1 0 1 3 0 5
370.0 1 0 2 3 0 6
375.0 2 0 4 1 0 7
380.0 2 0 4 1 0 7
385.0 2 0 3 3 0 8
390.0 0 0 6 3 0 9
395.0 3 0 4 3 0 10
400.0 3 3 5 3 1 15
405.0 3 5 5 3 1 17
410.0 3 6 6 3 0 18
415.0 4 7 7 2 1 21
420.0 3 6 6 3 3 21
425.0 3 6 7 3 4 23
430.0 5 7 8 4 5 29
435.0 5 7 9 4 5 30
440.0 5 9 9 3 4 30
445.0 4 9 10 4 4 31
450.0 8 9 11 5 4 37
455.0 8 11 12 5 4 40
460.0 11 13 13 4 5 46
465.0 10 14 14 4 6 48
470.0 13 13 18 5 7 56
475.0 14 14 24 9 8 69
480.0 14 15 31 10 10 80
485.0 15 12 31 13 10 81
490.0 17 13 30 13 11 84
495.0 14 14 31 14 11 84
500.0 13 19 31 17 12 92
505.0 14 25 34 19 11 103
510.0 16 28 36 17 11 108
515.0 18 27 38 17 13 113
520.0 15 35 43 18 13 124
525.0 22 37 41 14 12 126
530.0 23 36 42 14 13 128
535.0 19 31 36 15 13 114
540.0 16 34 36 19 12 117
545.0 14 35 43 21 13 126
550.0 21 39 43 24 14 141
555.0 25 43 45 23 15 151
560.0 29 46 45 22 15 157
565.0 34 48 50 21 15 168
570.0 40 45 50 20 15 170
575.0 38 43 55 21 16 173
580.0 35 44 55 23 19 176
585.0 31 45 58 24 19 177
590.0 32 43 59 27 20 181
595.0 33 44 57 25 23 182
600.0 37 45 51 20 26 179
605.0 40 46 51 23 27 187
610.0 38 44 51 25 25 183
615.0 38 42 59 24 23 186
620.0 39 39 62 23 22 185
625.0 40 35 68 28 20 191
630.0 43 36 65 27 20 191
635.0 42 37 59 28 23 189
640.0 36 38 59 26 23 182
645.0 36 37 55 23 24 175
650.0 35 38 52 24 25 174
655.0 32 44 50 23 25 174
660.0 31 38 56 21 23 169
665.0 32 42 62 21 26 183
670.0 31 47 59 18 27 182
675.0 34 46 61 19 27 187
680.0 40 44 59 16 26 185
685.0 38 40 63 17 28 186
690.0 40 36 59 17 27 179
695.0 39 38 54 17 27 175
700.0 35 44 56 18 28 181
705.0 38 42 51 19 30 180
710.0 30 44 48 21 28 171
715.0 32 41 53 17 28 171
720.0 30 38 49 15 24 156
725.0 30 34 49 16 21 150
730.0 31 36 45 16 21 149
735.0 28 37 48 17 20 150
740.0 34 42 43 14 17 150
745.0 30 38 43 14 18 143
750.0 28 36 42 18 18 142
755.0 27 32 37 19 17 132
760.0 23 33 35 20 16 127
765.0 20 31 31 22 13 117
770.0 21 30 30 23 13 117
775.0 27 24 32 19 14 116
780.0 28 28 32 18 15 121
785.0 28 31 34 15 15 123
790.0 27 32 36 13 16 124
795.0 25 31 39 13 15 123
800.0 23 30 40 14 13 120
805.0 21 31 38 13 13 116
810.0 21 30 42 14 13 120
815.0 18 30 43 15 12 118
820.0 23 31 41 15 11 121
825.0 29 26 43 16 13 127
830.0 30 25 42 19 15 131
835.0 31 23 46 22 13 135
840.0 33 32 43 19 15 142
845.0 33 33 47 17 13 143
850.0 35 36 48 16 13 148
855.0 38 38 49 17 13 155
860.0 37 36 51 21 15 160
865.0 35 33 44 26 14 152
870.0 36 35 42 27 13 153
875.0 34 39 42 31 12 158
880.0 33 42 46 29 13 163
885.0 32 43 47 30 13 165
890.0 28 40 51 30 13 162
895.0 26 38 52 27 13 156
900.0 31 30 53 24 16 154
905.0 33 28 47 25 18 151
910.0 35 28 47 25 16 151
915.0 37 33 48 23 16 157
920.0 38 33 56 20 17 164
925.0 35 33 50 21 16 155
930.0 36 29 51 21 15 152
935.0 37 29 54 24 15 159
940.0 40 29 50 23 15 157
945.0 37 33 48 22 14 154
950.0 39 37 44 21 15 156
955.0 35 38 50 19 16 158
960.0 40 40 49 21 19 169
965.0 39 41 51 21 20 172
970.0 40 44 52 23 20 179
975.0 42 44 47 24 20 177
980.0 40 41 48 23 18 170
985.0 38 41 45 23 16 163
990.0 34 44 46 26 15 165
995.0 33 45 50 24 14 166
1000.0 30 49 48 24 12 163
1005.0 31 46 51 25 11 164
1010.0 35 45 51 27 12 170
1015.0 36 46 53 28 12 175
1020.0 43 44 52 28 13 180
1025.0 43 43 53 25 15 179
1030.0 44 47 55 22 16 184
1035.0 43 49 57 22 15 186
1040.0 44 50 61 23 17 195
1045.0 40 49 60 24 19 192
1050.0 44 45 59 22 21 191
1055.0 45 40 59 21 19 184
1060.0 44 41 57 20 21 183
1065.0 43 40 58 23 21 185
1070.0 40 43 57 23 21 184
1075.0 36 46 56 26 21 185
1080.0 33 45 61 23 20 182
1085.0 30 48 66 18 19 181
1090.0 35 50 63 17 17 182
1095.0 40 48 61 14 20 183
1100.0 40 47 58 15 22 182
1105.0 37 48 53 17 22 177
1110.0 36 48 63 17 21 185
1115.0 36 53 66 20 20 195
1120.0 36 59 66 20 21 202
1125.0 38 58 68 21 19 204
1130.0 39 58 68 22 21 208
1135.0 40 60 63 23 22 208
1140.0 39 64 56 24 24 207
1145.0 39 67 57 24 26 213
1150.0 47 69 56 19 28 219
1155.0 49 67 55 17 28 216
1160.0 45 69 51 20 29 214
1165.0 43 62 53 23 28 209
1170.0 38 61 49 23 27 198
1175.0 39 58 49 22 26 194
1180.0 39 53 48 18 26 184
1185.0 38 48 51 18 24 179
1190.0 36 49 53 17 23 178
1195.0 34 48 52 14 20 168
1200.0 32 49 51 15 21 168
1205.0 30 51 49 15 19 164
1210.0 29 44 39 13 18 143
1215.0 27 49 42 12 18 148
1220.0 24 48 36 9 17 134
1225.0 27 49 40 7 15 138
1230.0 24 44 36 11 17 132
1235.0 21 37 34 11 15 118
1240.0 17 39 30 12 15 113
1245.0 18 40 34 13 14 119
1250.0 15 38 31 11 13 108
1255.0 15 34 29 6 13 97
1260.0 14 28 28 6 12 88
1265.0 18 28 25 6 11 88
1270.0 19 25 20 7 10 81
1275.0 19 23 20 8 9 79
1280.0 21 21 12 7 9 70
1285.0 21 22 11 5 7 66
1290.0 21 18 10 7 10 66
1295.0 16 14 12 8 9 59
1300.0 13 12 12 7 5 49
1305.0 11 10 11 6 5 43
1310.0 9 10 12 5 6 42
1315.0 8 8 10 4 6 36
1320.0 7 9 9 4 7 36
1325.0 5 6 9 3 6 29
1330.0 5 5 5 2 6 23
1335.0 4 4 4 2 5 19
1340.0 3 3 3 3 4 16
1345.0 3 3 2 3 5 16
1350.0 4 3 3 1 3 14
1355.0 4 3 3 1 2 13
1360.0 3 1 3 1 2 10
1365.0 3 1 2 1 1 8
1370.0 1 1 2 0 1 5
1375.0 0 1 2 0 1 4
1380.0 1 1 0 0 0 2
1385.0 0 1 0 0 0 1
1390.0 0 1 0 0 0 1
1395.0 1 0 0 0 0 1
1400.0 1 1 0 0 0 2
1405.0 1 1 0 0 0 2
1410.0 1 1 0 0 0 2
1415.0 1 2 0 0 0 3
1420.0 1 1 0 0 0 2
1425.0 0 0 0 1 0 1
1430.0 0 0 0 1 0 1
1435.0 0 1 0 1 0 2
