5.0 0 0 0 0 0 0
10.0 0 0 0 0 0 0
15.0 0 0 0 0 0 0
20.0 0 0 0 0 0 0
25.0 0 0 0 0 0 0
30.0 0 0 0 0 0 0
35.0 0 0 0 0 0 0
40.0 0 0 0 0 0 0
45.0 0 0 0 0 0 0
50.0 0 0 0 0 0 0
55.0 0 0 0 0 0 0
60.0 0 0 0 0 0 0
65.0 0 0 0 0 0 0
70.0 0 0 0 0 0 0
75.0 0 0 0 0 0 0
80.0 0 0 0 0 0 0
85.0 0 0 0 0 0 0
90.0 0 0 0 0 0 0
95.0 0 0 0 0 0 0
100.0 0 0 0 0 0 0
105.0 0 0 0 0 0 0
110.0 0 0 0 0 0 0
115.0 0 0 0 0 0 0
120.0 0 0 0 0 0 0
125.0 0 0 0 0 0 0
130.0 0 0 0 0 0 0
135.0 0 0 0 0 0 0
140.0 0 0 0 0 0 0
145.0 0 0 0 0 0 0
150.0 0 0 0 0 0 0
155.0 0 0 0 0 0 0
160.0 0 0 0 0 0 0
165.0 0 0 0 0 0 0
170.0 0 0 0 0 0 0
175.0 0 0 0 0 0 0
180.0 0 0 0 0 0 0
185.0 0 0 0 0 0 0
190.0 0 0 0 0 0 0
195.0 0 0 0 0 0 0
200.0 0 0 0 0 0 0
205.0 0 0 0 0 0 0
210.0 0 0 0 0 0 0
215.0 0 0 0 0 0 0
220.0 0 0 0 0 0 0
225.0 0 0 0 0 0 0
230.0 0 0 0 0 0 0
235.0 0 0 0 0 0 0
240.0 0 0 0 0 0 0
245.0 0 0 0 0 0 0
250.0 0 0 0 0 0 0
255.0 0 0 0 0 0 0
260.0 0 0 0 0 0 0
265.0 0 0 0 0 0 0
270.0 0 0 0 0 0 0
275.0 0 0 0 0 0 0
280.0 0 0 0 0 0 0
285.0 0 0 0 0 0 0
290.0 0 0 0 0 0 0
295.0 0 0 0 0 0 0
300.0 0 0 0 0 0 0
305.0 0 0 0 0 0 0
310.0 0 0 0 0 0 0
315.0 0 0 0 0 0 0
320.0 0 0 0 0 0 0
325.0 0 0 0 0 0 0
330.0 1 0 0 1 1 3
335.0 1 0 0 1 1 3
340.0 1 0 0 1 1 3
345.0 1 0 0 1 1 3
350.0 2 0 0 1 1 4
355.0 2 1 0 1 1 5
360.0 2 1 1 1 1 6
365.0 2 1 1 1 1 6
370.0 2 1 1 1 1 6
375.0 5 0 1 1 1 8
380.0 5 0 2 1 1 9
385.0 6 0 2 1 1 10
390.0 4 0 4 1 1 10
395.0 3 2 5 3 1 14
400.0 5 2 6 4 2 19
405.0 4 3 7 5 2 21
410.0 4 3 7 4 2 20
415.0 3 3 10 5 2 23
420.0 2 3 10 5 2 22
425.0 3 3 13 5 2 26
430.0 2 4 10 4 2 22
435.0 1 5 8 4 2 20
440.0 3 4 9 4 2 22
445.0 4 4 10 5 2 25
450.0 6 7 10 6 2 31
455.0 7 8 11 7 2 35
460.0 6 8 12 9 2 37
465.0 6 11 13 11 2 43
470.0 11 9 16 10 2 48
475.0 11 11 17 11 1 51
480.0 9 13 22 9 2 55
485.0 10 13 24 8 4 59
490.0 13 14 27 9 4 67
495.0 11 16 29 9 4 69
500.0 13 17 29 8 4 71
505.0 13 17 34 11 4 79
510.0 12 17 35 10 5 79
515.0 12 19 30 11 6 78
520.0 14 20 31 9 7 81
525.0 15 19 33 8 7 82
530.0 15 18 32 10 9 84
535.0 12 18 29 9 9 77
540.0 15 18 28 10 7 78
545.0 15 18 25 11 7 76
550.0 17 20 25 11 8 81
555.0 19 22 23 14 10 88
560.0 17 27 23 17 10 94
565.0 18 31 27 17 10 103
570.0 20 32 32 19 9 112
575.0 19 36 30 20 9 114
580.0 22 36 31 18 9 116
585.0 22 39 31 19 9 120
590.0 26 39 32 16 11 124
595.0 27 38 36 17 12 130
600.0 29 36 37 14 13 129
605.0 32 38 40 14 14 138
610.0 30 37 44 13 15 139
615.0 30 40 45 17 15 147
620.0 32 41 43 22 16 154
625.0 27 39 40 26 15 147
630.0 24 36 36 30 17 143
635.0 25 38 32 28 15 138
640.0 28 33 31 25 16 133
645.0 29 37 30 23 14 133
650.0 29 35 28 23 14 129
655.0 23 38 30 22 17 130
660.0 23 32 26 21 18 120
665.0 23 31 27 17 19 117
670.0 25 31 26 16 19 117
675.0 22 34 31 15 17 119
680.0 22 35 33 14 17 121
685.0 20 33 35 15 16 119
690.0 23 27 34 14 17 115
695.0 23 27 37 14 17 118
700.0 19 23 37 14 15 108
705.0 18 20 34 15 14 101
710.0 20 22 30 17 11 100
715.0 18 22 37 18 10 105
720.0 18 24 36 18 10 106
725.0 19 20 35 17 8 99
730.0 17 23 33 20 10 103
735.0 17 20 30 20 11 98
740.0 19 21 26 20 9 95
745.0 18 20 25 19 10 92
750.0 20 21 24 18 10 93
755.0 23 21 23 14 9 90
760.0 24 22 21 12 8 87
765.0 26 20 26 12 8 92
770.0 22 16 28 14 7 87
775.0 24 14 28 11 7 84
780.0 24 18 26 10 8 86
785.0 19 18 26 12 7 82
790.0 14 20 27 17 9 87
795.0 8 18 26 17 11 80
800.0 8 19 28 19 10 84
805.0 8 18 26 17 11 80
810.0 8 19 25 14 11 77
815.0 14 19 24 13 12 82
820.0 13 19 27 13 12 84
825.0 12 20 27 15 15 89
830.0 12 19 27 16 15 89
835.0 11 22 27 14 15 89
840.0 12 18 27 14 16 87
845.0 13 21 26 14 16 90
850.0 14 21 20 15 18 88
855.0 16 23 16 16 15 86
860.0 16 23 16 17 14 86
865.0 20 24 15 14 14 87
870.0 25 25 15 13 15 93
875.0 24 22 16 14 16 92
880.0 23 24 21 13 16 97
885.0 25 25 19 15 17 101
890.0 25 22 19 13 18 97
895.0 20 20 21 13 18 92
900.0 21 19 23 14 18 95
905.0 20 21 25 15 16 97
910.0 20 19 31 12 17 99
915.0 22 21 32 8 17 100
920.0 21 20 34 7 16 98
925.0 21 16 34 6 16 93
930.0 20 14 39 6 16 95
935.0 19 13 33 6 15 86
940.0 17 15 31 10 14 87
945.0 15 15 33 11 14 88
950.0 17 19 30 10 17 93
955.0 22 17 27 9 17 92
960.0 24 15 30 10 18 97
965.0 23 17 35 11 16 102
970.0 23 19 34 10 16 102
975.0 19 18 33 11 18 99
980.0 23 17 33 7 19 99
985.0 23 17 31 7 18 96
990.0 23 16 26 11 18 94
995.0 23 16 25 10 18 92
1000.0 25 18 26 9 19 97
1005.0 22 19 25 10 20 96
1010.0 23 20 27 11 18 99
1015.0 21 22 27 11 19 100
1020.0 25 20 30 11 18 104
1025.0 25 26 32 12 17 112
1030.0 21 31 29 15 15 111
1035.0 20 29 31 16 15 111
1040.0 20 29 31 18 16 114
1045.0 24 31 34 18 14 121
1050.0 30 32 31 14 14 121
1055.0 29 33 30 10 15 117
1060.0 32 31 30 10 12 115
1065.0 34 31 29 12 11 117
1070.0 37 31 26 13 11 118
1075.0 40 32 26 15 9 122
1080.0 39 32 25 16 9 121
1085.0 33 31 27 17 9 117
1090.0 33 31 25 17 10 116
1095.0 26 27 22 20 8 103
1100.0 27 31 24 21 8 111
1105.0 29 34 24 20 7 114
1110.0 29 35 27 21 7 119
1115.0 26 35 30 22 6 119
1120.0 31 35 32 20 6 124
1125.0 29 36 33 19 5 122
1130.0 31 38 35 16 6 126
1135.0 30 34 38 15 8 125
1140.0 25 34 34 18 7 118
1145.0 25 29 32 16 7 109
1150.0 28 31 33 15 9 116
1155.0 25 30 35 17 9 116
1160.0 22 28 39 18 9 116
1165.0 21 26 37 18 8 110
1170.0 23 24 36 16 11 110
1175.0 25 26 37 18 11 117
1180.0 27 26 33 18 11 115
1185.0 26 25 35 20 11 117
1190.0 29 24 42 15 11 121
1195.0 27 24 42 17 10 120
1200.0 26 24 33 16 10 109
1205.0 27 26 28 13 10 104
1210.0 30 21 29 13 10 103
1215.0 27 20 28 14 10 99
1220.0 21 20 29 17 7 94
1225.0 16 16 25 16 7 80
1230.0 16 13 25 17 6 77
1235.0 12 12 25 16 5 70
1240.0 10 12 20 15 7 64
1245.0 13 12 20 10 6 61
1250.0 11 15 18 8 4 56
1255.0 10 15 14 8 3 50
1260.0 6 13 14 9 4 46
1265.0 5 11 12 7 5 40
1270.0 5 12 12 7 5 41
1275.0 4 11 11 6 4 36
1280.0 5 10 6 6 5 32
1285.0 4 11 4 5 4 28
1290.0 5 9 3 2 2 21
1295.0 5 11 3 3 2 24
1300.0 5 12 2 3 2 24
1305.0 6 11 2 4 1 24
1310.0 7 10 2 3 1 23
1315.0 6 10 0 3 1 20
1320.0 5 7 1 2 0 15
1325.0 4 5 1 3 1 14
1330.0 4 6 2 2 1 15
1335.0 4 5 2 2 1 14
1340.0 4 6 2 1 1 14
1345.0 3 4 3 2 0 12
1350.0 2 4 2 2 0 10
1355.0 2 4 2 2 0 10
1360.0 2 2 2 2 0 8
1365.0 3 2 2 2 0 9
1370.0 1 1 2 0 0 4
1375.0 0 1 2 0 0 3
1380.0 0 2 2 0 0 4
1385.0 1 2 0 0 0 3
1390.0 1 1 0 0 0 2
1395.0 1 1 0 0 0 2
1400.0 1 1 0 0 1 3
1405.0 1 1 0 0 1 3
1410.0 2 1 0 0 1 4
1415.0 1 1 0 0 0 2
1420.0 1 1 0 0 0 2
1425.0 1 1 0 0 0 2
1430.0 1 1 0 0 0 2
1435.0 0 0 1 0 0 1
