5.0 0 0 0 0 0 0
10.0 0 0 0 0 0 0
15.0 0 0 0 0 0 0
20.0 0 0 0 0 0 0
25.0 0 0 0 0 0 0
30.0 0 0 0 0 0 0
35.0 0 0 0 0 0 0
40.0 0 0 0 0 0 0
45.0 0 0 0 0 0 0
50.0 0 0 0 0 0 0
55.0 0 0 0 0 0 0
60.0 0 0 0 0 0 0
65.0 0 0 0 0 0 0
70.0 0 0 0 0 0 0
75.0 0 0 0 0 0 0
80.0 0 0 0 0 0 0
85.0 0 0 0 0 0 0
90.0 0 0 0 0 0 0
95.0 0 0 0 0 0 0
100.0 0 0 0 0 0 0
105.0 0 0 0 0 0 0
110.0 0 0 0 0 0 0
115.0 0 0 0 0 0 0
120.0 0 0 0 0 0 0
125.0 0 0 0 0 0 0
130.0 0 0 0 0 0 0
135.0 0 0 0 0 0 0
140.0 0 0 0 0 0 0
145.0 0 0 0 0 0 0
150.0 0 0 0 0 0 0
155.0 0 0 0 0 0 0
160.0 0 0 0 0 0 0
165.0 0 0 0 0 0 0
170.0 0 0 0 0 0 0
175.0 0 0 0 0 0 0
180.0 0 0 0 0 0 0
185.0 0 0 0 0 0 0
190.0 0 0 0 0 0 0
195.0 0 0 0 0 0 0
200.0 0 0 0 0 0 0
205.0 0 0 0 0 0 0
210.0 0 0 0 0 0 0
215.0 0 0 0 1 0 1
220.0 0 0 0 1 0 1
225.0 0 0 0 1 0 1
230.0 0 0 0 1 0 1
235.0 0 0 0 1 0 1
240.0 0 0 0 1 0 1
245.0 0 0 0 1 0 1
250.0 0 0 0 1 0 1
255.0 0 0 0 0 0 0
260.0 0 0 0 0 0 0
265.0 0 0 0 0 0 0
270.0 0 0 0 0 0 0
275.0 1 0 0 0 0 1
280.0 1 0 0 0 0 1
285.0 1 0 0 0 0 1
290.0 1 0 0 0 0 1
295.0 1 0 0 0 0 1
300.0 1 0 0 0 0 1
305.0 1 0 0 0 0 1
310.0 1 0 0 0 0 1
315.0 1 1 0 0 0 2
320.0 1 1 0 0 0 2
325.0 0 1 1 0 0 2
330.0 0 1 1 0 0 2
335.0 0 1 1 0 0 2
340.0 0 2 1 0 0 3
345.0 0 2 1 0 0 3
350.0 0 2 2 0 1 5
355.0 0 1 3 0 1 5
360.0 0 1 3 0 1 5
365.0 1 2 4 0 1 8
370.0 1 3 4 1 1 10
375.0 1 2 7 1 1 12
380.0 1 2 6 1 1 11
385.0 1 2 7 1 1 12
390.0 1 2 7 1 1 12
395.0 2 3 5 0 1 11
400.0 2 3 4 1 1 11
405.0 2 9 5 2 1 19
410.0 2 9 6 1 3 21
415.0 5 9 8 1 3 26
420.0 7 9 8 1 3 28
425.0 6 10 7 0 3 26
430.0 6 10 6 1 3 26
435.0 6 12 7 2 3 30
440.0 7 12 11 4 3 37
445.0 6 14 13 4 4 41
450.0 7 12 14 4 6 43
455.0 9 11 17 5 7 49
460.0 10 11 17 7 8 53
465.0 11 9 24 9 8 61
470.0 14 10 26 9 8 67
475.0 19 13 26 9 7 74
480.0 20 16 25 11 8 80
485.0 19 19 25 11 8 82
490.0 20 20 24 14 8 86
495.0 19 23 23 16 8 89
500.0 24 24 24 15 8 95
505.0 26 23 30 17 8 104
510.0 31 30 32 17 7 117
515.0 32 30 31 18 7 118
520.0 36 34 29 17 9 125
525.0 35 32 25 18 9 119
530.0 41 33 24 17 9 124
535.0 42 32 27 22 12 135
540.0 40 32 34 26 13 145
545.0 39 33 41 26 18 157
550.0 38 34 46 23 18 159
555.0 39 34 46 21 17 157
560.0 40 42 55 27 16 180
565.0 42 46 55 27 15 185
570.0 45 42 57 28 15 187
575.0 45 42 59 27 15 188
580.0 44 41 65 27 18 195
585.0 40 37 67 27 20 191
590.0 42 44 68 29 20 203
595.0 41 52 67 27 23 210
600.0 48 53 67 28 25 221
605.0 46 53 74 29 26 228
610.0 48 57 78 28 29 240
615.0 48 60 81 29 34 252
620.0 50 66 82 27 30 255
625.0 48 62 83 29 29 251
630.0 50 62 88 30 30 260
635.0 54 57 86 36 31 264
640.0 53 58 83 31 32 257
645.0 55 57 84 30 32 258
650.0 50 54 74 34 27 239
655.0 46 55 75 35 28 239
660.0 45 58 72 30 29 234
665.0 38 52 69 34 30 223
670.0 41 55 63 32 30 221
675.0 43 56 62 33 30 224
680.0 42 52 58 34 29 215
685.0 46 46 57 33 27 209
690.0 46 39 62 32 27 206
695.0 46 37 59 33 26 201
700.0 49 37 61 32 27 206
705.0 44 36 58 37 27 202
710.0 47 34 56 32 25 194
715.0 46 39 59 29 26 199
720.0 39 44 65 29 24 201
725.0 37 47 65 27 23 199
730.0 40 48 63 26 23 200
735.0 40 50 60 26 23 199
740.0 39 52 51 23 24 189
745.0 43 47 47 20 25 182
750.0 43 46 43 25 28 185
755.0 43 43 41 27 26 180
760.0 44 37 48 26 25 180
765.0 39 36 46 22 25 168
770.0 38 41 45 19 24 167
775.0 34 41 45 20 24 164
780.0 29 43 44 24 23 163
785.0 26 46 47 23 22 164
790.0 23 44 50 23 24 164
795.0 25 42 53 23 28 171
800.0 28 39 52 23 28 170
805.0 28 38 50 25 32 173
810.0 30 41 47 26 30 174
815.0 39 43 46 20 32 180
820.0 35 43 46 27 27 178
825.0 39 42 47 24 27 179
830.0 37 43 48 22 31 181
835.0 36 45 49 25 31 186
840.0 38 45 50 25 30 188
845.0 34 45 57 24 28 188
850.0 38 47 49 28 26 188
855.0 42 47 52 26 24 191
860.0 37 49 54 31 24 195
865.0 43 47 54 28 26 198
870.0 41 46 54 27 26 194
875.0 41 45 55 26 25 192
880.0 39 44 59 26 24 192
885.0 44 50 54 22 24 194
890.0 41 53 59 25 27 205
895.0 40 55 55 26 28 204
900.0 39 55 52 27 27 200
905.0 39 57 55 29 27 207
910.0 38 56 52 25 25 196
915.0 45 52 51 24 23 195
920.0 49 53 54 22 25 203
925.0 47 54 51 20 25 197
930.0 47 56 50 21 25 199
935.0 45 60 53 20 26 204
940.0 46 57 60 17 28 208
945.0 44 56 62 18 29 209
950.0 48 57 68 22 27 222
955.0 47 56 69 23 28 223
960.0 46 54 68 26 27 221
965.0 47 52 65 27 29 220
970.0 46 55 63 28 29 221
975.0 47 56 63 25 31 222
980.0 50 61 64 21 29 225
985.0 58 57 59 19 29 222
990.0 59 59 58 19 29 224
995.0 54 61 69 17 30 231
1000.0 42 59 75 23 26 225
1005.0 43 56 71 26 24 220
1010.0 43 48 70 27 23 211
1015.0 40 49 70 34 23 216
1020.0 39 54 67 34 23 217
1025.0 41 47 64 36 21 209
1030.0 41 43 71 35 22 212
1035.0 38 46 72 36 22 214
1040.0 35 44 77 34 26 216
1045.0 40 47 72 37 29 225
1050.0 45 45 68 37 32 227
1055.0 51 44 69 30 32 226
1060.0 55 38 66 32 33 224
1065.0 60 46 61 32 29 228
1070.0 63 53 67 36 27 246
1075.0 61 55 75 36 22 249
1080.0 64 58 76 37 20 255
1085.0 59 59 80 38 19 255
1090.0 62 60 80 38 19 259
1095.0 58 60 83 38 21 260
1100.0 56 53 78 41 20 248
1105.0 55 56 76 36 20 243
1110.0 55 62 76 34 19 246
1115.0 56 61 78 34 21 250
1120.0 54 61 77 38 23 253
1125.0 52 61 73 40 23 249
1130.0 53 58 74 36 19 240
1135.0 54 62 67 31 17 231
1140.0 57 54 70 33 17 231
1145.0 61 56 74 31 19 241
1150.0 52 56 79 30 22 239
1155.0 50 64 76 29 22 241
1160.0 47 62 69 31 19 228
1165.0 45 53 70 32 17 217
1170.0 49 52 65 33 18 217
1175.0 53 52 62 33 16 216
1180.0 55 47 58 28 19 207
1185.0 56 47 52 27 20 202
1190.0 56 43 50 26 22 197
1195.0 60 46 45 25 22 198
1200.0 62 46 49 21 23 201
1205.0 62 47 51 20 22 202
1210.0 56 41 49 17 21 184
1215.0 51 33 40 22 23 169
1220.0 51 36 36 20 23 166
1225.0 47 29 32 22 22 152
1230.0 39 26 32 21 22 140
1235.0 32 27 22 21 22 124
1240.0 27 27 20 21 19 114
1245.0 27 28 21 24 19 119
1250.0 26 28 20 21 18 113
1255.0 26 26 18 16 14 100
1260.0 20 22 21 13 12 88
1265.0 18 18 20 12 12 80
1270.0 20 17 20 12 11 80
1275.0 18 20 20 10 9 77
1280.0 20 19 16 10 9 74
1285.0 20 21 13 11 9 74
1290.0 17 20 11 10 9 67
1295.0 18 22 10 11 8 69
1300.0 14 20 7 8 6 55
1305.0 13 19 8 7 7 54
1310.0 7 18 9 5 6 45
1315.0 5 13 9 6 6 39
1320.0 3 11 8 6 5 33
1325.0 3 8 9 7 5 32
1330.0 3 7 11 5 4 30
1335.0 4 5 9 5 4 27
1340.0 3 6 9 3 5 26
1345.0 3 3 8 1 5 20
1350.0 3 1 7 1 4 16
1355.0 3 2 6 1 4 16
1360.0 3 2 6 1 4 16
1365.0 4 2 7 0 3 16
1370.0 3 2 6 0 3 14
1375.0 2 1 4 0 3 10
1380.0 2 1 4 0 3 10
1385.0 2 1 3 0 2 8
1390.0 3 2 2 1 1 9
1395.0 2 1 2 1 1 7
1400.0 2 1 1 0 0 4
1405.0 2 1 1 0 0 4
1410.0 2 1 1 0 0 4
1415.0 1 1 1 0 0 3
1420.0 0 0 1 0 0 1
1425.0 0 0 1 1 0 2
1430.0 0 0 1 1 0 2
1435.0 0 0 1 1 0 2
