5.0 0 0 0 0 0 0
10.0 0 0 0 0 0 0
15.0 0 0 0 0 0 0
20.0 0 0 0 0 0 0
25.0 0 0 0 0 0 0
30.0 0 0 0 0 0 0
35.0 0 0 0 0 0 0
40.0 0 0 0 0 0 0
45.0 0 0 0 0 0 0
50.0 0 0 0 0 0 0
55.0 0 0 0 0 0 0
60.0 0 0 0 0 0 0
65.0 0 0 0 0 0 0
70.0 0 0 0 0 0 0
75.0 0 0 0 0 0 0
80.0 0 0 0 0 0 0
85.0 0 0 0 0 0 0
90.0 0 0 0 0 0 0
95.0 0 0 0 0 0 0
100.0 0 0 0 0 0 0
105.0 0 0 0 0 0 0
110.0 0 0 0 0 0 0
115.0 0 0 0 0 0 0
120.0 0 0 0 0 0 0
125.0 0 0 0 0 0 0
130.0 0 0 0 0 0 0
135.0 0 0 0 0 0 0
140.0 0 0 0 0 0 0
145.0 0 0 0 0 0 0
150.0 0 0 0 0 0 0
155.0 0 0 0 0 0 0
160.0 0 0 0 0 0 0
165.0 0 0 0 0 0 0
170.0 0 0 0 0 0 0
175.0 0 0 0 0 0 0
180.0 0 0 0 0 0 0
185.0 0 0 0 0 0 0
190.0 0 0 0 0 0 0
195.0 0 0 0 0 0 0
200.0 0 0 0 0 0 0
205.0 0 0 0 0 0 0
210.0 0 0 0 0 0 0
215.0 0 0 0 0 0 0
220.0 0 0 0 0 0 0
225.0 0 0 0 0 0 0
230.0 0 0 0 0 0 0
235.0 0 0 0 0 0 0
240.0 0 0 0 0 0 0
245.0 0 0 0 0 0 0
250.0 0 0 0 0 0 0
255.0 0 0 0 0 0 0
260.0 0 0 0 0 0 0
265.0 0 0 0 0 0 0
270.0 0 0 0 0 0 0
275.0 0 0 0 0 0 0
280.0 0 0 0 0 0 0
285.0 0 0 0 0 0 0
290.0 0 0 0 0 0 0
295.0 0 1 0 0 0 1
300.0 0 1 0 0 0 1
305.0 0 1 0 0 0 1
310.0 0 1 0 0 0 1
315.0 0 1 0 0 0 1
320.0 1 1 0 0 0 2
325.0 1 2 0 0 0 3
330.0 1 2 0 0 0 3
335.0 1 2 0 0 0 3
340.0 1 2 0 0 0 3
345.0 1 3 0 0 1 5
350.0 1 3 0 0 1 5
355.0 2 3 1 0 1 7
360.0 1 3 2 0 1 7
365.0 1 3 3 0 1 8
370.0 2 3 3 0 1 9
375.0 2 4 3 0 1 10
380.0 4 3 4 0 1 12
385.0 4 2 5 1 1 13
390.0 6 2 4 1 1 14
395.0 6 3 3 3 1 16
400.0 5 3 4 4 1 17
405.0 5 3 6 4 1 19
410.0 7 3 8 3 1 22
415.0 7 5 9 5 2 28
420.0 6 6 9 7 2 30
425.0 6 7 10 7 2 32
430.0 8 9 9 7 3 36
435.0 10 11 9 6 4 40
440.0 10 14 10 6 4 44
445.0 13 13 9 8 4 47
450.0 15 14 11 9 7 56
455.0 15 11 18 10 7 61
460.0 17 8 19 12 7 63
465.0 15 8 19 12 7 61
470.0 20 8 20 13 7 68
475.0 19 11 24 16 6 76
480.0 20 12 28 14 6 80
485.0 24 13 30 12 6 85
490.0 27 16 30 12 7 92
495.0 26 21 30 12 7 96
500.0 24 24 31 10 8 97
505.0 26 24 29 15 9 103
510.0 26 26 30 15 9 106
515.0 32 29 33 12 10 116
520.0 32 29 34 15 9 119
525.0 37 35 33 15 10 130
530.0 33 34 33 19 11 130
535.0 32 39 39 19 11 140
540.0 35 40 47 20 12 154
545.0 33 45 53 22 11 164
550.0 38 43 52 23 13 169
555.0 40 44 51 25 15 175
560.0 43 49 48 23 17 180
565.0 48 50 51 23 13 185
570.0 49 58 47 19 16 189
575.0 51 59 47 24 18 199
580.0 54 60 48 24 18 204
585.0 60 53 51 24 18 206
590.0 61 50 58 28 20 217
595.0 62 48 57 23 20 210
600.0 63 49 54 24 19 209
605.0 61 49 56 25 19 210
610.0 53 49 61 24 20 207
615.0 51 50 66 26 20 213
620.0 47 47 73 26 20 213
625.0 51 51 66 26 20 214
630.0 48 48 63 29 17 205
635.0 48 51 56 32 17 204
640.0 48 55 51 36 20 210
645.0 47 55 54 34 21 211
650.0 47 55 50 32 19 203
655.0 49 52 54 30 16 201
660.0 51 51 57 28 15 202
665.0 52 52 63 26 15 208
670.0 58 51 58 26 17 210
675.0 49 50 66 33 16 214
680.0 52 48 63 29 16 208
685.0 53 52 60 27 16 208
690.0 55 52 61 28 15 211
695.0 56 52 64 24 17 213
700.0 43 52 67 28 18 208
705.0 38 51 55 25 19 188
710.0 40 53 53 21 19 186
715.0 38 52 55 18 19 182
720.0 38 48 48 22 21 177
725.0 42 47 49 19 21 178
730.0 42 47 46 23 22 180
735.0 47 50 44 21 20 182
740.0 43 44 49 20 19 175
745.0 43 42 46 16 22 169
750.0 39 41 45 13 22 160
755.0 36 40 45 14 20 155
760.0 35 41 40 17 16 149
765.0 36 34 32 18 16 136
770.0 40 35 34 18 15 142
775.0 42 38 29 19 17 145
780.0 38 38 34 20 18 148
785.0 34 36 36 24 19 149
790.0 34 38 37 26 18 153
795.0 31 38 37 29 18 153
800.0 33 35 36 26 21 151
805.0 36 33 37 22 20 148
810.0 37 36 35 21 21 150
815.0 39 36 42 16 21 154
820.0 37 45 38 16 21 157
825.0 34 54 43 16 21 168
830.0 34 52 43 18 21 168
835.0 35 45 48 20 23 171
840.0 37 45 48 17 23 170
845.0 35 38 48 19 22 162
850.0 36 38 47 22 24 167
855.0 31 47 43 29 24 174
860.0 29 47 42 26 24 168
865.0 30 46 44 28 24 172
870.0 33 48 50 27 26 184
875.0 33 43 51 28 25 180
880.0 34 41 54 29 25 183
885.0 33 45 56 28 25 187
890.0 37 44 59 27 22 189
895.0 40 42 52 24 25 183
900.0 38 48 50 21 27 184
905.0 44 50 46 21 23 184
910.0 47 49 50 20 27 193
915.0 42 52 53 21 26 194
920.0 39 51 60 22 24 196
925.0 34 54 63 27 26 204
930.0 33 54 61 25 30 203
935.0 34 58 58 23 29 202
940.0 37 51 51 26 31 196
945.0 43 49 47 23 30 192
950.0 44 42 54 23 29 192
955.0 38 48 52 23 28 189
960.0 37 54 53 22 29 195
965.0 37 55 50 20 27 189
970.0 40 55 54 22 25 196
975.0 42 57 60 23 24 206
980.0 39 54 58 29 24 204
985.0 42 52 53 32 23 202
990.0 37 54 53 32 24 200
995.0 40 58 55 33 22 208
1000.0 43 54 53 33 22 205
1005.0 43 52 55 32 22 204
1010.0 44 55 59 33 21 212
1015.0 39 62 57 34 21 213
1020.0 43 72 61 36 21 233
1025.0 43 69 57 34 23 226
1030.0 52 60 53 34 24 223
1035.0 48 58 57 33 21 217
1040.0 50 55 64 30 20 219
1045.0 57 61 63 26 19 226
1050.0 53 56 62 22 21 214
1055.0 52 56 66 23 19 216
1060.0 53 63 67 22 19 224
1065.0 58 58 69 25 19 229
1070.0 54 60 70 27 21 232
1075.0 52 57 72 29 22 232
1080.0 50 61 71 29 22 233
1085.0 49 58 71 31 22 231
1090.0 48 55 77 30 23 233
1095.0 48 54 66 34 23 225
1100.0 44 60 67 40 23 234
1105.0 45 62 68 37 23 235
1110.0 47 64 73 34 26 244
1115.0 46 65 69 37 26 243
1120.0 48 63 68 30 25 234
1125.0 51 59 68 32 25 235
1130.0 53 57 71 28 24 233
1135.0 50 57 71 28 26 232
1140.0 52 59 67 22 25 225
1145.0 48 59 69 28 25 229
1150.0 51 56 67 29 27 230
1155.0 51 65 68 30 28 242
1160.0 52 60 71 30 24 237
1165.0 54 56 65 29 27 231
1170.0 54 58 69 31 29 241
1175.0 54 56 64 23 26 223
1180.0 50 55 60 23 27 215
1185.0 52 53 61 27 26 219
1190.0 52 53 61 28 26 220
1195.0 48 45 62 28 25 208
1200.0 46 43 59 32 22 202
1205.0 42 46 61 32 21 202
1210.0 41 38 64 29 17 189
1215.0 44 40 62 27 17 190
1220.0 41 37 64 27 15 184
1225.0 35 39 57 29 15 175
1230.0 27 38 60 29 14 168
1235.0 27 35 56 25 13 156
1240.0 26 34 58 20 13 151
1245.0 20 31 52 17 9 129
1250.0 19 28 40 19 9 115
1255.0 21 27 38 15 6 107
1260.0 25 23 35 11 6 100
1265.0 26 19 32 14 6 97
1270.0 21 19 30 12 6 88
1275.0 19 17 30 11 4 81
1280.0 21 16 29 10 3 79
1285.0 13 14 26 9 3 65
1290.0 13 13 24 7 3 60
1295.0 12 13 21 7 3 56
1300.0 11 12 18 6 3 50
1305.0 10 10 15 10 3 48
1310.0 8 10 15 8 4 45
1315.0 7 8 13 7 3 38
1320.0 4 9 12 6 1 32
1325.0 3 8 13 6 1 31
1330.0 4 9 8 3 1 25
1335.0 5 7 6 3 1 22
1340.0 5 4 7 3 2 21
1345.0 4 3 5 4 3 19
1350.0 2 2 2 4 2 12
1355.0 1 2 2 3 2 10
1360.0 1 2 2 2 2 9
1365.0 1 2 2 2 1 8
1370.0 1 2 2 2 1 8
1375.0 2 3 1 1 1 8
1380.0 1 3 2 1 1 8
1385.0 1 3 2 0 1 7
1390.0 1 3 2 0 1 7
1395.0 1 2 2 0 1 6
1400.0 0 2 1 0 1 4
1405.0 0 0 1 0 1 2
1410.0 0 0 0 0 1 1
1415.0 0 0 0 0 0 0
1420.0 0 0 0 0 0 0
1425.0 0 0 0 0 0 0
1430.0 0 0 0 0 0 0
1435.0 0 0 0 0 0 0
