5.0 0 0 0 0 0 0
10.0 0 0 0 0 0 0
15.0 0 0 0 0 0 0
20.0 0 0 0 0 0 0
25.0 0 0 0 0 0 0
30.0 0 0 0 0 0 0
35.0 0 0 0 0 0 0
40.0 0 0 0 0 0 0
45.0 0 0 0 0 0 0
50.0 0 0 0 0 0 0
55.0 0 0 0 0 0 0
60.0 0 0 0 0 0 0
65.0 0 0 0 0 0 0
70.0 0 0 0 0 0 0
75.0 0 0 0 0 0 0
80.0 0 0 0 0 0 0
85.0 0 0 0 0 0 0
90.0 0 0 0 0 0 0
95.0 0 0 0 0 0 0
100.0 0 0 0 0 0 0
105.0 0 0 0 0 0 0
110.0 0 0 0 0 0 0
115.0 0 0 0 0 0 0
120.0 0 0 0 0 0 0
125.0 0 0 0 0 0 0
130.0 0 0 0 0 0 0
135.0 0 0 0 0 0 0
140.0 0 0 0 0 0 0
145.0 0 0 0 0 0 0
150.0 0 0 0 0 0 0
155.0 0 0 0 0 0 0
160.0 0 0 0 0 0 0
165.0 0 0 0 0 0 0
170.0 0 0 0 0 0 0
175.0 0 0 0 0 0 0
180.0 0 0 0 0 0 0
185.0 0 0 0 0 0 0
190.0 0 0 0 0 0 0
195.0 0 0 0 0 0 0
200.0 0 0 0 0 0 0
205.0 0 0 0 0 0 0
210.0 0 0 0 0 0 0
215.0 0 0 0 0 0 0
220.0 0 0 0 0 0 0
225.0 0 0 0 0 0 0
230.0 0 0 0 0 0 0
235.0 0 0 0 0 0 0
240.0 0 0 0 0 0 0
245.0 0 0 1 0 0 1
250.0 0 0 1 0 0 1
255.0 0 0 1 0 0 1
260.0 0 0 1 0 0 1
265.0 0 0 2 0 0 2
270.0 1 0 2 0 1 4
275.0 1 0 3 0 1 5
280.0 1 0 3 0 1 5
285.0 1 0 3 0 1 5
290.0 1 0 3 0 1 5
295.0 1 0 3 0 1 5
300.0 1 1 2 2 1 7
305.0 1 1 3 2 0 7
310.0 0 2 3 2 0 7
315.0 0 2 4 2 0 8
320.0 0 3 4 2 0 9
325.0 0 3 2 3 0 8
330.0 0 4 2 3 0 9
335.0 0 5 1 3 1 10
340.0 0 6 1 3 1 11
345.0 1 9 3 3 1 17
350.0 1 11 3 3 1 19
355.0 2 10 4 2 1 19
360.0 2 14 3 2 1 22
365.0 2 14 6 3 1 26
370.0 5 13 9 2 1 30
375.0 6 14 9 1 1 31
380.0 6 15 10 1 1 33
385.0 11 14 11 4 1 41
390.0 13 16 12 5 1 47
395.0 18 15 13 8 1 55
400.0 20 14 16 7 3 60
405.0 20 16 24 6 3 69
410.0 22 17 25 7 3 74
415.0 22 19 23 7 4 75
420.0 21 23 25 8 4 81
425.0 22 23 29 9 3 86
430.0 25 28 29 12 3 97
435.0 26 31 31 11 4 103
440.0 28 34 30 13 4 109
445.0 29 38 34 13 5 119
450.0 29 37 42 13 5 126
455.0 29 39 45 17 5 135
460.0 33 46 43 22 7 151
465.0 34 49 46 24 6 159
470.0 36 50 48 27 10 171
475.0 41 51 52 35 11 190
480.0 41 55 53 33 13 195
485.0 46 61 57 34 14 212
490.0 49 63 65 37 18 232
495.0 53 70 69 38 19 249
500.0 51 75 69 37 20 252
505.0 62 81 72 36 18 269
510.0 65 87 71 40 17 280
515.0 71 87 78 35 20 291
520.0 74 87 81 37 19 298
525.0 76 85 86 42 18 307
530.0 84 84 90 46 18 322
535.0 90 87 108 46 20 351
540.0 100 85 113 46 25 369
545.0 105 85 116 43 24 373
550.0 106 93 132 52 25 408
555.0 110 99 140 56 26 431
560.0 105 101 154 65 30 455
565.0 103 107 158 71 33 472
570.0 110 107 160 62 35 474
575.0 97 106 157 60 36 456
580.0 102 112 149 65 40 468
585.0 117 119 153 65 41 495
590.0 125 122 160 64 41 512
595.0 127 122 159 66 41 515
600.0 127 124 154 67 42 514
605.0 121 117 155 71 43 507
610.0 116 118 159 74 40 507
615.0 111 113 162 79 42 507
620.0 114 130 162 80 44 530
625.0 118 135 158 80 46 537
630.0 120 145 154 77 48 544
635.0 116 152 150 74 44 536
640.0 115 144 161 76 46 542
645.0 116 141 163 76 45 541
650.0 121 137 163 79 47 547
655.0 125 125 180 85 49 564
660.0 131 124 179 77 54 565
665.0 133 123 188 80 58 582
670.0 130 121 182 78 56 567
675.0 125 120 171 77 59 552
680.0 131 125 166 72 59 553
685.0 129 122 160 72 59 542
690.0 118 116 148 69 58 509
695.0 122 115 138 64 58 497
700.0 116 125 143 64 60 508
705.0 112 124 160 60 58 514
710.0 111 115 155 53 60 494
715.0 108 113 146 48 55 470
720.0 93 116 141 52 56 458
725.0 89 113 139 53 55 449
730.0 87 115 138 44 52 436
735.0 90 116 140 50 53 449
740.0 95 118 127 46 55 441
745.0 87 116 120 53 55 431
750.0 94 110 126 61 54 445
755.0 86 104 116 64 55 425
760.0 87 102 116 57 52 414
765.0 97 100 106 51 50 404
770.0 103 98 102 55 52 410
775.0 101 94 107 51 54 407
780.0 105 96 116 49 52 418
785.0 101 98 114 48 54 415
790.0 104 103 119 49 54 429
795.0 112 109 108 50 53 432
800.0 110 107 113 54 52 436
805.0 109 99 116 54 50 428
810.0 111 98 115 58 46 428
815.0 108 111 105 56 43 423
820.0 104 108 106 55 43 416
825.0 105 109 111 50 38 413
830.0 104 113 107 57 37 418
835.0 99 106 119 56 39 419
840.0 92 116 127 59 42 436
845.0 85 122 125 66 38 436
850.0 87 125 133 68 38 451
855.0 85 130 139 67 35 456
860.0 91 124 138 68 35 456
865.0 94 122 139 69 38 462
870.0 108 121 131 73 38 471
875.0 106 119 141 70 38 474
880.0 109 117 146 69 40 481
885.0 113 118 147 68 40 486
890.0 112 115 154 71 44 496
895.0 116 125 150 66 41 498
900.0 122 128 160 61 43 514
905.0 121 118 156 67 43 505
910.0 124 123 162 67 43 519
915.0 123 118 162 68 46 517
920.0 124 127 166 66 50 533
925.0 119 127 160 65 51 522
930.0 115 132 177 65 52 541
935.0 116 122 174 67 48 527
940.0 117 122 178 66 51 534
945.0 115 130 175 64 54 538
950.0 116 127 172 69 51 535
955.0 118 128 172 66 52 536
960.0 116 132 170 60 52 530
965.0 123 137 167 63 53 543
970.0 123 146 164 62 49 544
975.0 117 145 168 57 48 535
980.0 113 139 169 55 53 529
985.0 110 145 158 60 54 527
990.0 110 144 169 60 60 543
995.0 121 133 163 64 64 545
1000.0 127 134 162 60 65 548
1005.0 120 130 167 64 69 550
1010.0 117 129 167 65 67 545
1015.0 120 129 166 66 63 544
1020.0 122 129 160 75 62 548
1025.0 136 127 150 73 62 548
1030.0 131 128 147 68 58 532
1035.0 130 125 140 71 60 526
1040.0 134 122 149 68 64 537
1045.0 132 131 161 70 62 556
1050.0 131 138 157 78 62 566
1055.0 136 133 155 84 64 572
1060.0 133 132 170 87 65 587
1065.0 119 139 168 88 67 581
1070.0 124 146 176 85 63 594
1075.0 126 146 180 88 64 604
1080.0 133 152 173 80 63 601
1085.0 128 141 172 79 70 590
1090.0 136 144 184 72 68 604
1095.0 145 147 190 74 68 624
1100.0 150 151 188 71 65 625
1105.0 160 151 188 72 65 636
1110.0 160 147 189 69 65 630
1115.0 151 142 189 78 61 621
1120.0 147 153 194 75 58 627
1125.0 152 142 186 73 54 607
1130.0 156 141 183 70 52 602
1135.0 153 150 182 66 50 601
1140.0 143 150 167 68 51 579
1145.0 136 161 169 75 52 593
1150.0 137 153 164 71 59 584
1155.0 135 161 165 71 62 594
1160.0 123 152 168 75 66 584
1165.0 126 141 164 75 70 576
1170.0 117 140 157 79 68 561
1175.0 117 143 153 80 68 561
1180.0 116 129 160 77 68 550
1185.0 119 123 149 73 70 534
1190.0 118 122 153 73 70 536
1195.0 108 117 144 75 70 514
1200.0 98 114 131 71 67 481
1205.0 92 120 120 75 67 474
1210.0 89 111 117 67 63 447
1215.0 89 96 123 65 61 434
1220.0 80 95 107 63 59 404
1225.0 81 89 102 60 56 388
1230.0 72 85 97 54 55 363
1235.0 74 87 91 45 55 352
1240.0 67 92 92 43 48 342
1245.0 64 83 90 42 47 326
1250.0 63 72 82 36 44 297
1255.0 57 63 92 32 41 285
1260.0 57 54 84 31 39 265
1265.0 56 58 74 29 35 252
1270.0 52 55 68 27 32 234
1275.0 44 51 60 26 30 211
1280.0 41 49 56 26 26 198
1285.0 39 43 54 23 23 182
1290.0 34 38 46 17 21 156
1295.0 28 32 42 16 19 137
1300.0 28 30 35 15 15 123
1305.0 23 26 29 12 14 104
1310.0 21 25 28 11 12 97
1315.0 15 22 28 10 10 85
1320.0 14 17 23 10 11 75
1325.0 22 15 16 7 10 70
1330.0 18 14 15 5 10 62
1335.0 17 14 18 5 11 65
1340.0 14 11 17 6 9 57
1345.0 9 8 16 5 9 47
1350.0 10 9 14 4 7 44
1355.0 13 8 10 2 8 41
1360.0 13 6 8 0 7 34
1365.0 12 5 9 1 6 33
1370.0 11 5 9 1 6 32
1375.0 9 5 9 2 4 29
1380.0 7 3 10 2 2 24
1385.0 3 3 6 1 2 15
1390.0 2 3 7 2 2 16
1395.0 2 3 7 2 2 16
1400.0 4 3 7 1 2 17
1405.0 3 0 6 1 4 14
1410.0 3 0 5 1 4 13
1415.0 3 1 3 0 3 10
1420.0 2 1 3 0 3 9
1425.0 2 1 3 0 3 9
1430.0 1 1 2 0 3 7
1435.0 1 1 2 0 3 7
