5.0 0 0 0 0 0 0
10.0 0 0 0 0 0 0
15.0 0 0 0 0 0 0
20.0 0 0 0 0 0 0
25.0 0 0 0 0 0 0
30.0 0 0 0 0 0 0
35.0 0 0 0 0 0 0
40.0 0 0 0 0 0 0
45.0 0 0 0 0 0 0
50.0 0 0 0 0 0 0
55.0 0 0 0 0 0 0
60.0 0 0 0 0 0 0
65.0 0 0 0 0 0 0
70.0 0 0 0 0 0 0
75.0 0 0 0 0 0 0
80.0 0 0 0 0 0 0
85.0 0 0 0 0 0 0
90.0 0 0 0 0 0 0
95.0 0 0 0 0 0 0
100.0 0 0 0 0 0 0
105.0 0 0 0 0 0 0
110.0 0 0 0 0 0 0
115.0 0 0 0 0 0 0
120.0 0 0 0 0 0 0
125.0 0 0 0 0 0 0
130.0 0 0 0 0 0 0
135.0 0 0 0 0 0 0
140.0 0 0 0 0 0 0
145.0 0 0 0 0 0 0
150.0 0 0 0 0 0 0
155.0 0 0 0 0 0 0
160.0 0 0 0 0 0 0
165.0 0 0 0 0 0 0
170.0 0 0 0 0 0 0
175.0 0 0 0 0 0 0
180.0 0 0 0 0 0 0
185.0 0 0 0 0 0 0
190.0 0 0 0 0 0 0
195.0 0 0 0 0 0 0
200.0 0 0 0 0 0 0
205.0 0 0 0 0 0 0
210.0 0 0 0 0 0 0
215.0 0 0 0 0 0 0
220.0 0 0 0 0 0 0
225.0 0 0 0 0 0 0
230.0 0 0 0 1 0 1
235.0 0 0 0 1 0 1
240.0 0 0 0 1 0 1
245.0 0 0 0 1 0 1
250.0 0 0 0 1 0 1
255.0 0 0 0 1 0 1
260.0 0 0 0 1 0 1
265.0 0 0 0 1 0 1
270.0 0 1 0 1 0 2
275.0 0 1 0 1 0 2
280.0 0 1 0 1 0 2
285.0 1 1 0 1 0 3
290.0 1 2 0 0 0 3
295.0 1 2 0 0 0 3
300.0 1 2 0 0 0 3
305.0 1 2 0 0 0 3
310.0 1 2 0 0 1 4
315.0 1 1 1 0 1 4
320.0 0 2 1 0 1 4
325.0 0 2 1 0 1 4
330.0 0 2 1 0 1 4
335.0 0 2 1 0 1 4
340.0 2 2 1 0 1 6
345.0 2 2 1 0 1 6
350.0 2 2 0 0 1 5
355.0 2 2 1 0 1 6
360.0 2 2 1 0 1 6
365.0 1 4 3 1 0 9
370.0 2 4 4 1 0 11
375.0 2 5 4 1 0 12
380.0 2 7 4 1 0 14
385.0 2 8 5 2 0 17
390.0 2 5 9 3 1 20
395.0 1 4 11 3 1 20
400.0 1 3 12 2 3 21
405.0 1 3 14 2 6 26
410.0 2 4 12 4 6 28
415.0 3 3 12 3 6 27
420.0 3 6 11 3 6 29
425.0 3 10 12 2 8 35
430.0 3 12 13 4 7 39
435.0 6 13 13 3 7 42
440.0 7 15 15 3 8 48
445.0 7 14 16 4 8 49
450.0 8 12 20 4 8 52
455.0 8 12 18 5 9 52
460.0 10 13 19 6 9 57
465.0 11 12 17 7 8 55
470.0 9 15 17 7 8 56
475.0 10 13 16 9 8 56
480.0 10 15 18 11 9 63
485.0 13 14 19 9 11 66
490.0 15 14 19 8 13 69
495.0 14 17 21 9 11 72
500.0 21 22 19 7 12 81
505.0 25 23 25 8 12 93
510.0 27 21 26 6 11 91
515.0 26 24 26 9 10 95
520.0 25 26 31 11 9 102
525.0 25 26 32 11 10 104
530.0 28 29 35 10 9 111
535.0 32 30 40 11 9 122
540.0 34 30 41 10 10 125
545.0 37 31 39 13 11 131
550.0 37 29 39 17 10 132
555.0 38 32 40 20 10 140
560.0 38 34 42 23 10 147
565.0 41 29 48 27 11 156
570.0 35 30 53 28 15 161
575.0 35 30 53 31 16 165
580.0 35 34 53 28 17 167
585.0 36 34 52 27 18 167
590.0 38 38 52 26 15 169
595.0 41 37 52 25 15 170
600.0 40 42 59 23 14 178
605.0 36 47 59 24 15 181
610.0 40 47 55 22 17 181
615.0 41 41 59 24 19 184
620.0 44 39 63 24 20 190
625.0 40 38 65 27 22 192
630.0 39 36 67 26 25 193
635.0 38 32 73 25 26 194
640.0 41 37 74 20 24 196
645.0 39 39 72 17 25 192
650.0 39 39 68 16 23 185
655.0 45 41 61 20 21 188
660.0 45 43 54 22 21 185
665.0 36 44 54 25 20 179
670.0 35 44 49 25 18 171
675.0 35 40 52 30 16 173
680.0 39 44 54 27 17 181
685.0 39 43 55 26 18 181
690.0 43 45 50 20 20 178
695.0 42 52 49 21 17 181
700.0 42 48 44 24 15 173
705.0 39 45 36 25 16 161
710.0 41 44 34 28 15 162
715.0 45 45 36 30 12 168
720.0 45 43 36 30 12 166
725.0 40 42 34 29 12 157
730.0 45 42 29 29 12 157
735.0 40 39 30 27 12 148
740.0 33 38 27 29 12 139
745.0 36 38 30 29 13 146
750.0 33 42 29 27 13 144
755.0 35 41 31 27 12 146
760.0 34 36 31 23 14 138
765.0 30 38 31 25 16 140
770.0 27 37 35 26 13 138
775.0 29 36 36 21 14 136
780.0 26 35 40 22 14 137
785.0 29 29 42 21 11 132
790.0 31 33 40 23 12 139
795.0 31 34 40 21 14 140
800.0 33 37 42 18 14 144
805.0 30 41 40 18 16 145
810.0 31 41 37 17 17 143
815.0 29 41 42 18 17 147
820.0 31 40 39 20 17 147
825.0 33 37 36 21 15 142
830.0 35 38 35 21 15 144
835.0 37 39 32 21 14 143
840.0 38 37 35 22 17 149
845.0 34 37 33 21 17 142
850.0 36 36 38 21 19 150
855.0 35 35 40 26 19 155
860.0 34 33 43 24 20 154
865.0 32 35 49 23 22 161
870.0 30 32 46 22 23 153
875.0 32 36 46 22 22 158
880.0 36 36 48 21 21 162
885.0 36 36 45 24 24 165
890.0 36 34 47 24 22 163
895.0 32 36 51 27 21 167
900.0 25 36 59 28 22 170
905.0 19 36 61 23 21 160
910.0 18 37 60 28 20 163
915.0 19 40 58 29 20 166
920.0 21 40 50 30 19 160
925.0 21 41 52 28 20 162
930.0 26 43 50 21 23 163
935.0 27 41 53 22 25 168
940.0 26 43 51 22 24 166
945.0 32 44 51 20 21 168
950.0 36 44 52 22 23 177
955.0 40 45 50 24 26 185
960.0 42 47 51 21 27 188
965.0 42 43 51 19 31 186
970.0 42 42 54 22 31 191
975.0 44 41 53 23 31 192
980.0 41 43 53 18 33 188
985.0 45 45 53 17 29 189
990.0 42 46 51 19 29 187
995.0 40 44 56 18 28 186
1000.0 41 37 54 20 27 179
1005.0 45 39 48 22 27 181
1010.0 43 41 50 21 26 181
1015.0 41 43 46 20 27 177
1020.0 49 41 49 19 27 185
1025.0 52 39 47 18 28 184
1030.0 53 39 48 19 29 188
1035.0 48 41 50 22 29 190
1040.0 43 36 52 20 33 184
1045.0 45 46 54 23 28 196
1050.0 44 49 56 26 27 202
1055.0 38 50 55 28 28 199
1060.0 36 51 57 28 28 200
1065.0 38 49 50 29 25 191
1070.0 38 47 49 32 26 192
1075.0 38 46 46 30 29 189
1080.0 34 45 49 31 28 187
1085.0 37 46 45 29 30 187
1090.0 39 51 48 28 31 197
1095.0 39 57 50 27 32 205
1100.0 44 56 49 28 34 211
1105.0 41 55 54 28 36 214
1110.0 41 58 54 29 33 215
1115.0 38 56 61 30 33 218
1120.0 36 57 66 31 33 223
1125.0 38 56 63 31 33 221
1130.0 39 54 65 32 31 221
1135.0 49 56 60 26 31 222
1140.0 52 54 60 23 30 219
1145.0 48 53 50 23 33 207
1150.0 49 50 47 21 35 202
1155.0 53 48 51 28 34 214
1160.0 52 46 53 24 32 207
1165.0 49 47 48 25 31 200
1170.0 44 42 48 27 29 190
1175.0 48 41 44 24 28 185
1180.0 47 47 43 21 27 185
1185.0 41 50 37 21 27 176
1190.0 39 49 37 23 25 173
1195.0 40 48 39 24 24 175
1200.0 36 46 42 23 21 168
1205.0 38 47 41 22 19 167
1210.0 33 46 37 27 18 161
1215.0 31 43 36 24 17 151
1220.0 32 41 37 20 15 145
1225.0 28 38 39 15 13 133
1230.0 21 38 36 16 12 123
1235.0 20 33 36 14 11 114
1240.0 16 33 34 14 11 108
1245.0 14 29 38 13 10 104
1250.0 11 32 37 12 10 102
1255.0 13 26 32 8 11 90
1260.0 13 18 25 10 10 76
1265.0 12 23 22 9 9 75
1270.0 12 21 22 5 8 68
1275.0 14 20 20 4 5 63
1280.0 11 13 21 7 4 56
1285.0 8 14 19 7 1 49
1290.0 7 14 16 7 1 45
1295.0 8 15 11 9 2 45
1300.0 8 14 9 7 3 41
1305.0 9 9 8 5 4 35
1310.0 8 7 8 4 4 31
1315.0 1 3 8 4 4 20
1320.0 2 4 8 2 4 20
1325.0 2 4 9 2 4 21
1330.0 2 5 9 2 2 20
1335.0 2 4 8 2 2 18
1340.0 4 5 5 3 2 19
1345.0 6 2 5 4 2 19
1350.0 6 3 5 4 2 20
1355.0 5 3 4 4 2 18
1360.0 5 3 3 2 2 15
1365.0 3 3 0 2 2 10
1370.0 5 3 0 1 2 11
1375.0 6 2 1 1 2 12
1380.0 5 2 0 1 1 9
1385.0 3 2 0 1 1 7
1390.0 3 2 0 0 1 6
1395.0 2 3 0 0 1 6
1400.0 2 2 0 0 1 5
1405.0 2 2 0 0 2 6
1410.0 1 2 0 0 1 4
1415.0 0 1 0 1 1 3
1420.0 1 0 0 0 1 2
1425.0 1 1 0 0 1 3
1430.0 0 1 0 0 1 2
1435.0 0 1 0 0 1 2
