5.0 0 0 0 0 0 0
10.0 0 0 0 0 0 0
15.0 0 0 0 0 0 0
20.0 0 0 0 0 0 0
25.0 0 0 0 0 0 0
30.0 0 0 0 0 0 0
35.0 0 0 0 0 0 0
40.0 0 0 0 0 0 0
45.0 0 0 0 0 0 0
50.0 0 0 0 0 0 0
55.0 0 0 0 0 0 0
60.0 0 0 0 0 0 0
65.0 0 0 0 0 0 0
70.0 0 0 0 0 0 0
75.0 0 0 0 0 0 0
80.0 0 0 0 0 0 0
85.0 0 0 0 0 0 0
90.0 0 0 0 0 0 0
95.0 0 0 0 0 0 0
100.0 0 0 0 0 0 0
105.0 0 0 0 0 0 0
110.0 0 0 0 0 0 0
115.0 0 0 0 0 0 0
120.0 0 0 0 0 0 0
125.0 0 0 0 0 0 0
130.0 0 0 0 0 0 0
135.0 0 0 0 0 0 0
140.0 0 0 0 0 0 0
145.0 0 0 0 0 0 0
150.0 0 0 0 0 0 0
155.0 0 0 0 0 0 0
160.0 0 0 0 0 0 0
165.0 0 0 0 0 0 0
170.0 0 0 0 0 0 0
175.0 0 0 0 0 0 0
180.0 0 0 0 0 0 0
185.0 0 0 0 0 0 0
190.0 0 0 0 0 0 0
195.0 0 0 0 0 0 0
200.0 0 0 0 0 0 0
205.0 0 0 0 0 0 0
210.0 0 0 0 0 0 0
215.0 0 0 0 0 0 0
220.0 0 0 0 0 0 0
225.0 0 0 0 0 0 0
230.0 0 0 0 0 0 0
235.0 0 0 0 0 0 0
240.0 0 0 0 0 0 0
245.0 0 0 0 0 0 0
250.0 0 0 0 0 0 0
255.0 0 0 0 0 0 0
260.0 0 0 0 0 0 0
265.0 0 0 0 0 0 0
270.0 0 0 0 0 0 0
275.0 0 0 0 0 0 0
280.0 0 0 0 0 0 0
285.0 0 0 0 0 0 0
290.0 1 0 0 0 0 1
295.0 1 0 0 0 0 1
300.0 1 0 0 0 0 1
305.0 1 0 0 0 0 1
310.0 1 0 0 0 0 1
315.0 2 1 0 0 0 3
320.0 2 1 0 0 0 3
325.0 2 1 0 0 0 3
330.0 1 1 0 1 0 3
335.0 0 1 1 1 0 3
340.0 1 1 1 0 0 3
345.0 1 1 1 0 0 3
350.0 1 1 1 0 0 3
355.0 1 1 2 0 0 4
360.0 1 2 2 0 0 5
365.0 1 1 3 1 1 7
370.0 1 2 4 1 1 9
375.0 1 2 6 1 1 11
380.0 1 3 5 2 1 12
385.0 1 2 5 2 0 10
390.0 1 2 6 2 0 11
395.0 1 3 7 4 0 15
400.0 3 3 6 3 0 15
405.0 5 3 9 4 1 22
410.0 4 5 9 4 2 24
415.0 6 7 9 4 2 28
420.0 5 7 13 4 2 31
425.0 4 6 16 4 2 32
430.0 6 6 17 4 3 36
435.0 7 9 16 5 5 42
440.0 7 12 16 6 5 46
445.0 8 13 16 8 3 48
450.0 9 14 15 9 3 50
455.0 12 14 16 12 3 57
460.0 16 18 17 14 3 68
465.0 18 16 17 14 3 68
470.0 19 16 22 11 5 73
475.0 17 14 23 11 3 68
480.0 18 15 23 10 3 69
485.0 18 16 25 11 5 75
490.0 20 16 30 10 5 81
495.0 21 15 35 11 6 88
500.0 25 17 36 13 9 100
505.0 28 20 41 15 11 115
510.0 28 23 41 14 12 118
515.0 31 26 39 13 12 121
520.0 36 27 41 12 15 131
525.0 37 26 40 16 15 134
530.0 34 26 41 18 15 134
535.0 36 31 41 17 16 141
540.0 38 32 45 16 17 148
545.0 38 38 46 14 17 153
550.0 39 40 45 17 13 154
555.0 41 45 46 18 13 163
560.0 36 47 49 21 14 167
565.0 33 51 52 23 15 174
570.0 39 52 56 22 15 184
575.0 44 51 52 20 14 181
580.0 37 48 56 22 14 177
585.0 37 54 61 19 13 184
590.0 35 54 65 22 13 189
595.0 37 55 69 25 12 198
600.0 43 57 58 25 13 196
605.0 37 52 60 25 14 188
610.0 34 48 63 28 15 188
615.0 32 50 65 28 16 191
620.0 38 56 68 23 14 199
625.0 38 55 70 20 12 195
630.0 36 54 74 18 11 193
635.0 39 55 74 18 15 201
640.0 39 56 74 18 18 205
645.0 36 52 73 19 21 201
650.0 32 51 68 20 20 191
655.0 33 52 73 18 19 195
660.0 35 50 76 21 17 199
665.0 38 57 73 19 18 205
670.0 40 56 67 22 19 204
675.0 43 53 69 21 20 206
680.0 39 53 62 22 22 198
685.0 35 49 57 24 21 186
690.0 35 48 59 25 20 187
695.0 31 52 59 24 22 188
700.0 28 52 57 29 20 186
705.0 26 52 62 31 19 190
710.0 22 55 62 30 21 190
715.0 27 49 58 29 22 185
720.0 36 48 51 27 20 182
725.0 40 48 49 26 22 185
730.0 37 48 51 22 21 179
735.0 37 46 55 25 22 185
740.0 40 47 55 18 20 180
745.0 42 46 55 20 19 182
750.0 38 52 52 18 20 180
755.0 31 52 49 19 19 170
760.0 36 56 45 19 18 174
765.0 39 56 42 15 20 172
770.0 35 52 48 15 19 169
775.0 37 48 49 16 20 170
780.0 39 39 43 18 20 159
785.0 42 29 42 19 19 151
790.0 41 27 47 19 18 152
795.0 39 29 50 19 20 157
800.0 45 30 43 19 22 159
805.0 43 38 41 20 22 164
810.0 41 40 50 17 22 170
815.0 37 42 46 20 20 165
820.0 40 41 48 17 18 164
825.0 35 46 53 20 19 173
830.0 34 45 57 22 18 176
835.0 38 46 52 20 17 173
840.0 37 42 52 21 17 169
845.0 35 45 55 22 19 176
850.0 35 44 53 19 21 172
855.0 35 45 50 23 17 170
860.0 34 41 50 23 18 166
865.0 36 39 50 24 18 167
870.0 42 42 55 25 19 183
875.0 44 49 56 26 18 193
880.0 38 50 61 25 17 191
885.0 45 47 63 22 16 193
890.0 44 57 58 24 16 199
895.0 44 57 56 24 17 198
900.0 44 53 53 28 19 197
905.0 44 46 58 29 20 197
910.0 43 46 54 28 18 189
915.0 54 53 52 26 19 204
920.0 49 59 48 29 19 204
925.0 47 61 50 34 19 211
930.0 44 59 47 37 18 205
935.0 45 63 52 42 14 216
940.0 48 63 48 40 16 215
945.0 47 55 52 41 21 216
950.0 51 55 57 39 19 221
955.0 47 57 59 35 19 217
960.0 45 56 62 36 22 221
965.0 48 58 57 34 22 219
970.0 46 60 52 26 23 207
975.0 53 53 51 23 26 206
980.0 54 54 50 17 24 199
985.0 54 55 58 16 22 205
990.0 56 59 55 17 22 209
995.0 53 68 53 21 23 218
1000.0 53 62 47 28 25 215
1005.0 43 61 48 32 25 209
1010.0 42 59 53 30 25 209
1015.0 40 61 54 30 26 211
1020.0 48 61 61 24 22 216
1025.0 42 67 62 23 24 218
1030.0 51 69 68 21 26 235
1035.0 51 69 63 20 26 229
1040.0 47 69 71 20 25 232
1045.0 48 66 71 22 25 232
1050.0 49 66 71 23 24 233
1055.0 49 64 74 26 20 233
1060.0 50 65 75 27 16 233
1065.0 47 63 77 29 19 235
1070.0 51 68 77 29 21 246
1075.0 46 68 79 32 20 245
1080.0 46 77 81 28 20 252
1085.0 52 75 82 27 18 254
1090.0 54 77 86 27 15 259
1095.0 58 72 85 26 15 256
1100.0 54 74 92 29 16 265
1105.0 52 70 86 30 15 253
1110.0 53 70 89 31 17 260
1115.0 55 72 90 30 17 264
1120.0 44 80 88 34 18 264
1125.0 40 76 89 35 19 259
1130.0 39 66 97 35 21 258
1135.0 44 63 91 31 20 249
1140.0 48 61 90 29 21 249
1145.0 52 67 89 25 22 255
1150.0 53 63 90 27 24 257
1155.0 54 69 85 25 21 254
1160.0 53 62 82 25 21 243
1165.0 55 64 77 26 22 244
1170.0 51 65 69 25 21 231
1175.0 49 64 75 29 17 234
1180.0 49 58 69 28 15 219
1185.0 48 59 72 29 13 221
1190.0 49 58 72 26 13 218
1195.0 48 53 71 23 14 209
1200.0 45 51 66 22 10 194
1205.0 44 48 61 21 10 184
1210.0 46 45 58 24 10 183
1215.0 46 44 58 25 8 181
1220.0 46 43 60 25 8 182
1225.0 43 40 59 26 9 177
1230.0 49 36 56 22 10 173
1235.0 45 37 50 20 14 166
1240.0 38 36 47 19 14 154
1245.0 31 34 45 21 12 143
1250.0 30 32 42 22 11 137
1255.0 26 29 41 21 7 124
1260.0 24 25 40 18 7 114
1265.0 23 22 43 17 7 112
1270.0 20 21 33 18 7 99
1275.0 21 22 27 13 7 90
1280.0 18 21 23 12 7 81
1285.0 20 18 24 13 5 80
1290.0 16 14 20 10 5 65
1295.0 16 13 18 8 5 60
1300.0 15 11 18 6 4 54
1305.0 14 8 11 6 3 42
1310.0 12 7 10 4 2 35
1315.0 9 7 8 5 2 31
1320.0 10 6 7 5 2 30
1325.0 9 4 6 4 0 23
1330.0 6 2 4 3 0 15
1335.0 6 4 5 2 0 17
1340.0 6 5 7 4 0 22
1345.0 6 4 6 3 0 19
1350.0 6 4 5 3 0 18
1355.0 7 3 4 2 0 16
1360.0 9 2 3 1 0 15
1365.0 4 2 4 0 0 10
1370.0 3 2 2 0 0 7
1375.0 3 1 1 0 0 5
1380.0 3 1 1 0 0 5
1385.0 3 1 0 0 0 4
1390.0 1 1 1 1 0 4
1395.0 0 0 1 0 0 1
1400.0 0 0 1 0 0 1
1405.0 0 0 1 0 0 1
1410.0 0 0 0 0 0 0
1415.0 0 0 0 0 0 0
1420.0 1 0 0 0 0 1
1425.0 1 0 0 0 0 1
1430.0 1 0 1 0 0 2
1435.0 0 0 1 0 0 1
