5.0 0 0 0 0 0 0
10.0 0 0 0 0 0 0
15.0 0 0 0 0 0 0
20.0 0 0 0 0 0 0
25.0 0 0 0 0 0 0
30.0 0 0 0 0 0 0
35.0 0 0 0 0 0 0
40.0 0 0 0 0 0 0
45.0 0 0 0 0 0 0
50.0 0 0 0 0 0 0
55.0 0 0 0 0 0 0
60.0 0 0 0 0 0 0
65.0 0 0 0 0 0 0
70.0 0 0 0 0 0 0
75.0 0 0 0 0 0 0
80.0 0 0 0 0 0 0
85.0 0 0 0 0 0 0
90.0 0 0 0 0 0 0
95.0 0 0 0 0 0 0
100.0 0 0 0 0 0 0
105.0 0 0 0 0 0 0
110.0 0 0 0 0 0 0
115.0 0 0 0 0 0 0
120.0 0 0 0 0 0 0
125.0 0 0 0 0 0 0
130.0 0 0 0 0 0 0
135.0 0 0 0 0 0 0
140.0 0 0 0 0 0 0
145.0 0 0 0 0 0 0
150.0 0 0 0 0 0 0
155.0 0 0 0 0 0 0
160.0 0 0 0 0 0 0
165.0 0 0 0 0 0 0
170.0 0 0 0 0 0 0
175.0 0 0 0 0 0 0
180.0 0 0 0 0 0 0
185.0 0 0 0 0 0 0
190.0 0 0 0 0 0 0
195.0 0 0 0 0 0 0
200.0 0 0 0 0 0 0
205.0 0 0 0 0 0 0
210.0 0 0 0 0 0 0
215.0 0 0 0 0 0 0
220.0 0 0 0 0 1 1
225.0 0 0 0 0 1 1
230.0 0 1 0 0 1 2
235.0 0 1 0 0 1 2
240.0 0 1 0 0 1 2
245.0 0 1 0 0 1 2
250.0 0 1 0 0 1 2
255.0 0 1 0 0 1 2
260.0 0 1 0 0 1 2
265.0 0 1 0 0 1 2
270.0 0 1 0 0 1 2
275.0 0 1 0 0 1 2
280.0 0 1 0 0 1 2
285.0 0 1 0 0 1 2
290.0 1 1 0 0 1 3
295.0 1 1 0 0 1 3
300.0 1 1 0 0 1 3
305.0 1 1 0 0 1 3
310.0 1 1 0 0 1 3
315.0 1 2 0 0 1 4
320.0 1 2 1 1 1 6
325.0 1 2 2 1 1 7
330.0 2 3 3 1 1 10
335.0 1 3 4 0 1 9
340.0 1 3 4 0 1 9
345.0 1 3 5 0 1 10
350.0 1 3 5 0 1 10
355.0 1 3 7 0 2 13
360.0 1 3 8 0 3 15
365.0 1 4 9 0 4 18
370.0 2 7 12 1 5 27
375.0 4 8 14 1 6 33
380.0 5 10 14 1 5 35
385.0 9 10 14 1 5 39
390.0 7 10 13 2 6 38
395.0 6 10 13 4 7 40
400.0 10 6 14 6 6 42
405.0 12 3 12 7 6 40
410.0 13 4 14 7 7 45
415.0 13 8 16 6 7 50
420.0 11 9 17 7 9 53
425.0 10 9 17 7 8 51
430.0 12 9 16 9 7 53
435.0 14 11 15 10 7 57
440.0 17 13 21 10 9 70
445.0 20 14 22 16 12 84
450.0 23 16 23 15 13 90
455.0 28 19 24 18 13 102
460.0 30 22 33 15 12 112
465.0 33 23 45 15 13 129
470.0 37 33 41 16 13 140
475.0 29 36 44 20 17 146
480.0 29 39 52 27 20 167
485.0 33 45 54 25 21 178
490.0 37 45 60 27 21 190
495.0 42 50 63 27 23 205
500.0 44 51 67 29 23 214
505.0 53 54 71 31 28 237
510.0 55 56 81 35 29 256
515.0 56 54 82 41 29 262
520.0 62 57 91 43 27 280
525.0 59 54 93 49 30 285
530.0 58 63 100 49 32 302
535.0 64 68 103 50 31 316
540.0 69 68 110 45 34 326
545.0 71 67 100 42 38 318
550.0 75 73 108 39 35 330
555.0 75 79 105 47 35 341
560.0 74 80 110 50 39 353
565.0 78 85 117 50 40 370
570.0 81 99 120 50 45 395
575.0 82 98 124 57 46 407
580.0 82 105 125 54 48 414
585.0 80 103 128 57 53 421
590.0 83 112 124 54 54 427
595.0 86 122 123 56 55 442
600.0 97 122 131 57 57 464
605.0 95 118 151 59 53 476
610.0 99 109 156 59 57 480
615.0 97 111 152 58 57 475
620.0 91 112 146 55 59 463
625.0 90 113 146 61 56 466
630.0 90 112 143 61 57 463
635.0 87 116 141 55 57 456
640.0 94 118 145 56 55 468
645.0 92 123 149 56 52 472
650.0 89 122 143 54 54 462
655.0 89 123 135 59 55 461
660.0 93 132 133 55 54 467
665.0 90 131 136 58 56 471
670.0 98 128 137 51 57 471
675.0 102 129 146 49 59 485
680.0 97 132 144 40 56 469
685.0 96 134 140 42 53 465
690.0 92 134 150 34 51 461
695.0 95 123 143 31 50 442
700.0 99 119 128 32 49 427
705.0 104 116 129 34 43 426
710.0 104 111 123 36 45 419
715.0 109 108 114 36 47 414
720.0 98 109 110 37 44 398
725.0 91 99 102 37 46 375
730.0 87 91 99 41 46 364
735.0 85 89 94 45 47 360
740.0 77 93 94 49 43 356
745.0 70 90 101 52 41 354
750.0 71 87 103 51 39 351
755.0 71 93 104 49 38 355
760.0 75 97 100 45 35 352
765.0 69 97 96 46 36 344
770.0 75 93 97 40 37 342
775.0 85 87 97 38 38 345
780.0 86 90 103 39 39 357
785.0 83 91 98 43 41 356
790.0 80 93 103 47 41 364
795.0 71 94 105 52 41 363
800.0 77 91 102 52 42 364
805.0 71 82 108 51 39 351
810.0 75 83 108 50 39 355
815.0 81 81 113 49 38 362
820.0 85 85 109 48 39 366
825.0 85 86 116 49 39 375
830.0 89 87 116 46 36 374
835.0 86 96 115 43 38 378
840.0 78 95 118 45 38 374
845.0 78 99 119 45 37 378
850.0 78 97 119 40 38 372
855.0 82 99 108 39 36 364
860.0 88 87 114 39 39 367
865.0 91 86 123 41 42 383
870.0 99 83 118 46 44 390
875.0 96 82 121 54 43 396
880.0 99 85 125 59 43 411
885.0 97 88 124 57 43 409
890.0 90 93 114 66 52 415
895.0 88 87 119 71 56 421
900.0 92 87 127 74 56 436
905.0 98 91 125 71 55 440
910.0 101 97 115 70 56 439
915.0 95 98 109 73 58 433
920.0 96 97 109 79 55 436
925.0 100 103 108 80 55 446
930.0 106 100 114 77 54 451
935.0 112 92 119 72 55 450
940.0 104 96 120 67 49 436
945.0 104 95 124 60 50 433
950.0 98 99 129 58 51 435
955.0 104 107 125 52 49 437
960.0 107 100 123 50 47 427
965.0 111 100 126 52 46 435
970.0 110 108 130 47 44 439
975.0 108 110 132 53 49 452
980.0 106 109 132 56 48 451
985.0 104 116 120 59 47 446
990.0 97 116 122 59 44 438
995.0 91 118 122 64 44 439
1000.0 96 119 126 67 44 452
1005.0 95 112 130 66 48 451
1010.0 99 114 119 65 44 441
1015.0 99 109 127 65 45 445
1020.0 101 103 120 64 47 435
1025.0 95 103 120 68 46 432
1030.0 89 98 123 71 43 424
1035.0 90 103 131 69 38 431
1040.0 99 104 128 65 36 432
1045.0 100 103 129 64 38 434
1050.0 101 108 133 71 46 459
1055.0 93 108 135 71 49 456
1060.0 97 111 145 76 51 480
1065.0 98 118 147 74 52 489
1070.0 103 127 147 69 49 495
1075.0 101 124 148 74 51 498
1080.0 106 122 151 73 48 500
1085.0 105 123 153 74 46 501
1090.0 122 130 147 67 51 517
1095.0 126 123 149 65 52 515
1100.0 122 122 154 68 53 519
1105.0 120 124 148 65 51 508
1110.0 125 122 142 62 54 505
1115.0 127 114 144 78 54 517
1120.0 140 116 137 75 56 524
1125.0 149 121 135 71 51 527
1130.0 138 123 138 72 58 529
1135.0 134 123 138 69 59 523
1140.0 133 122 139 68 57 519
1145.0 126 122 136 69 56 509
1150.0 121 117 141 64 60 503
1155.0 116 120 157 61 63 517
1160.0 112 130 157 61 65 525
1165.0 116 125 149 54 63 507
1170.0 115 118 140 56 60 489
1175.0 115 115 136 58 64 488
1180.0 113 105 142 57 62 479
1185.0 111 98 141 52 62 464
1190.0 118 95 133 52 58 456
1195.0 109 96 123 61 54 443
1200.0 107 88 115 52 53 415
1205.0 100 83 109 54 49 395
1210.0 97 83 104 49 44 377
1215.0 97 94 97 45 41 374
1220.0 88 86 105 47 41 367
1225.0 79 88 96 45 45 353
1230.0 70 81 96 46 43 336
1235.0 69 80 96 46 43 334
1240.0 65 73 100 44 39 321
1245.0 63 62 101 46 39 311
1250.0 62 61 94 44 34 295
1255.0 63 58 85 39 28 273
1260.0 57 60 78 32 24 251
1265.0 52 54 67 26 25 224
1270.0 42 43 68 23 23 199
1275.0 44 40 60 21 17 182
1280.0 45 39 57 18 16 175
1285.0 43 43 49 18 15 168
1290.0 35 44 43 19 11 152
1295.0 24 36 32 17 11 120
1300.0 23 32 29 18 8 110
1305.0 21 27 30 17 9 104
1310.0 17 25 29 14 11 96
1315.0 15 25 24 14 12 90
1320.0 12 21 20 14 12 79
1325.0 9 18 18 12 11 68
1330.0 9 18 15 9 10 61
1335.0 8 16 12 6 10 52
1340.0 10 15 12 5 8 50
1345.0 12 12 11 4 8 47
1350.0 11 12 9 3 7 42
1355.0 9 11 9 2 4 35
1360.0 7 12 6 1 5 31
1365.0 6 9 4 1 5 25
1370.0 6 9 5 0 5 25
1375.0 3 6 5 0 4 18
1380.0 3 5 5 0 3 16
1385.0 3 4 5 0 2 14
1390.0 2 4 5 0 1 12
1395.0 2 5 4 0 1 12
1400.0 1 4 3 0 1 9
1405.0 0 3 2 0 0 5
1410.0 1 2 2 0 0 5
1415.0 1 3 2 0 0 6
1420.0 2 1 2 0 0 5
1425.0 0 1 1 2 0 4
1430.0 1 0 1 2 0 4
1435.0 1 0 1 2 0 4
