5.0 0 0 0 0 0 0
10.0 0 0 0 0 0 0
15.0 0 0 0 0 0 0
20.0 0 0 0 0 0 0
25.0 0 0 0 0 0 0
30.0 0 0 0 0 0 0
35.0 0 0 0 0 0 0
40.0 0 0 0 0 0 0
45.0 0 0 0 0 0 0
50.0 0 0 0 0 0 0
55.0 0 0 0 0 0 0
60.0 0 0 0 0 0 0
65.0 0 0 0 0 0 0
70.0 0 0 0 0 0 0
75.0 0 0 0 0 0 0
80.0 0 0 0 0 0 0
85.0 0 0 0 0 0 0
90.0 0 0 0 0 0 0
95.0 0 0 0 0 0 0
100.0 0 0 0 0 0 0
105.0 0 0 0 0 0 0
110.0 0 0 0 0 0 0
115.0 0 0 0 0 0 0
120.0 0 0 0 0 0 0
125.0 0 0 0 0 0 0
130.0 0 0 0 0 0 0
135.0 0 0 0 0 0 0
140.0 0 0 0 0 0 0
145.0 0 0 0 0 0 0
150.0 0 0 0 0 0 0
155.0 0 0 0 0 0 0
160.0 0 0 0 0 0 0
165.0 0 0 0 0 0 0
170.0 0 0 0 0 0 0
175.0 0 0 0 0 0 0
180.0 0 0 0 0 0 0
185.0 0 0 0 0 0 0
190.0 0 0 0 0 0 0
195.0 0 0 0 0 0 0
200.0 0 0 0 0 0 0
205.0 0 0 0 0 0 0
210.0 0 0 0 0 0 0
215.0 0 0 0 0 0 0
220.0 0 0 0 0 0 0
225.0 0 0 0 0 0 0
230.0 0 0 0 0 0 0
235.0 0 0 0 0 0 0
240.0 0 0 0 0 0 0
245.0 0 0 0 0 0 0
250.0 0 0 0 0 0 0
255.0 0 0 0 0 0 0
260.0 0 0 0 0 0 0
265.0 0 0 0 0 0 0
270.0 0 0 0 0 0 0
275.0 0 0 0 0 0 0
280.0 0 0 0 0 0 0
285.0 0 0 0 0 0 0
290.0 0 0 0 0 0 0
295.0 0 0 0 0 0 0
300.0 0 0 0 0 0 0
305.0 0 0 0 0 0 0
310.0 0 0 0 0 0 0
315.0 0 0 0 0 0 0
320.0 0 0 0 0 0 0
325.0 0 0 0 0 0 0
330.0 0 0 0 0 0 0
335.0 0 0 0 0 0 0
340.0 0 0 0 0 0 0
345.0 0 0 0 0 0 0
350.0 0 0 0 0 0 0
355.0 0 0 0 0 0 0
360.0 0 0 0 0 0 0
365.0 0 0 0 0 0 0
370.0 0 0 0 0 0 0
375.0 0 0 0 0 0 0
380.0 0 0 0 0 0 0
385.0 0 0 0 0 0 0
390.0 0 0 0 0 0 0
395.0 0 0 0 0 0 0
400.0 0 0 0 0 0 0
405.0 0 0 0 0 0 0
410.0 0 0 0 0 0 0
415.0 0 0 0 0 0 0
420.0 0 0 0 0 0 0
425.0 0 0 0 0 0 0
430.0 0 0 0 0 0 0
435.0 0 0 0 0 0 0
440.0 0 0 0 0 0 0
445.0 0 0 0 0 0 0
450.0 0 0 0 0 0 0
455.0 0 1 0 0 0 1
460.0 0 1 0 0 0 1
465.0 0 1 0 0 0 1
470.0 0 1 1 1 0 3
475.0 0 1 1 1 0 3
480.0 0 2 1 1 0 4
485.0 0 3 2 1 0 6
490.0 0 3 2 1 0 6
495.0 0 3 1 1 0 5
500.0 0 2 1 1 1 5
505.0 0 2 1 0 1 4
510.0 0 2 1 0 1 4
515.0 0 2 0 0 1 3
520.0 0 1 0 0 2 3
525.0 0 1 0 0 4 5
530.0 0 1 0 0 4 5
535.0 0 2 0 1 3 6
540.0 0 2 0 1 3 6
545.0 0 2 2 2 3 9
550.0 0 1 2 2 3 8
555.0 1 1 2 3 3 10
560.0 1 1 2 3 3 10
565.0 1 1 3 3 3 11
570.0 2 0 3 3 3 11
575.0 2 0 3 2 3 10
580.0 2 0 3 1 3 9
585.0 2 0 3 1 2 8
590.0 2 2 3 0 2 9
595.0 2 2 3 1 2 10
600.0 2 2 3 1 2 10
605.0 2 4 1 1 2 10
610.0 2 5 1 1 2 11
615.0 2 5 1 1 2 11
620.0 2 6 1 1 2 12
625.0 1 5 1 1 2 10
630.0 1 6 1 1 2 11
635.0 1 6 1 1 2 11
640.0 1 5 1 0 2 9
645.0 1 3 1 0 3 8
650.0 2 5 1 0 3 11
655.0 3 4 1 0 2 10
660.0 4 5 2 0 2 13
665.0 3 5 2 0 2 12
670.0 3 5 1 0 2 11
675.0 2 5 2 0 2 11
680.0 1 5 3 0 2 11
685.0 1 5 2 0 2 10
690.0 1 5 3 0 1 10
695.0 1 5 3 0 1 10
700.0 0 5 4 0 1 10
705.0 0 4 4 0 1 9
710.0 0 3 4 1 1 9
715.0 0 2 6 1 1 10
720.0 0 2 6 1 1 10
725.0 0 2 6 1 1 10
730.0 0 2 6 1 2 11
735.0 0 2 6 1 2 11
740.0 1 2 5 1 2 11
745.0 1 2 5 1 2 11
750.0 1 2 5 1 2 11
755.0 1 2 4 0 2 9
760.0 0 3 4 0 2 9
765.0 0 3 4 0 1 8
770.0 0 2 3 0 2 7
775.0 1 2 2 0 2 7
780.0 2 1 2 0 2 7
785.0 2 2 4 0 2 10
790.0 2 2 4 0 1 9
795.0 2 1 4 0 1 8
800.0 2 1 4 0 1 8
805.0 2 1 5 0 0 8
810.0 2 1 4 0 0 7
815.0 2 1 2 0 0 5
820.0 2 1 3 0 0 6
825.0 1 1 3 0 0 5
830.0 1 2 2 0 0 5
835.0 0 2 5 0 0 7
840.0 0 3 5 1 0 9
845.0 0 3 5 1 0 9
850.0 0 2 5 1 0 8
855.0 0 2 3 2 1 8
860.0 0 4 2 2 0 8
865.0 0 4 3 1 0 8
870.0 2 3 3 1 0 9
875.0 2 3 3 1 0 9
880.0 1 4 2 1 0 8
885.0 2 2 1 2 0 7
890.0 1 2 1 3 0 7
895.0 1 2 1 3 0 7
900.0 1 2 2 2 0 7
905.0 2 2 3 1 0 8
910.0 2 3 3 2 0 10
915.0 3 2 3 2 0 10
920.0 3 2 3 2 0 10
925.0 2 2 3 3 0 10
930.0 1 2 3 3 0 9
935.0 2 2 3 2 0 9
940.0 2 3 3 1 0 9
945.0 2 3 4 1 1 11
950.0 2 3 5 1 1 12
955.0 3 2 5 1 1 12
960.0 5 2 4 1 1 13
965.0 5 3 5 1 1 15
970.0 4 3 4 1 1 13
975.0 2 4 3 2 1 12
980.0 2 4 3 1 1 11
985.0 2 3 3 0 1 9
990.0 2 2 3 0 1 8
995.0 2 2 3 0 1 8
1000.0 2 1 2 0 1 6
1005.0 2 1 2 0 0 5
1010.0 2 1 2 0 0 5
1015.0 1 2 2 0 0 5
1020.0 2 2 3 0 0 7
1025.0 4 3 2 2 0 11
1030.0 3 3 2 2 0 10
1035.0 2 2 3 2 0 9
1040.0 2 2 2 2 0 8
1045.0 1 1 2 1 0 5
1050.0 1 1 2 1 0 5
1055.0 0 1 2 1 0 4
1060.0 1 1 2 1 0 5
1065.0 0 1 3 2 0 6
1070.0 0 1 2 2 0 5
1075.0 0 1 2 3 0 6
1080.0 0 1 2 2 0 5
1085.0 2 1 2 3 0 8
1090.0 2 0 3 2 0 7
1095.0 1 0 5 2 0 8
1100.0 0 0 4 2 0 6
1105.0 0 0 3 2 0 5
1110.0 0 0 3 2 0 5
1115.0 0 0 3 1 0 4
1120.0 0 0 2 2 0 4
1125.0 0 0 3 2 0 5
1130.0 0 0 3 2 0 5
1135.0 1 0 3 2 0 6
1140.0 1 0 3 3 0 7
1145.0 1 0 5 3 0 9
1150.0 1 0 5 3 0 9
1155.0 1 0 5 3 0 9
1160.0 2 1 3 2 0 8
1165.0 1 1 4 2 0 8
1170.0 1 1 3 2 0 7
1175.0 0 2 2 3 0 7
1180.0 1 2 1 3 0 7
1185.0 3 2 2 1 0 8
1190.0 2 2 1 1 0 6
1195.0 2 2 3 1 0 8
1200.0 3 2 3 1 0 9
1205.0 5 1 1 1 0 8
1210.0 5 0 2 1 0 8
1215.0 5 0 1 0 0 6
1220.0 4 1 1 1 0 7
1225.0 3 1 1 1 0 6
1230.0 3 0 1 1 0 5
1235.0 2 0 2 2 0 6
1240.0 1 0 2 1 0 4
1245.0 1 0 2 1 0 4
1250.0 2 0 2 0 0 4
1255.0 2 0 2 0 0 4
1260.0 2 0 2 0 0 4
1265.0 2 0 2 0 0 4
1270.0 2 0 2 0 0 4
1275.0 1 0 3 0 0 4
1280.0 1 0 2 0 0 3
1285.0 1 0 2 0 0 3
1290.0 1 0 2 0 0 3
1295.0 2 0 0 0 0 2
1300.0 2 0 0 0 0 2
1305.0 1 0 1 0 0 2
1310.0 1 0 1 0 0 2
1315.0 1 0 1 0 0 2
1320.0 1 0 0 0 0 1
1325.0 1 0 0 0 0 1
1330.0 1 0 0 0 0 1
1335.0 1 0 0 0 0 1
1340.0 1 0 0 0 0 1
1345.0 1 0 0 0 0 1
1350.0 1 0 0 0 0 1
1355.0 1 0 0 0 0 1
1360.0 0 0 0 0 0 0
1365.0 0 0 0 0 0 0
1370.0 0 0 0 0 0 0
1375.0 0 0 0 0 0 0
1380.0 0 0 0 0 0 0
1385.0 0 0 0 0 0 0
1390.0 1 0 0 0 0 1
1395.0 1 0 0 0 0 1
1400.0 0 0 0 0 0 0
1405.0 0 0 0 0 0 0
1410.0 0 0 0 0 0 0
1415.0 0 0 0 0 0 0
1420.0 0 0 0 0 0 0
1425.0 0 0 0 0 0 0
1430.0 0 0 0 0 0 0
1435.0 0 0 0 0 0 0
