5.0 0 0 0 0 0 0
10.0 0 0 0 0 0 0
15.0 0 0 0 0 0 0
20.0 0 0 0 0 0 0
25.0 0 0 0 0 0 0
30.0 0 0 0 0 0 0
35.0 0 0 0 0 0 0
40.0 0 0 0 0 0 0
45.0 0 0 0 0 0 0
50.0 0 0 0 0 0 0
55.0 0 0 0 0 0 0
60.0 0 0 0 0 0 0
65.0 0 0 0 0 0 0
70.0 0 0 0 0 0 0
75.0 0 0 0 0 0 0
80.0 0 0 0 0 0 0
85.0 0 0 0 0 0 0
90.0 0 0 0 0 0 0
95.0 0 0 0 0 0 0
100.0 0 0 0 0 0 0
105.0 0 0 0 0 0 0
110.0 0 0 0 0 0 0
115.0 0 0 0 0 0 0
120.0 0 0 0 0 0 0
125.0 0 0 0 0 0 0
130.0 0 0 0 0 0 0
135.0 0 0 0 0 0 0
140.0 0 0 0 0 0 0
145.0 0 0 0 0 0 0
150.0 0 0 0 0 0 0
155.0 0 0 0 0 0 0
160.0 0 0 0 0 0 0
165.0 0 0 0 0 0 0
170.0 0 0 0 0 0 0
175.0 0 0 0 0 0 0
180.0 0 0 0 0 0 0
185.0 0 0 0 0 0 0
190.0 0 0 0 0 0 0
195.0 0 0 0 0 0 0
200.0 0 0 0 0 0 0
205.0 0 0 0 0 0 0
210.0 0 0 0 0 0 0
215.0 0 0 0 0 0 0
220.0 0 0 0 0 0 0
225.0 0 0 0 0 0 0
230.0 0 0 0 0 0 0
235.0 0 0 0 0 0 0
240.0 0 0 0 0 0 0
245.0 0 0 0 0 0 0
250.0 0 0 0 0 0 0
255.0 0 0 0 0 0 0
260.0 0 0 0 0 0 0
265.0 0 0 0 0 0 0
270.0 0 0 0 0 0 0
275.0 0 0 0 0 0 0
280.0 0 0 0 0 0 0
285.0 0 0 0 0 0 0
290.0 0 0 0 0 0 0
295.0 0 0 0 0 0 0
300.0 0 0 0 0 0 0
305.0 0 1 0 0 0 1
310.0 0 1 0 0 0 1
315.0 0 1 0 0 0 1
320.0 0 1 0 0 0 1
325.0 0 1 0 0 0 1
330.0 0 1 0 0 0 1
335.0 0 1 0 0 0 1
340.0 0 1 0 0 0 1
345.0 0 1 0 0 0 1
350.0 0 1 0 0 0 1
355.0 0 1 0 0 0 1
360.0 0 1 2 0 0 3
365.0 0 1 2 0 0 3
370.0 0 1 2 0 1 4
375.0 1 1 1 0 1 4
380.0 1 0 1 0 2 4
385.0 1 0 1 0 2 4
390.0 1 0 1 0 2 4
395.0 1 1 1 0 2 5
400.0 3 5 1 0 2 11
405.0 3 5 1 1 2 12
410.0 4 4 1 1 2 12
415.0 3 4 2 2 2 13
420.0 3 5 2 2 2 14
425.0 4 6 2 2 2 16
430.0 4 7 2 2 2 17
435.0 4 7 2 3 2 18
440.0 6 6 1 3 4 20
445.0 6 6 2 2 4 20
450.0 6 5 3 2 4 20
455.0 5 4 4 2 3 18
460.0 7 5 4 2 3 21
465.0 7 4 3 2 4 20
470.0 9 4 3 3 4 23
475.0 10 6 5 3 4 28
480.0 12 8 6 2 4 32
485.0 11 9 6 3 4 33
490.0 10 13 6 4 4 37
495.0 10 14 7 5 4 40
500.0 12 16 8 7 4 47
505.0 12 15 7 7 4 45
510.0 12 17 10 7 3 49
515.0 14 17 11 5 3 50
520.0 15 18 9 5 3 50
525.0 15 16 13 8 4 56
530.0 14 18 14 8 4 58
535.0 17 17 16 9 6 65
540.0 18 16 14 10 6 64
545.0 18 18 14 11 7 68
550.0 19 16 12 11 7 65
555.0 16 17 12 10 5 60
560.0 16 17 11 8 5 57
565.0 13 19 12 11 3 58
570.0 16 21 13 11 2 63
575.0 14 22 15 12 2 65
580.0 14 24 16 10 4 68
585.0 13 27 17 10 5 72
590.0 20 28 20 10 6 84
595.0 18 27 21 11 6 83
600.0 16 28 22 11 6 83
605.0 16 30 24 11 6 87
610.0 14 29 24 12 5 84
615.0 15 32 23 12 6 88
620.0 16 29 20 11 6 82
625.0 15 24 26 10 7 82
630.0 14 22 28 10 10 84
635.0 16 21 29 10 11 87
640.0 18 21 31 9 10 89
645.0 19 22 31 11 11 94
650.0 17 26 30 9 11 93
655.0 13 27 30 10 11 91
660.0 15 25 26 9 9 84
665.0 15 19 30 8 8 80
670.0 13 17 25 6 8 69
675.0 14 15 25 4 10 68
680.0 11 16 26 6 11 70
685.0 12 16 27 5 12 72
690.0 15 17 26 5 11 74
695.0 14 19 25 3 10 71
700.0 15 20 27 6 10 78
705.0 16 18 23 5 10 72
710.0 14 13 23 5 9 64
715.0 17 12 24 7 9 69
720.0 14 11 24 7 9 65
725.0 14 12 23 6 10 65
730.0 16 11 24 6 10 67
735.0 16 11 25 7 8 67
740.0 10 12 22 8 10 62
745.0 10 12 21 7 10 60
750.0 11 10 21 9 10 61
755.0 10 8 22 10 8 58
760.0 11 8 24 10 7 60
765.0 10 8 21 13 7 59
770.0 10 10 15 13 8 56
775.0 9 11 18 12 8 58
780.0 8 12 20 11 8 59
785.0 10 16 19 12 9 66
790.0 13 17 25 10 6 71
795.0 14 18 23 11 5 71
800.0 14 17 23 11 4 69
805.0 12 18 19 12 2 63
810.0 13 17 18 10 2 60
815.0 12 17 17 11 2 59
820.0 16 18 14 11 4 63
825.0 14 17 13 15 4 63
830.0 15 16 10 15 3 59
835.0 17 18 14 13 3 65
840.0 19 17 16 13 2 67
845.0 18 21 17 11 2 69
850.0 11 20 18 12 2 63
855.0 11 19 19 13 2 64
860.0 13 20 19 12 2 66
865.0 11 19 20 11 2 63
870.0 10 18 21 10 1 60
875.0 13 21 23 7 1 65
880.0 13 22 26 8 1 70
885.0 12 21 25 10 2 70
890.0 13 21 25 10 3 72
895.0 12 19 21 8 3 63
900.0 15 16 23 8 2 64
905.0 13 15 22 9 4 63
910.0 12 14 22 11 4 63
915.0 12 14 23 14 5 68
920.0 15 15 22 13 5 70
925.0 18 16 18 14 4 70
930.0 19 14 18 13 4 68
935.0 14 15 21 15 4 69
940.0 16 14 24 13 3 70
945.0 16 14 26 13 3 72
950.0 12 13 24 11 4 64
955.0 10 13 27 11 3 64
960.0 9 13 23 12 8 65
965.0 9 12 25 9 9 64
970.0 11 16 27 5 9 68
975.0 11 14 29 6 8 68
980.0 12 14 28 6 10 70
985.0 12 12 27 7 10 68
990.0 10 15 24 6 10 65
995.0 10 17 28 5 10 70
1000.0 13 17 27 3 8 68
1005.0 14 18 24 3 8 67
1010.0 15 21 22 5 8 71
1015.0 14 25 22 7 7 75
1020.0 16 26 13 9 9 73
1025.0 17 28 13 9 9 76
1030.0 20 27 15 10 9 81
1035.0 18 23 18 8 9 76
1040.0 16 24 20 9 7 76
1045.0 16 22 18 9 7 72
1050.0 14 24 21 10 7 76
1055.0 13 24 19 13 8 77
1060.0 14 24 20 10 8 76
1065.0 12 24 21 12 8 77
1070.0 15 21 22 11 8 77
1075.0 17 19 25 12 7 80
1080.0 15 21 25 12 7 80
1085.0 15 22 28 10 5 80
1090.0 15 25 25 10 6 81
1095.0 16 25 24 13 6 84
1100.0 14 27 24 14 6 85
1105.0 17 28 23 11 6 85
1110.0 18 33 21 10 7 89
1115.0 20 35 20 11 9 95
1120.0 21 39 19 12 9 100
1125.0 24 40 20 10 10 104
1130.0 20 34 22 7 10 93
1135.0 19 32 22 8 9 90
1140.0 18 30 24 7 10 89
1145.0 23 28 26 7 11 95
1150.0 20 26 27 5 11 89
1155.0 19 27 28 6 11 91
1160.0 19 25 34 7 11 96
1165.0 19 25 31 7 11 93
1170.0 18 22 30 9 13 92
1175.0 18 21 27 9 13 88
1180.0 19 19 27 10 14 89
1185.0 19 17 27 10 12 85
1190.0 16 17 24 7 12 76
1195.0 18 18 20 10 13 79
1200.0 18 19 20 8 13 78
1205.0 18 19 25 8 12 82
1210.0 11 21 24 6 14 76
1215.0 15 23 21 6 12 77
1220.0 13 22 17 6 12 70
1225.0 17 20 17 6 11 71
1230.0 12 21 20 5 10 68
1235.0 14 19 19 6 10 68
1240.0 13 17 19 5 10 64
1245.0 11 19 18 4 7 59
1250.0 10 15 15 8 6 54
1255.0 8 15 15 10 5 53
1260.0 9 14 14 9 4 50
1265.0 7 9 13 9 3 41
1270.0 6 9 13 5 3 36
1275.0 5 9 12 3 2 31
1280.0 6 7 11 4 2 30
1285.0 5 5 11 4 2 27
1290.0 4 5 11 4 2 26
1295.0 4 5 9 5 2 25
1300.0 4 3 10 5 1 23
1305.0 4 3 9 5 2 23
1310.0 5 3 7 4 2 21
1315.0 6 2 7 2 2 19
1320.0 7 3 5 2 1 18
1325.0 6 3 6 2 1 18
1330.0 6 3 5 1 1 16
1335.0 4 4 4 1 1 14
1340.0 4 2 5 0 2 13
1345.0 3 2 5 0 2 12
1350.0 2 3 4 0 1 10
1355.0 1 4 3 0 1 9
1360.0 1 2 4 0 1 8
1365.0 0 2 3 0 1 6
1370.0 0 2 2 0 0 4
1375.0 0 1 1 0 0 2
1380.0 0 0 1 0 0 1
1385.0 0 1 1 0 0 2
1390.0 1 0 0 0 0 1
1395.0 1 0 0 0 0 1
1400.0 1 0 0 0 0 1
1405.0 1 0 0 0 0 1
1410.0 0 0 0 0 0 0
1415.0 0 1 0 0 0 1
1420.0 1 1 0 0 0 2
1425.0 1 1 0 0 0 2
1430.0 1 1 0 0 0 2
1435.0 0 1 0 0 0 1
