5.0 0 0 0 0 0 0
10.0 0 0 0 0 0 0
15.0 0 0 0 0 0 0
20.0 0 0 0 0 0 0
25.0 0 0 0 0 0 0
30.0 0 0 0 0 0 0
35.0 0 0 0 0 0 0
40.0 0 0 0 0 0 0
45.0 0 0 0 0 0 0
50.0 0 0 0 0 0 0
55.0 0 0 0 0 0 0
60.0 0 0 0 0 0 0
65.0 0 0 0 0 0 0
70.0 0 0 0 0 0 0
75.0 0 0 0 0 0 0
80.0 0 0 0 0 0 0
85.0 0 0 0 0 0 0
90.0 0 0 0 0 0 0
95.0 0 0 0 0 0 0
100.0 0 0 0 0 0 0
105.0 0 0 0 0 0 0
110.0 0 0 0 0 0 0
115.0 0 0 0 0 0 0
120.0 0 0 0 0 0 0
125.0 0 0 0 0 0 0
130.0 0 0 0 0 0 0
135.0 0 0 0 0 0 0
140.0 0 0 0 0 0 0
145.0 0 0 0 0 0 0
150.0 0 0 0 0 0 0
155.0 0 0 0 0 0 0
160.0 0 0 0 0 0 0
165.0 0 0 0 0 0 0
170.0 0 0 0 0 0 0
175.0 0 0 0 0 0 0
180.0 0 0 0 0 0 0
185.0 0 0 0 0 0 0
190.0 0 0 0 0 0 0
195.0 0 0 0 0 0 0
200.0 0 0 0 0 0 0
205.0 0 0 0 0 0 0
210.0 0 0 0 0 0 0
215.0 0 0 0 0 0 0
220.0 0 0 0 0 0 0
225.0 0 0 0 0 0 0
230.0 0 0 0 0 0 0
235.0 0 0 0 0 0 0
240.0 0 0 0 0 0 0
245.0 0 0 0 0 0 0
250.0 0 0 0 0 0 0
255.0 0 0 0 0 0 0
260.0 0 0 0 0 0 0
265.0 0 0 0 0 0 0
270.0 0 0 0 0 0 0
275.0 0 0 0 0 0 0
280.0 0 0 0 0 0 0
285.0 0 0 0 0 0 0
290.0 0 0 0 0 0 0
295.0 0 0 0 0 0 0
300.0 0 0 0 0 0 0
305.0 0 0 0 0 0 0
310.0 0 0 0 0 0 0
315.0 0 0 0 0 0 0
320.0 0 0 0 0 0 0
325.0 0 0 0 0 0 0
330.0 0 0 0 0 0 0
335.0 0 0 0 0 0 0
340.0 0 0 0 0 0 0
345.0 0 0 0 0 0 0
350.0 0 0 0 0 0 0
355.0 0 0 0 0 0 0
360.0 0 0 0 0 0 0
365.0 0 0 0 0 0 0
370.0 0 0 0 0 0 0
375.0 0 0 1 0 0 1
380.0 0 0 1 1 0 2
385.0 0 2 2 1 0 5
390.0 0 2 2 1 0 5
395.0 0 2 3 1 0 6
400.0 0 2 4 2 0 8
405.0 0 2 4 2 0 8
410.0 0 2 5 2 0 9
415.0 0 1 4 2 1 8
420.0 0 1 5 2 1 9
425.0 2 2 5 2 1 12
430.0 3 5 4 2 2 16
435.0 2 5 5 3 2 17
440.0 3 5 7 3 2 20
445.0 7 5 9 1 2 24
450.0 7 4 10 0 2 23
455.0 7 5 10 2 1 25
460.0 6 4 11 2 1 24
465.0 7 4 13 1 1 26
470.0 8 6 12 1 3 30
475.0 6 7 13 1 3 30
480.0 6 7 14 2 3 32
485.0 8 9 15 1 3 36
490.0 8 11 14 2 4 39
495.0 11 15 12 2 3 43
500.0 12 14 11 2 3 42
505.0 11 19 13 3 3 49
510.0 10 19 17 6 3 55
515.0 14 20 20 5 3 62
520.0 16 21 20 5 5 67
525.0 16 21 21 8 5 71
530.0 15 20 23 9 6 73
535.0 16 20 23 9 7 75
540.0 17 19 24 9 8 77
545.0 16 18 24 13 9 80
550.0 20 19 19 14 10 82
555.0 21 20 25 14 7 87
560.0 22 18 25 15 6 86
565.0 23 26 25 15 5 94
570.0 24 27 26 14 5 96
575.0 20 25 26 17 6 94
580.0 22 18 28 16 6 90
585.0 21 20 29 18 7 95
590.0 19 24 28 22 6 99
595.0 17 24 30 20 7 98
600.0 22 24 31 18 7 102
605.0 21 28 33 17 8 107
610.0 19 36 31 16 8 110
615.0 21 32 34 13 7 107
620.0 23 29 30 16 7 105
625.0 25 29 28 16 7 105
630.0 26 31 28 16 8 109
635.0 29 27 26 15 8 105
640.0 27 27 28 14 9 105
645.0 23 29 32 15 9 108
650.0 23 30 35 11 8 107
655.0 25 28 31 11 8 103
660.0 20 23 31 13 8 95
665.0 18 24 33 15 8 98
670.0 16 27 32 15 8 98
675.0 17 32 30 13 7 99
680.0 20 31 31 12 7 101
685.0 19 29 29 12 6 95
690.0 20 27 34 11 7 99
695.0 22 27 32 13 6 100
700.0 22 27 32 11 7 99
705.0 24 28 33 9 6 100
710.0 25 27 29 10 6 97
715.0 23 23 27 13 8 94
720.0 22 21 28 12 8 91
725.0 19 19 23 13 9 83
730.0 22 16 22 12 11 83
735.0 21 16 20 13 10 80
740.0 22 12 22 13 9 78
745.0 23 14 22 11 9 79
750.0 18 14 25 11 10 78
755.0 18 14 23 13 8 76
760.0 17 17 24 13 9 80
765.0 17 16 21 11 9 74
770.0 15 19 26 11 8 79
775.0 15 19 26 11 8 79
780.0 18 25 28 8 8 87
785.0 18 24 33 10 8 93
790.0 16 23 32 11 10 92
795.0 17 18 24 11 11 81
800.0 18 15 24 12 10 79
805.0 15 18 23 13 11 80
810.0 12 19 25 14 10 80
815.0 13 18 24 12 10 77
820.0 13 19 25 10 7 74
825.0 14 24 24 11 8 81
830.0 19 29 22 12 8 90
835.0 19 27 24 10 8 88
840.0 23 23 24 10 8 88
845.0 26 27 21 11 9 94
850.0 27 24 21 12 11 95
855.0 25 21 23 8 9 86
860.0 24 22 23 9 11 89
865.0 20 21 27 9 11 88
870.0 22 22 30 10 11 95
875.0 23 20 29 13 10 95
880.0 23 20 30 14 7 94
885.0 22 17 30 14 8 91
890.0 18 17 35 15 9 94
895.0 18 20 36 17 9 100
900.0 17 19 38 18 8 100
905.0 21 21 39 17 7 105
910.0 18 18 36 16 10 98
915.0 18 17 34 16 12 97
920.0 23 22 37 17 14 113
925.0 25 20 37 17 13 112
930.0 28 19 32 15 11 105
935.0 31 22 28 14 10 105
940.0 34 26 28 10 9 107
945.0 31 25 29 9 10 104
950.0 32 28 33 7 11 111
955.0 34 28 34 12 12 120
960.0 30 28 38 12 12 120
965.0 30 30 35 14 13 122
970.0 30 27 39 13 14 123
975.0 35 28 34 8 13 118
980.0 33 29 40 9 15 126
985.0 35 28 40 11 15 129
990.0 36 26 37 11 17 127
995.0 34 22 37 12 17 122
1000.0 28 22 40 12 16 118
1005.0 26 18 40 15 16 115
1010.0 25 20 34 15 15 109
1015.0 20 18 32 12 14 96
1020.0 22 22 30 9 15 98
1025.0 15 20 35 11 15 96
1030.0 18 21 34 12 14 99
1035.0 18 22 34 13 13 100
1040.0 21 23 28 13 9 94
1045.0 21 22 27 11 11 92
1050.0 22 22 26 10 9 89
1055.0 27 20 29 12 10 98
1060.0 25 23 24 10 8 90
1065.0 25 25 27 10 7 94
1070.0 24 26 26 11 8 95
1075.0 25 28 31 12 7 103
1080.0 29 28 29 12 7 105
1085.0 35 28 25 11 8 107
1090.0 32 25 25 11 9 102
1095.0 31 24 28 14 10 107
1100.0 33 20 32 13 9 107
1105.0 33 25 31 10 11 110
1110.0 34 21 33 10 12 110
1115.0 38 20 30 10 12 110
1120.0 29 20 32 13 13 107
1125.0 23 26 34 10 12 105
1130.0 19 28 36 12 14 109
1135.0 18 28 38 10 14 108
1140.0 20 32 40 9 14 115
1145.0 17 36 44 9 12 118
1150.0 21 31 40 9 13 114
1155.0 22 31 40 9 14 116
1160.0 23 28 42 9 14 116
1165.0 22 31 39 7 15 114
1170.0 18 31 38 8 18 113
1175.0 20 34 33 8 17 112
1180.0 19 33 32 11 15 110
1185.0 23 31 30 11 15 110
1190.0 19 28 33 14 14 108
1195.0 21 30 32 13 13 109
1200.0 20 29 25 11 12 97
1205.0 18 29 27 13 12 99
1210.0 15 25 29 9 11 89
1215.0 13 24 27 9 11 84
1220.0 13 19 25 7 7 71
1225.0 13 16 25 5 7 66
1230.0 10 16 22 6 7 61
1235.0 10 16 28 9 8 71
1240.0 8 16 25 13 8 70
1245.0 8 18 23 14 8 71
1250.0 8 18 21 14 8 69
1255.0 9 12 22 13 7 63
1260.0 8 11 21 14 5 59
1265.0 8 10 19 10 6 53
1270.0 8 12 15 9 5 49
1275.0 8 11 8 6 2 35
1280.0 7 9 9 7 4 36
1285.0 9 8 9 7 4 37
1290.0 10 7 6 5 4 32
1295.0 5 8 5 2 5 25
1300.0 4 7 5 2 4 22
1305.0 4 7 3 3 3 20
1310.0 4 9 3 2 3 21
1315.0 4 8 4 2 2 20
1320.0 4 8 5 2 2 21
1325.0 4 7 6 0 1 18
1330.0 4 6 6 1 1 18
1335.0 5 6 5 1 2 19
1340.0 6 5 6 0 2 19
1345.0 6 2 6 0 1 15
1350.0 5 2 5 1 1 14
1355.0 3 1 4 1 1 10
1360.0 2 2 3 1 0 8
1365.0 2 2 2 1 0 7
1370.0 2 2 1 1 0 6
1375.0 0 1 1 1 0 3
1380.0 0 1 1 1 0 3
1385.0 0 1 1 0 0 2
1390.0 0 1 1 0 0 2
1395.0 0 1 1 0 0 2
1400.0 0 1 1 0 0 2
1405.0 0 1 1 0 0 2
1410.0 0 0 2 0 0 2
1415.0 0 0 2 0 0 2
1420.0 0 0 2 0 0 2
1425.0 0 0 1 0 0 1
1430.0 0 0 1 0 0 1
1435.0 0 0 1 0 0 1
