5.0 0 0 0 0 0 0
10.0 0 0 0 0 0 0
15.0 0 0 0 0 0 0
20.0 0 0 0 0 0 0
25.0 0 0 0 0 0 0
30.0 0 0 0 0 0 0
35.0 0 0 0 0 0 0
40.0 0 0 0 0 0 0
45.0 0 0 0 0 0 0
50.0 0 0 0 0 0 0
55.0 0 0 0 0 0 0
60.0 0 0 0 0 0 0
65.0 0 0 0 0 0 0
70.0 0 0 0 0 0 0
75.0 0 0 0 0 0 0
80.0 0 0 0 0 0 0
85.0 0 0 0 0 0 0
90.0 0 0 0 0 0 0
95.0 0 0 0 0 0 0
100.0 0 0 0 0 0 0
105.0 0 0 0 0 0 0
110.0 0 0 0 0 0 0
115.0 0 0 0 0 0 0
120.0 0 0 0 0 0 0
125.0 0 0 0 0 0 0
130.0 0 0 0 0 0 0
135.0 0 0 0 0 0 0
140.0 0 0 0 0 0 0
145.0 0 0 0 0 0 0
150.0 0 0 0 0 0 0
155.0 0 0 0 0 0 0
160.0 0 0 0 0 0 0
165.0 0 0 0 0 0 0
170.0 0 0 0 0 0 0
175.0 0 0 0 0 0 0
180.0 0 0 0 0 0 0
185.0 0 0 0 0 0 0
190.0 0 0 0 0 0 0
195.0 0 0 0 0 0 0
200.0 0 0 0 0 0 0
205.0 0 0 0 0 0 0
210.0 0 0 0 0 0 0
215.0 0 0 0 0 0 0
220.0 0 0 0 0 0 0
225.0 0 0 0 0 0 0
230.0 0 0 0 0 0 0
235.0 0 0 0 0 0 0
240.0 0 0 0 0 0 0
245.0 0 0 0 0 0 0
250.0 0 0 0 0 0 0
255.0 0 0 0 0 0 0
260.0 0 0 0 0 0 0
265.0 0 0 0 0 0 0
270.0 0 0 0 0 0 0
275.0 0 0 0 0 0 0
280.0 0 0 0 0 0 0
285.0 0 0 0 0 0 0
290.0 0 0 0 0 1 1
295.0 0 0 0 0 1 1
300.0 0 1 0 0 1 2
305.0 0 1 0 0 1 2
310.0 0 1 0 0 1 2
315.0 0 1 0 0 0 1
320.0 0 1 0 0 0 1
325.0 0 1 0 0 0 1
330.0 0 1 0 0 0 1
335.0 0 1 0 0 0 1
340.0 0 2 0 0 0 2
345.0 0 2 0 0 0 2
350.0 0 2 1 1 0 4
355.0 1 3 1 1 0 6
360.0 3 4 1 1 0 9
365.0 3 4 2 1 0 10
370.0 3 5 3 1 0 12
375.0 3 5 4 1 0 13
380.0 3 5 4 1 0 13
385.0 3 4 5 0 0 12
390.0 4 5 6 0 0 15
395.0 4 6 6 0 0 16
400.0 4 5 5 1 0 15
405.0 4 7 7 2 0 20
410.0 6 8 8 3 0 25
415.0 6 9 8 4 0 27
420.0 7 10 8 5 1 31
425.0 7 12 9 5 1 34
430.0 5 13 9 7 1 35
435.0 6 13 10 6 1 36
440.0 8 10 10 5 1 34
445.0 8 10 9 4 0 31
450.0 8 11 13 3 1 36
455.0 8 14 15 3 1 41
460.0 11 11 17 4 1 44
465.0 13 15 17 5 2 52
470.0 14 15 20 8 2 59
475.0 15 16 23 9 2 65
480.0 17 17 23 8 2 67
485.0 20 17 23 8 4 72
490.0 19 18 25 6 7 75
495.0 17 18 23 7 9 74
500.0 18 23 22 7 10 80
505.0 21 25 21 11 10 88
510.0 22 24 19 12 12 89
515.0 22 22 26 11 11 92
520.0 21 27 29 12 12 101
525.0 18 36 33 13 10 110
530.0 20 36 32 17 11 116
535.0 22 40 38 18 10 128
540.0 27 40 41 20 11 139
545.0 29 39 42 21 12 143
550.0 28 44 44 24 11 151
555.0 30 45 44 29 11 159
560.0 36 44 44 28 12 164
565.0 36 44 48 25 13 166
570.0 39 46 47 26 13 171
575.0 44 41 48 24 14 171
580.0 46 42 52 22 14 176
585.0 49 40 48 23 15 175
590.0 48 44 55 17 16 180
595.0 46 45 57 17 14 179
600.0 49 47 62 20 17 195
605.0 47 48 61 24 16 196
610.0 49 52 64 25 18 208
615.0 57 57 61 21 18 214
620.0 63 63 61 22 20 229
625.0 59 61 52 23 19 214
630.0 55 46 59 28 21 209
635.0 52 47 59 27 21 206
640.0 55 47 60 27 20 209
645.0 59 42 62 29 21 213
650.0 62 46 63 24 23 218
655.0 64 43 71 23 23 224
660.0 57 48 70 24 24 223
665.0 53 45 72 26 26 222
670.0 53 44 70 28 27 222
675.0 47 42 68 28 28 213
680.0 45 45 68 29 31 218
685.0 38 41 70 26 26 201
690.0 41 35 68 26 24 194
695.0 40 32 65 28 22 187
700.0 38 31 70 31 22 192
705.0 41 33 62 30 25 191
710.0 41 34 56 27 25 183
715.0 37 33 64 25 26 185
720.0 36 36 62 27 25 186
725.0 35 39 58 25 25 182
730.0 38 39 56 24 21 178
735.0 38 41 56 23 22 180
740.0 34 35 53 22 22 166
745.0 32 37 54 21 22 166
750.0 27 39 58 26 21 171
755.0 29 39 58 27 22 175
760.0 25 37 53 29 21 165
765.0 20 36 50 33 20 159
770.0 22 34 46 30 20 152
775.0 22 33 43 28 19 145
780.0 29 36 44 23 20 152
785.0 38 33 50 20 19 160
790.0 37 30 58 19 21 165
795.0 36 30 60 17 21 164
800.0 37 24 65 17 22 165
805.0 42 29 56 17 24 168
810.0 44 32 48 14 19 157
815.0 43 36 50 13 20 162
820.0 45 33 50 14 15 157
825.0 48 28 50 15 19 160
830.0 44 31 50 19 19 163
835.0 44 29 49 22 19 163
840.0 40 33 53 24 19 169
845.0 39 38 54 26 20 177
850.0 40 38 54 23 20 175
855.0 41 41 55 24 22 183
860.0 44 39 57 27 18 185
865.0 44 37 64 26 17 188
870.0 48 37 62 26 18 191
875.0 50 33 63 25 19 190
880.0 51 41 62 25 19 198
885.0 50 43 57 25 17 192
890.0 48 39 57 26 16 186
895.0 41 43 54 26 19 183
900.0 45 51 51 26 19 192
905.0 47 57 50 22 20 196
910.0 46 59 53 19 22 199
915.0 45 59 57 18 20 199
920.0 46 60 65 16 18 205
925.0 46 56 70 17 20 209
930.0 52 59 68 16 19 214
935.0 54 54 64 17 20 209
940.0 54 49 55 19 22 199
945.0 52 48 57 24 23 204
950.0 47 43 62 22 23 197
955.0 44 47 70 23 22 206
960.0 43 45 76 24 23 211
965.0 46 47 73 24 26 216
970.0 43 48 72 19 22 204
975.0 43 48 68 20 22 201
980.0 46 48 67 22 21 204
985.0 41 44 69 21 23 198
990.0 40 45 69 27 26 207
995.0 42 48 65 22 26 203
1000.0 40 50 71 23 26 210
1005.0 39 45 76 23 25 208
1010.0 44 44 71 21 28 208
1015.0 48 52 75 14 27 216
1020.0 44 56 79 18 24 221
1025.0 42 57 78 19 24 220
1030.0 42 55 75 21 23 216
1035.0 38 61 75 20 22 216
1040.0 44 55 69 25 23 216
1045.0 48 54 66 21 25 214
1050.0 50 56 65 19 25 215
1055.0 50 53 66 24 28 221
1060.0 52 54 64 26 27 223
1065.0 52 55 65 27 29 228
1070.0 56 50 70 30 30 236
1075.0 58 55 69 31 29 242
1080.0 55 56 73 33 29 246
1085.0 54 55 75 32 30 246
1090.0 49 63 71 30 32 245
1095.0 51 68 77 25 34 255
1100.0 52 69 74 25 30 250
1105.0 53 70 74 23 29 249
1110.0 56 69 76 26 28 255
1115.0 66 65 77 29 25 262
1120.0 57 59 81 30 24 251
1125.0 61 61 82 30 25 259
1130.0 62 63 74 32 23 254
1135.0 53 62 67 31 27 240
1140.0 59 61 64 30 26 240
1145.0 60 58 61 29 28 236
1150.0 54 56 63 23 28 224
1155.0 62 50 62 22 31 227
1160.0 58 49 63 20 30 220
1165.0 59 48 66 18 31 222
1170.0 53 51 69 22 29 224
1175.0 52 51 72 29 29 233
1180.0 50 55 71 29 29 234
1185.0 50 51 73 29 28 231
1190.0 45 53 76 29 31 234
1195.0 47 51 72 28 30 228
1200.0 46 54 66 29 30 225
1205.0 46 55 61 31 28 221
1210.0 46 56 60 28 25 215
1215.0 49 55 57 24 24 209
1220.0 49 51 53 25 25 203
1225.0 48 51 52 27 21 199
1230.0 45 45 54 23 20 187
1235.0 41 45 51 21 16 174
1240.0 37 41 50 18 14 160
1245.0 34 40 39 18 12 143
1250.0 32 38 33 17 9 129
1255.0 30 34 29 16 10 119
1260.0 24 30 32 13 9 108
1265.0 23 26 31 12 8 100
1270.0 23 26 33 12 6 100
1275.0 22 23 31 9 7 92
1280.0 20 19 26 8 7 80
1285.0 13 19 25 9 6 72
1290.0 17 18 19 7 7 68
1295.0 12 16 19 4 7 58
1300.0 13 13 14 6 7 53
1305.0 13 10 14 5 7 49
1310.0 11 6 10 5 4 36
1315.0 9 7 6 5 3 30
1320.0 12 9 8 2 4 35
1325.0 9 12 5 3 3 32
1330.0 9 11 5 2 3 30
1335.0 8 7 6 2 3 26
1340.0 4 7 7 3 3 24
1345.0 5 6 8 4 2 25
1350.0 5 7 6 3 1 22
1355.0 6 5 5 2 1 19
1360.0 4 5 6 4 1 20
1365.0 3 4 7 3 1 18
1370.0 2 3 7 2 1 15
1375.0 2 3 6 1 1 13
1380.0 1 2 4 1 1 9
1385.0 1 2 4 1 1 9
1390.0 2 2 3 0 0 7
1395.0 0 2 3 0 0 5
1400.0 0 1 2 0 0 3
1405.0 0 1 2 0 0 3
1410.0 0 1 1 0 0 2
1415.0 0 0 1 0 0 1
1420.0 0 0 1 0 0 1
1425.0 0 0 1 0 1 2
1430.0 0 0 1 0 1 2
1435.0 0 0 1 0 1 2
