5.0 0 0 0 0 0 0
10.0 0 0 0 0 0 0
15.0 0 0 0 0 0 0
20.0 0 0 0 0 0 0
25.0 0 0 0 0 0 0
30.0 0 0 0 0 0 0
35.0 0 0 0 0 0 0
40.0 0 0 0 0 0 0
45.0 0 0 0 0 0 0
50.0 0 0 0 0 0 0
55.0 0 0 0 0 0 0
60.0 0 0 0 0 0 0
65.0 0 0 0 0 0 0
70.0 0 0 0 0 0 0
75.0 0 0 0 0 0 0
80.0 0 0 0 0 0 0
85.0 0 0 0 0 0 0
90.0 0 0 0 0 0 0
95.0 0 0 0 0 0 0
100.0 0 0 0 0 0 0
105.0 0 0 0 0 0 0
110.0 0 0 0 0 0 0
115.0 0 0 0 0 0 0
120.0 0 0 0 0 0 0
125.0 0 0 0 0 0 0
130.0 0 0 0 0 0 0
135.0 0 0 0 0 0 0
140.0 0 0 0 0 0 0
145.0 0 0 0 0 0 0
150.0 0 0 0 0 0 0
155.0 0 0 0 0 0 0
160.0 0 0 0 0 0 0
165.0 0 0 0 0 0 0
170.0 0 0 0 0 0 0
175.0 0 0 0 0 0 0
180.0 0 0 0 0 0 0
185.0 0 0 0 0 0 0
190.0 0 0 0 0 0 0
195.0 0 0 0 0 0 0
200.0 0 0 0 0 0 0
205.0 0 0 0 0 0 0
210.0 0 0 0 0 0 0
215.0 0 0 0 0 0 0
220.0 0 0 0 0 0 0
225.0 0 0 0 0 0 0
230.0 0 0 0 0 0 0
235.0 0 0 0 0 0 0
240.0 0 0 0 0 0 0
245.0 0 0 0 0 0 0
250.0 0 0 0 0 0 0
255.0 0 0 0 0 0 0
260.0 0 0 0 0 0 0
265.0 0 0 0 0 0 0
270.0 0 0 0 0 0 0
275.0 0 0 0 0 0 0
280.0 0 0 0 0 0 0
285.0 0 0 1 0 0 1
290.0 0 0 1 0 0 1
295.0 0 0 1 0 0 1
300.0 0 0 1 0 0 1
305.0 0 0 1 0 0 1
310.0 1 0 1 0 0 2
315.0 1 0 1 0 0 2
320.0 1 0 1 0 0 2
325.0 1 0 0 0 0 1
330.0 1 0 0 0 0 1
335.0 1 0 0 0 0 1
340.0 1 1 0 0 0 2
345.0 1 1 0 0 0 2
350.0 1 1 0 0 0 2
355.0 0 1 1 0 0 2
360.0 0 0 1 0 0 1
365.0 0 0 1 0 0 1
370.0 0 0 1 0 0 1
375.0 1 0 1 0 0 2
380.0 2 0 0 1 0 3
385.0 2 0 0 1 0 3
390.0 1 0 0 1 0 2
395.0 1 0 0 1 0 2
400.0 1 0 1 1 0 3
405.0 1 0 1 1 0 3
410.0 1 0 1 1 0 3
415.0 2 0 0 1 0 3
420.0 2 0 0 1 0 3
425.0 3 0 0 1 0 4
430.0 3 1 1 0 0 5
435.0 3 1 1 0 0 5
440.0 3 1 1 0 0 5
445.0 3 2 2 0 0 7
450.0 4 2 2 0 0 8
455.0 3 2 1 1 0 7
460.0 3 2 1 1 0 7
465.0 1 3 1 1 0 6
470.0 0 3 2 1 0 6
475.0 1 3 2 2 0 8
480.0 2 3 3 3 0 11
485.0 2 3 3 3 0 11
490.0 3 3 3 3 0 12
495.0 4 3 2 3 1 13
500.0 4 3 3 2 1 13
505.0 3 5 3 2 1 14
510.0 5 4 3 2 0 14
515.0 6 4 6 1 0 17
520.0 6 5 6 2 0 19
525.0 7 7 6 2 0 22
530.0 7 8 7 3 0 25
535.0 5 8 9 3 0 25
540.0 6 7 10 2 0 25
545.0 6 6 12 3 0 27
550.0 5 6 13 3 0 27
555.0 4 7 13 5 0 29
560.0 5 8 11 6 0 30
565.0 6 10 7 6 1 30
570.0 8 8 8 7 2 33
575.0 9 7 9 6 2 33
580.0 7 7 8 6 2 30
585.0 6 7 7 6 2 28
590.0 9 7 7 6 2 31
595.0 9 8 7 6 2 32
600.0 9 7 7 8 3 34
605.0 5 7 8 10 4 34
610.0 5 7 10 10 2 34
615.0 4 8 10 9 2 33
620.0 6 5 12 8 3 34
625.0 6 7 12 8 4 37
630.0 8 10 9 6 4 37
635.0 10 9 12 5 4 40
640.0 9 9 13 5 4 40
645.0 11 8 15 5 4 43
650.0 11 8 12 5 3 39
655.0 10 8 14 5 3 40
660.0 8 5 14 5 3 35
665.0 7 6 13 5 3 34
670.0 6 5 13 4 2 30
675.0 7 6 12 5 1 31
680.0 10 5 12 6 2 35
685.0 9 5 13 7 2 36
690.0 10 5 13 6 3 37
695.0 10 7 12 6 3 38
700.0 10 6 8 7 4 35
705.0 6 7 8 7 3 31
710.0 4 7 8 7 2 28
715.0 5 8 6 6 2 27
720.0 7 8 6 7 2 30
725.0 10 7 5 5 2 29
730.0 11 8 6 3 2 30
735.0 10 8 5 3 3 29
740.0 9 10 5 4 2 30
745.0 10 11 4 3 2 30
750.0 9 11 5 3 2 30
755.0 7 8 7 6 1 29
760.0 4 8 8 5 1 26
765.0 2 7 6 5 1 21
770.0 3 4 7 4 1 19
775.0 5 4 6 4 2 21
780.0 5 4 5 4 3 21
785.0 5 5 5 4 3 22
790.0 4 5 5 5 2 21
795.0 7 6 6 6 2 27
800.0 6 7 9 3 4 29
805.0 5 5 9 4 6 29
810.0 5 5 8 5 5 28
815.0 6 5 8 5 5 29
820.0 4 7 8 3 6 28
825.0 4 8 7 4 6 29
830.0 5 10 6 4 6 31
835.0 5 9 7 3 5 29
840.0 6 8 7 3 5 29
845.0 6 8 7 3 6 30
850.0 4 8 9 3 4 28
855.0 4 8 9 5 4 30
860.0 4 9 9 4 4 30
865.0 3 8 9 4 5 29
870.0 3 10 12 4 6 35
875.0 1 10 12 3 6 32
880.0 1 9 10 3 6 29
885.0 2 7 12 3 7 31
890.0 4 7 11 3 8 33
895.0 2 7 12 3 8 32
900.0 2 8 10 4 7 31
905.0 5 8 10 3 8 34
910.0 5 11 10 2 8 36
915.0 5 12 11 2 8 38
920.0 6 11 8 3 9 37
925.0 6 11 8 2 9 36
930.0 6 8 9 4 10 37
935.0 6 9 9 4 9 37
940.0 5 10 12 4 8 39
945.0 5 9 11 5 8 38
950.0 4 8 11 7 7 37
955.0 3 9 11 5 7 35
960.0 3 9 12 4 7 35
965.0 5 7 13 4 6 35
970.0 7 8 13 3 4 35
975.0 6 10 12 3 4 35
980.0 6 9 10 3 4 32
985.0 10 9 12 3 4 38
990.0 10 10 10 3 4 37
995.0 11 11 11 3 3 39
1000.0 11 11 11 3 3 39
1005.0 8 9 13 4 3 37
1010.0 8 9 11 5 3 36
1015.0 6 7 11 8 3 35
1020.0 7 7 11 5 3 33
1025.0 5 5 11 5 3 29
1030.0 6 5 9 5 3 28
1035.0 8 3 8 4 3 26
1040.0 8 4 8 3 2 25
1045.0 8 4 8 3 2 25
1050.0 10 5 10 3 2 30
1055.0 9 5 12 3 3 32
1060.0 12 5 13 4 3 37
1065.0 11 6 15 3 4 39
1070.0 8 5 14 5 4 36
1075.0 7 4 15 4 4 34
1080.0 7 5 13 4 4 33
1085.0 8 6 13 5 4 36
1090.0 6 8 13 6 4 37
1095.0 7 10 11 5 4 37
1100.0 8 9 13 5 5 40
1105.0 7 10 14 5 5 41
1110.0 8 10 15 4 4 41
1115.0 9 9 14 5 4 41
1120.0 10 11 13 6 5 45
1125.0 9 13 15 6 5 48
1130.0 10 12 14 7 4 47
1135.0 11 10 12 7 4 44
1140.0 9 9 8 7 3 36
1145.0 14 10 9 8 2 43
1150.0 13 11 9 7 2 42
1155.0 12 12 11 6 3 44
1160.0 12 13 12 4 3 44
1165.0 12 12 13 7 3 47
1170.0 10 11 12 6 4 43
1175.0 12 9 10 6 4 41
1180.0 12 9 10 6 4 41
1185.0 12 10 13 5 4 44
1190.0 9 12 12 7 4 44
1195.0 6 10 12 8 4 40
1200.0 7 10 8 7 3 35
1205.0 7 6 7 7 4 31
1210.0 6 8 3 5 3 25
1215.0 4 7 3 6 2 22
1220.0 5 8 2 5 2 22
1225.0 5 8 1 5 2 21
1230.0 6 8 1 4 1 20
1235.0 5 8 1 4 1 19
1240.0 4 7 1 3 1 16
1245.0 3 7 1 3 2 16
1250.0 4 7 2 3 3 19
1255.0 2 6 1 3 2 14
1260.0 2 5 2 2 2 13
1265.0 1 5 1 3 2 12
1270.0 1 5 0 2 3 11
1275.0 1 4 1 1 1 8
1280.0 1 4 2 2 1 10
1285.0 1 4 2 2 1 10
1290.0 1 2 2 2 2 9
1295.0 2 1 2 0 2 7
1300.0 2 0 2 0 1 5
1305.0 1 0 1 1 1 4
1310.0 1 0 1 1 1 4
1315.0 0 0 1 2 0 3
1320.0 0 0 2 2 0 4
1325.0 2 0 1 1 0 4
1330.0 2 0 1 1 0 4
1335.0 2 0 1 1 0 4
1340.0 2 0 1 1 0 4
1345.0 2 0 1 0 0 3
1350.0 2 0 1 0 0 3
1355.0 2 0 1 0 0 3
1360.0 2 0 1 0 0 3
1365.0 2 0 1 0 0 3
1370.0 2 0 1 0 0 3
1375.0 2 0 1 0 0 3
1380.0 1 0 1 0 0 2
1385.0 0 0 1 0 0 1
1390.0 0 0 0 0 0 0
1395.0 0 0 0 0 0 0
1400.0 0 0 0 0 0 0
1405.0 0 0 0 0 0 0
1410.0 0 0 0 0 0 0
1415.0 0 0 0 0 0 0
1420.0 0 1 0 0 0 1
1425.0 0 1 0 0 0 1
1430.0 0 0 0 0 0 0
1435.0 0 0 0 0 0 0
