5.0 0 0 0 0 0 0
10.0 0 0 0 0 0 0
15.0 0 0 0 0 0 0
20.0 0 0 0 0 0 0
25.0 0 0 0 0 0 0
30.0 0 0 0 0 0 0
35.0 0 0 0 0 0 0
40.0 0 0 0 0 0 0
45.0 0 0 0 0 0 0
50.0 0 0 0 0 0 0
55.0 0 0 0 0 0 0
60.0 0 0 0 0 0 0
65.0 0 0 0 0 0 0
70.0 0 0 0 0 0 0
75.0 0 0 0 0 0 0
80.0 0 0 0 0 0 0
85.0 0 0 0 0 0 0
90.0 0 0 0 0 0 0
95.0 0 0 0 0 0 0
100.0 0 0 0 0 0 0
105.0 0 0 0 0 0 0
110.0 0 0 0 0 0 0
115.0 0 0 0 0 0 0
120.0 0 0 0 0 0 0
125.0 0 0 0 0 0 0
130.0 0 0 0 0 0 0
135.0 0 0 0 0 0 0
140.0 0 0 0 0 0 0
145.0 0 0 0 0 0 0
150.0 0 0 0 0 0 0
155.0 0 0 0 0 0 0
160.0 0 0 0 0 0 0
165.0 0 0 0 0 0 0
170.0 0 0 0 0 0 0
175.0 0 0 0 0 0 0
180.0 0 0 0 0 0 0
185.0 0 0 0 0 0 0
190.0 0 0 0 0 0 0
195.0 0 0 0 0 0 0
200.0 0 0 0 0 0 0
205.0 0 0 0 0 0 0
210.0 0 0 0 0 0 0
215.0 0 0 0 0 0 0
220.0 0 0 0 0 0 0
225.0 0 0 0 0 0 0
230.0 0 0 0 0 0 0
235.0 0 0 0 0 0 0
240.0 0 0 0 0 0 0
245.0 0 0 0 0 0 0
250.0 0 0 0 0 0 0
255.0 0 0 0 0 0 0
260.0 0 0 0 0 0 0
265.0 0 0 0 0 0 0
270.0 0 0 0 0 0 0
275.0 0 0 0 0 0 0
280.0 0 0 0 0 0 0
285.0 0 0 0 0 0 0
290.0 0 1 0 0 0 1
295.0 0 1 0 0 0 1
300.0 0 1 0 0 0 1
305.0 0 1 0 1 0 2
310.0 0 1 0 1 0 2
315.0 1 0 0 1 0 2
320.0 1 0 0 1 0 2
325.0 1 0 0 1 0 2
330.0 1 0 2 1 0 4
335.0 1 0 2 1 0 4
340.0 0 0 2 1 0 3
345.0 0 1 1 1 0 3
350.0 1 1 1 1 0 4
355.0 1 3 1 1 0 6
360.0 1 3 2 1 1 8
365.0 0 4 2 1 1 8
370.0 0 4 2 1 1 8
375.0 1 3 2 0 1 7
380.0 2 3 3 0 2 10
385.0 3 2 3 0 1 9
390.0 3 3 4 1 1 12
395.0 4 3 4 1 1 13
400.0 3 4 6 2 1 16
405.0 6 4 8 2 1 21
410.0 6 7 8 1 1 23
415.0 8 7 8 1 1 25
420.0 8 7 10 2 2 29
425.0 7 8 10 3 2 30
430.0 8 8 10 4 1 31
435.0 8 7 14 4 2 35
440.0 8 8 15 2 3 36
445.0 9 13 14 2 3 41
450.0 12 11 12 3 3 41
455.0 12 11 16 2 2 43
460.0 13 12 14 4 4 47
465.0 15 22 15 6 4 62
470.0 17 24 14 6 3 64
475.0 18 29 16 4 5 72
480.0 20 33 14 4 5 76
485.0 20 32 16 6 5 79
490.0 23 34 15 8 6 86
495.0 24 38 16 10 7 95
500.0 21 37 17 12 9 96
505.0 23 38 20 15 9 105
510.0 24 37 31 17 10 119
515.0 24 38 35 15 10 122
520.0 29 36 38 18 12 133
525.0 30 38 42 14 11 135
530.0 33 40 41 15 11 140
535.0 35 40 45 20 13 153
540.0 33 40 44 21 14 152
545.0 34 40 41 20 17 152
550.0 38 40 46 21 19 164
555.0 41 43 46 18 19 167
560.0 40 44 45 21 17 167
565.0 41 45 42 20 19 167
570.0 44 46 41 25 18 174
575.0 44 46 44 32 20 186
580.0 44 45 43 33 20 185
585.0 51 52 48 35 21 207
590.0 53 54 49 31 20 207
595.0 58 51 46 33 22 210
600.0 52 50 47 37 22 208
605.0 53 49 55 37 21 215
610.0 52 50 61 34 21 218
615.0 52 53 68 37 23 233
620.0 52 53 71 37 23 236
625.0 55 54 75 37 22 243
630.0 55 50 72 38 25 240
635.0 57 54 66 33 27 237
640.0 54 50 63 32 29 228
645.0 60 49 65 29 28 231
650.0 61 45 66 27 28 227
655.0 56 48 61 32 27 224
660.0 57 47 62 32 27 225
665.0 50 42 71 34 26 223
670.0 51 41 71 26 26 215
675.0 49 41 62 28 27 207
680.0 46 40 67 27 26 206
685.0 47 40 70 24 26 207
690.0 44 42 73 24 24 207
695.0 45 45 70 22 26 208
700.0 49 39 70 18 24 200
705.0 46 42 68 18 22 196
710.0 44 36 71 19 23 193
715.0 44 35 66 21 21 187
720.0 44 35 67 19 19 184
725.0 37 34 67 21 18 177
730.0 42 36 62 22 15 177
735.0 41 33 58 22 18 172
740.0 39 35 53 22 17 166
745.0 38 31 53 22 17 161
750.0 35 33 59 24 18 169
755.0 35 37 57 24 17 170
760.0 31 37 63 24 13 168
765.0 34 34 67 24 14 173
770.0 33 41 64 25 15 178
775.0 37 44 59 25 17 182
780.0 36 40 57 27 15 175
785.0 33 40 60 30 20 183
790.0 31 41 56 33 21 182
795.0 33 43 46 35 22 179
800.0 32 43 43 36 23 177
805.0 31 45 46 38 22 182
810.0 36 45 49 35 21 186
815.0 35 41 47 37 22 182
820.0 38 44 48 34 23 187
825.0 41 43 46 27 27 184
830.0 40 43 46 31 26 186
835.0 45 43 47 30 25 190
840.0 46 41 47 30 24 188
845.0 45 40 51 29 20 185
850.0 49 42 45 30 21 187
855.0 53 42 40 33 22 190
860.0 50 46 46 32 23 197
865.0 49 46 47 33 19 194
870.0 48 47 48 39 20 202
875.0 50 43 48 41 19 201
880.0 44 39 51 40 19 193
885.0 44 38 53 39 20 194
890.0 42 37 59 38 25 201
895.0 41 35 64 37 25 202
900.0 48 38 60 27 23 196
905.0 50 45 53 31 20 199
910.0 49 48 57 29 19 202
915.0 50 49 56 26 18 199
920.0 47 47 60 29 18 201
925.0 46 48 57 32 18 201
930.0 46 50 57 32 21 206
935.0 45 45 60 30 22 202
940.0 43 47 64 31 22 207
945.0 47 53 62 28 22 212
950.0 40 49 64 31 24 208
955.0 42 48 63 30 25 208
960.0 39 47 56 28 24 194
965.0 43 51 58 27 24 203
970.0 47 55 55 28 24 209
975.0 47 59 54 25 24 209
980.0 55 60 52 20 24 211
985.0 55 60 61 22 23 221
990.0 53 60 62 26 25 226
995.0 58 56 62 27 23 226
1000.0 55 49 67 23 24 218
1005.0 56 47 65 22 23 213
1010.0 54 39 71 24 22 210
1015.0 51 42 65 21 24 203
1020.0 48 46 64 22 23 203
1025.0 45 54 62 27 27 215
1030.0 42 52 56 29 27 206
1035.0 44 51 57 31 27 210
1040.0 41 51 61 34 26 213
1045.0 50 56 66 33 22 227
1050.0 53 58 68 34 22 235
1055.0 53 54 67 33 24 231
1060.0 48 59 72 37 25 241
1065.0 48 55 76 34 25 238
1070.0 47 56 75 37 23 238
1075.0 45 54 78 37 22 236
1080.0 45 54 81 37 21 238
1085.0 46 52 74 41 23 236
1090.0 45 55 72 39 22 233
1095.0 52 58 76 38 20 244
1100.0 55 63 79 34 15 246
1105.0 52 62 84 36 15 249
1110.0 54 66 78 39 15 252
1115.0 52 66 74 36 14 242
1120.0 55 67 75 37 17 251
1125.0 55 61 77 42 18 253
1130.0 52 62 75 41 20 250
1135.0 58 56 77 38 21 250
1140.0 60 54 73 35 23 245
1145.0 64 53 71 33 21 242
1150.0 61 53 63 37 21 235
1155.0 65 47 61 34 23 230
1160.0 66 44 63 34 22 229
1165.0 65 44 64 35 21 229
1170.0 63 53 63 30 24 233
1175.0 66 55 63 33 24 241
1180.0 62 57 60 33 22 234
1185.0 54 55 65 34 27 235
1190.0 51 50 75 28 26 230
1195.0 45 50 75 27 27 224
1200.0 39 43 67 21 27 197
1205.0 43 43 61 22 27 196
1210.0 41 41 65 23 25 195
1215.0 41 42 59 23 23 188
1220.0 34 33 60 21 20 168
1225.0 37 30 58 18 19 162
1230.0 33 34 55 20 19 161
1235.0 24 35 56 22 15 152
1240.0 25 29 52 20 12 138
1245.0 23 34 46 20 14 137
1250.0 20 36 46 17 12 131
1255.0 25 36 40 14 12 127
1260.0 25 28 36 15 12 116
1265.0 22 25 33 15 11 106
1270.0 21 22 29 14 11 97
1275.0 22 21 25 14 11 93
1280.0 19 17 26 16 12 90
1285.0 15 20 26 15 13 89
1290.0 14 18 21 12 13 78
1295.0 15 15 17 11 13 71
1300.0 14 13 16 10 12 65
1305.0 14 11 13 6 13 57
1310.0 12 10 13 5 10 50
1315.0 9 12 13 6 9 49
1320.0 8 11 13 8 8 48
1325.0 8 8 9 9 6 40
1330.0 7 6 9 8 5 35
1335.0 5 7 6 7 6 31
1340.0 5 5 7 6 6 29
1345.0 4 3 6 3 6 22
1350.0 3 1 5 3 6 18
1355.0 3 3 5 2 6 19
1360.0 3 4 5 2 5 19
1365.0 3 2 5 1 4 15
1370.0 3 2 4 1 3 13
1375.0 1 1 4 0 3 9
1380.0 0 1 3 1 1 6
1385.0 1 1 2 1 1 6
1390.0 1 1 1 1 1 5
1395.0 1 1 2 1 1 6
1400.0 0 1 2 1 0 4
1405.0 0 1 2 1 0 4
1410.0 0 1 1 1 0 3
1415.0 0 0 1 1 0 2
1420.0 1 0 1 1 0 3
1425.0 1 0 1 0 0 2
1430.0 1 0 1 0 0 2
1435.0 1 0 1 0 0 2
