5.0 0 0 0 0 0 0
10.0 0 0 0 0 0 0
15.0 0 0 0 0 0 0
20.0 0 0 0 0 0 0
25.0 0 0 0 0 0 0
30.0 0 0 0 0 0 0
35.0 0 0 0 0 0 0
40.0 0 0 0 0 0 0
45.0 0 0 0 0 0 0
50.0 0 0 0 0 0 0
55.0 0 0 0 0 0 0
60.0 0 0 0 0 0 0
65.0 0 0 0 0 0 0
70.0 0 0 0 0 0 0
75.0 0 0 0 0 0 0
80.0 0 0 0 0 0 0
85.0 0 0 0 0 0 0
90.0 0 0 0 0 0 0
95.0 0 0 0 0 0 0
100.0 0 0 0 0 0 0
105.0 0 0 0 0 0 0
110.0 0 0 0 0 0 0
115.0 0 0 0 0 0 0
120.0 0 0 0 0 0 0
125.0 0 0 0 0 0 0
130.0 0 0 0 0 0 0
135.0 0 0 0 0 0 0
140.0 0 0 0 0 0 0
145.0 0 0 0 0 0 0
150.0 0 0 0 0 0 0
155.0 0 0 0 0 0 0
160.0 0 0 0 0 0 0
165.0 0 0 0 0 0 0
170.0 0 0 0 0 0 0
175.0 0 0 0 0 0 0
180.0 0 0 0 0 0 0
185.0 0 0 0 0 0 0
190.0 0 0 0 0 0 0
195.0 0 0 0 0 0 0
200.0 0 0 0 0 0 0
205.0 0 0 0 0 0 0
210.0 0 0 0 0 0 0
215.0 0 0 0 0 0 0
220.0 0 0 0 0 0 0
225.0 0 0 0 0 0 0
230.0 0 0 0 0 0 0
235.0 0 0 0 0 0 0
240.0 0 0 0 0 0 0
245.0 0 0 0 0 0 0
250.0 0 0 0 0 0 0
255.0 0 0 0 0 0 0
260.0 0 0 0 0 0 0
265.0 0 0 0 0 0 0
270.0 0 0 0 0 0 0
275.0 0 0 0 0 0 0
280.0 0 0 0 0 0 0
285.0 0 0 0 0 0 0
290.0 0 0 0 0 0 0
295.0 0 0 0 0 0 0
300.0 0 0 0 0 0 0
305.0 0 0 0 0 0 0
310.0 0 0 0 1 0 1
315.0 0 0 0 1 0 1
320.0 0 0 0 1 0 1
325.0 1 0 0 0 0 1
330.0 1 0 0 0 0 1
335.0 0 0 0 1 0 1
340.0 0 0 0 2 0 2
345.0 0 0 0 2 0 2
350.0 0 0 1 1 0 2
355.0 0 0 1 1 0 2
360.0 0 0 1 1 0 2
365.0 0 0 1 1 0 2
370.0 0 0 1 1 0 2
375.0 0 0 1 1 0 2
380.0 0 0 1 1 0 2
385.0 0 0 0 1 0 1
390.0 0 1 0 0 0 1
395.0 0 1 0 0 0 1
400.0 0 1 0 0 0 1
405.0 0 1 0 0 0 1
410.0 2 1 0 0 0 3
415.0 2 1 0 0 1 4
420.0 2 1 0 0 1 4
425.0 2 1 0 0 1 4
430.0 2 1 0 0 2 5
435.0 2 3 0 1 2 8
440.0 2 4 0 1 2 9
445.0 2 4 1 2 2 11
450.0 2 3 2 1 2 10
455.0 1 3 2 0 2 8
460.0 1 3 2 0 2 8
465.0 1 3 2 0 2 8
470.0 1 2 2 1 2 8
475.0 2 3 3 1 2 11
480.0 2 4 3 1 2 12
485.0 2 3 3 2 2 12
490.0 2 4 1 2 2 11
495.0 2 6 2 2 2 14
500.0 2 6 3 2 2 15
505.0 2 7 3 2 2 16
510.0 1 7 3 3 2 16
515.0 1 4 4 2 3 14
520.0 4 3 4 2 2 15
525.0 5 4 5 2 2 18
530.0 5 4 5 2 2 18
535.0 6 4 6 2 2 20
540.0 5 4 6 2 2 19
545.0 3 5 6 2 3 19
550.0 3 5 6 2 3 19
555.0 6 3 5 1 3 18
560.0 6 4 5 1 3 19
565.0 6 5 5 2 3 21
570.0 8 6 5 2 2 23
575.0 9 8 5 2 2 26
580.0 9 8 6 3 2 28
585.0 8 8 6 4 2 28
590.0 8 8 6 4 2 28
595.0 6 6 8 5 2 27
600.0 5 4 10 7 3 29
605.0 4 5 10 7 3 29
610.0 5 6 9 6 3 29
615.0 3 8 9 6 3 29
620.0 6 8 10 6 2 32
625.0 7 8 10 5 2 32
630.0 7 8 9 5 2 31
635.0 7 6 9 6 2 30
640.0 7 7 9 6 3 32
645.0 5 8 8 6 4 31
650.0 6 11 8 6 4 35
655.0 5 9 12 4 4 34
660.0 6 11 10 4 4 35
665.0 5 11 10 4 5 35
670.0 8 9 10 5 6 38
675.0 12 7 11 5 6 41
680.0 12 6 11 4 6 39
685.0 10 5 11 4 6 36
690.0 9 5 11 4 6 35
695.0 9 7 10 5 6 37
700.0 9 8 10 5 4 36
705.0 10 7 11 6 4 38
710.0 10 9 11 7 3 40
715.0 11 9 11 5 3 39
720.0 10 9 10 5 3 37
725.0 10 9 9 5 3 36
730.0 11 8 9 6 2 36
735.0 10 8 8 6 1 33
740.0 10 7 7 5 1 30
745.0 8 6 6 5 0 25
750.0 10 5 7 6 0 28
755.0 12 5 6 6 0 29
760.0 10 5 8 4 0 27
765.0 10 5 9 4 1 29
770.0 10 4 10 4 1 29
775.0 9 5 11 4 0 29
780.0 8 6 11 6 0 31
785.0 8 5 14 6 0 33
790.0 8 6 13 4 1 32
795.0 8 9 9 1 1 28
800.0 6 8 8 3 1 26
805.0 6 9 10 1 1 27
810.0 7 9 9 1 1 27
815.0 7 9 9 1 3 29
820.0 9 9 10 1 4 33
825.0 9 6 11 2 4 32
830.0 9 6 12 2 4 33
835.0 10 5 14 2 5 36
840.0 10 3 15 2 5 35
845.0 6 5 14 5 5 35
850.0 4 5 13 6 5 33
855.0 4 6 10 7 4 31
860.0 4 5 9 7 4 29
865.0 4 6 9 7 4 30
870.0 4 8 6 4 4 26
875.0 3 9 6 7 4 29
880.0 3 11 7 5 3 29
885.0 4 10 11 4 2 31
890.0 5 11 11 2 2 31
895.0 6 12 11 1 2 32
900.0 6 13 8 2 3 32
905.0 5 14 10 1 4 34
910.0 6 10 10 2 3 31
915.0 8 12 10 2 3 35
920.0 7 9 11 2 4 33
925.0 8 6 12 1 4 31
930.0 10 5 11 1 6 33
935.0 9 3 10 0 6 28
940.0 8 3 10 2 6 29
945.0 5 4 11 3 6 29
950.0 4 6 10 3 8 31
955.0 5 6 15 3 6 35
960.0 6 5 14 4 6 35
965.0 5 4 12 3 7 31
970.0 5 4 13 4 7 33
975.0 6 4 12 3 7 32
980.0 6 5 10 5 7 33
985.0 4 6 10 5 6 31
990.0 3 6 10 6 6 31
995.0 3 9 10 2 5 29
1000.0 6 9 13 2 5 35
1005.0 5 10 11 2 5 33
1010.0 6 10 11 2 4 33
1015.0 8 10 9 1 4 32
1020.0 9 11 9 2 4 35
1025.0 7 9 12 2 5 35
1030.0 7 7 10 4 5 33
1035.0 10 4 11 4 5 34
1040.0 8 5 9 2 7 31
1045.0 9 5 9 1 6 30
1050.0 12 8 6 1 6 33
1055.0 10 10 8 3 5 36
1060.0 12 10 8 4 4 38
1065.0 12 11 10 5 4 42
1070.0 12 12 10 5 4 43
1075.0 12 11 13 5 3 44
1080.0 12 11 13 4 3 43
1085.0 11 13 11 6 3 44
1090.0 11 13 12 7 3 46
1095.0 13 14 11 6 3 47
1100.0 16 13 13 6 3 51
1105.0 14 12 12 4 3 45
1110.0 8 13 13 5 3 42
1115.0 9 13 12 4 3 41
1120.0 8 12 13 4 3 40
1125.0 9 12 10 5 3 39
1130.0 10 7 9 5 3 34
1135.0 7 9 11 4 3 34
1140.0 7 10 11 4 4 36
1145.0 9 10 11 4 4 38
1150.0 8 10 14 5 4 41
1155.0 10 11 11 4 3 39
1160.0 10 10 11 4 3 38
1165.0 8 8 12 5 3 36
1170.0 8 6 12 7 2 35
1175.0 8 9 10 7 2 36
1180.0 8 7 10 5 3 33
1185.0 10 6 10 3 2 31
1190.0 11 4 12 3 3 33
1195.0 10 4 14 5 3 36
1200.0 9 5 14 7 3 38
1205.0 10 4 15 8 3 40
1210.0 12 4 13 7 3 39
1215.0 9 5 11 6 4 35
1220.0 9 7 10 3 2 31
1225.0 10 5 11 2 1 29
1230.0 7 5 10 2 1 25
1235.0 4 3 8 3 2 20
1240.0 4 3 9 3 2 21
1245.0 2 3 5 5 0 15
1250.0 2 2 5 5 0 14
1255.0 1 3 5 2 0 11
1260.0 1 4 4 2 0 11
1265.0 2 4 3 3 0 12
1270.0 1 3 2 4 0 10
1275.0 2 3 0 3 0 8
1280.0 2 3 0 3 0 8
1285.0 3 3 0 2 0 8
1290.0 3 3 0 2 0 8
1295.0 4 3 0 2 0 9
1300.0 4 2 0 2 0 8
1305.0 4 1 0 2 0 7
1310.0 5 0 0 2 0 7
1315.0 4 0 1 1 0 6
1320.0 3 0 1 1 0 5
1325.0 1 0 1 1 0 3
1330.0 1 0 0 1 0 2
1335.0 1 0 0 1 0 2
1340.0 0 0 0 0 0 0
1345.0 0 0 0 0 0 0
1350.0 0 0 0 0 0 0
1355.0 0 0 0 0 0 0
1360.0 0 0 0 0 0 0
1365.0 0 0 0 0 0 0
1370.0 0 0 0 0 0 0
1375.0 0 0 0 0 0 0
1380.0 1 0 0 0 0 1
1385.0 1 0 0 0 0 1
1390.0 1 0 0 0 0 1
1395.0 0 0 0 0 0 0
1400.0 0 0 0 0 0 0
1405.0 0 0 0 0 0 0
1410.0 0 0 0 0 0 0
1415.0 0 0 0 0 0 0
1420.0 0 0 0 0 0 0
1425.0 0 0 0 0 0 0
1430.0 0 0 0 0 0 0
1435.0 0 0 0 0 0 0
