5.0 0 0 0 0 0 0
10.0 0 0 0 0 0 0
15.0 0 0 0 0 0 0
20.0 0 0 0 0 0 0
25.0 0 0 0 0 0 0
30.0 0 0 0 0 0 0
35.0 0 0 0 0 0 0
40.0 0 0 0 0 0 0
45.0 0 0 0 0 0 0
50.0 0 0 0 0 0 0
55.0 0 0 0 0 0 0
60.0 0 0 0 0 0 0
65.0 0 0 0 0 0 0
70.0 0 0 0 0 0 0
75.0 0 0 0 0 0 0
80.0 0 0 0 0 0 0
85.0 0 0 0 0 0 0
90.0 0 0 0 0 0 0
95.0 0 0 0 0 0 0
100.0 0 0 0 0 0 0
105.0 0 0 0 0 0 0
110.0 0 0 0 0 0 0
115.0 0 0 0 0 0 0
120.0 0 0 0 0 0 0
125.0 0 0 0 0 0 0
130.0 0 0 0 0 0 0
135.0 0 0 0 0 0 0
140.0 0 0 0 0 0 0
145.0 0 0 0 0 0 0
150.0 0 0 0 0 0 0
155.0 0 0 0 0 0 0
160.0 0 0 0 0 0 0
165.0 0 0 0 0 0 0
170.0 0 0 0 0 0 0
175.0 0 0 0 0 0 0
180.0 0 0 0 0 0 0
185.0 0 0 0 0 0 0
190.0 0 0 0 0 0 0
195.0 0 0 0 0 0 0
200.0 0 0 0 0 0 0
205.0 0 0 0 0 0 0
210.0 0 0 0 0 0 0
215.0 0 0 0 0 0 0
220.0 0 0 0 0 0 0
225.0 0 0 0 0 0 0
230.0 0 0 0 0 0 0
235.0 0 0 0 0 0 0
240.0 0 0 0 0 0 0
245.0 0 0 0 0 0 0
250.0 0 0 0 0 0 0
255.0 0 0 0 0 0 0
260.0 0 0 0 1 0 1
265.0 0 0 0 1 0 1
270.0 0 0 0 1 0 1
275.0 0 0 0 1 0 1
280.0 1 0 0 0 0 1
285.0 1 0 0 0 0 1
290.0 1 0 0 0 0 1
295.0 0 0 0 0 0 0
300.0 0 0 0 0 0 0
305.0 0 0 0 0 0 0
310.0 0 0 0 0 0 0
315.0 0 0 0 0 0 0
320.0 0 0 0 0 0 0
325.0 0 0 1 0 0 1
330.0 0 0 1 0 0 1
335.0 0 0 1 0 0 1
340.0 0 1 1 0 1 3
345.0 0 1 1 0 1 3
350.0 0 1 2 0 1 4
355.0 2 0 2 1 1 6
360.0 2 0 2 1 1 6
365.0 2 1 3 1 1 8
370.0 2 1 3 2 1 9
375.0 2 1 3 1 0 7
380.0 2 1 3 2 0 8
385.0 2 1 3 2 0 8
390.0 2 2 3 2 0 9
395.0 3 3 2 2 0 10
400.0 4 4 2 2 1 13
405.0 5 5 2 2 1 15
410.0 5 5 2 2 1 15
415.0 6 5 4 2 1 18
420.0 6 5 6 2 1 20
425.0 5 9 8 2 2 26
430.0 5 8 10 1 2 26
435.0 6 9 10 2 2 29
440.0 6 12 11 2 2 33
445.0 5 12 15 3 1 36
450.0 6 8 15 6 1 36
455.0 7 11 18 6 1 43
460.0 6 11 19 7 1 44
465.0 5 14 17 8 2 46
470.0 7 15 21 8 3 54
475.0 8 14 22 7 4 55
480.0 8 17 23 7 5 60
485.0 11 20 28 9 6 74
490.0 12 22 30 10 6 80
495.0 13 22 30 10 7 82
500.0 16 22 30 11 9 88
505.0 17 20 31 11 11 90
510.0 17 20 33 13 12 95
515.0 19 21 31 15 12 98
520.0 23 22 30 17 12 104
525.0 21 21 27 17 11 97
530.0 25 26 25 13 11 100
535.0 25 24 24 11 11 95
540.0 25 28 26 12 9 100
545.0 28 28 29 13 9 107
550.0 26 34 31 12 8 111
555.0 27 31 31 14 7 110
560.0 26 35 31 13 8 113
565.0 29 32 33 13 9 116
570.0 26 32 36 14 9 117
575.0 23 31 39 13 9 115
580.0 21 33 39 14 11 118
585.0 24 29 43 16 11 123
590.0 25 32 39 16 12 124
595.0 29 36 37 15 13 130
600.0 32 37 34 19 13 135
605.0 29 40 39 17 12 137
610.0 30 38 43 17 13 141
615.0 33 37 44 17 12 143
620.0 34 36 43 16 11 140
625.0 33 46 43 14 12 148
630.0 28 44 45 16 13 146
635.0 31 37 50 18 11 147
640.0 33 37 52 21 13 156
645.0 31 33 58 20 14 156
650.0 33 31 56 21 14 155
655.0 32 28 55 19 13 147
660.0 36 24 53 20 12 145
665.0 35 26 50 17 11 139
670.0 35 29 52 16 10 142
675.0 45 30 55 14 9 153
680.0 41 30 57 16 12 156
685.0 41 27 59 18 13 158
690.0 37 23 57 20 14 151
695.0 36 28 49 21 14 148
700.0 37 28 50 21 15 151
705.0 30 28 49 18 14 139
710.0 32 33 42 16 14 137
715.0 31 35 41 17 12 136
720.0 25 36 46 19 14 140
725.0 24 36 38 20 12 130
730.0 31 29 37 18 13 128
735.0 27 30 37 16 12 122
740.0 23 32 38 16 10 119
745.0 23 34 37 11 14 119
750.0 23 30 38 11 15 117
755.0 24 27 35 12 16 114
760.0 26 21 39 9 17 112
765.0 24 22 41 8 15 110
770.0 26 23 38 9 13 109
775.0 22 26 41 9 12 110
780.0 23 27 39 8 13 110
785.0 20 28 36 9 14 107
790.0 24 26 35 9 14 108
795.0 28 27 35 14 12 116
800.0 31 24 38 14 10 117
805.0 30 23 33 14 9 109
810.0 24 25 27 14 10 100
815.0 26 27 29 13 9 104
820.0 23 28 32 12 8 103
825.0 25 26 28 10 9 98
830.0 23 25 31 9 8 96
835.0 24 23 33 9 9 98
840.0 24 24 33 8 11 100
845.0 24 23 36 9 11 103
850.0 19 26 37 11 13 106
855.0 20 29 33 12 14 108
860.0 20 30 34 14 14 112
865.0 21 34 37 11 14 117
870.0 24 35 42 11 15 127
875.0 21 31 45 13 17 127
880.0 19 34 43 15 15 126
885.0 18 29 45 16 17 125
890.0 23 29 39 16 18 125
895.0 30 28 41 16 16 131
900.0 31 28 38 14 14 125
905.0 28 33 37 14 17 129
910.0 26 36 36 18 16 132
915.0 29 35 42 17 17 140
920.0 24 38 41 17 16 136
925.0 23 38 39 20 16 136
930.0 25 37 43 20 15 140
935.0 24 37 45 18 14 138
940.0 25 38 45 17 16 141
945.0 31 36 43 16 17 143
950.0 32 37 44 14 15 142
955.0 33 33 44 14 16 140
960.0 29 34 41 15 16 135
965.0 30 33 40 10 14 127
970.0 35 32 36 9 12 124
975.0 32 37 41 12 13 135
980.0 35 34 38 15 10 132
985.0 33 35 35 14 12 129
990.0 34 33 37 13 11 128
995.0 33 35 37 11 10 126
1000.0 30 35 38 13 10 126
1005.0 29 36 37 13 11 126
1010.0 27 34 37 15 10 123
1015.0 30 35 33 13 12 123
1020.0 28 34 36 15 13 126
1025.0 23 36 39 16 14 128
1030.0 24 38 41 19 16 138
1035.0 22 36 40 18 16 132
1040.0 24 35 39 17 18 133
1045.0 26 32 43 16 18 135
1050.0 33 32 42 16 16 139
1055.0 32 38 41 19 18 148
1060.0 37 39 37 16 17 146
1065.0 32 42 35 16 18 143
1070.0 34 41 32 19 18 144
1075.0 35 39 34 17 13 138
1080.0 33 38 37 19 13 140
1085.0 33 40 38 21 12 144
1090.0 30 40 44 22 11 147
1095.0 30 38 44 22 13 147
1100.0 36 43 38 21 13 151
1105.0 35 40 40 24 13 152
1110.0 37 46 38 24 13 158
1115.0 38 48 37 22 11 156
1120.0 38 47 41 21 10 157
1125.0 39 51 44 16 10 160
1130.0 39 54 46 17 10 166
1135.0 38 57 49 17 10 171
1140.0 39 58 45 17 11 170
1145.0 41 60 46 17 11 175
1150.0 41 61 48 17 10 177
1155.0 39 56 48 14 13 170
1160.0 35 51 53 13 13 165
1165.0 35 50 48 12 14 159
1170.0 35 46 47 12 14 154
1175.0 41 40 40 10 14 145
1180.0 41 41 33 11 14 140
1185.0 40 40 28 12 12 132
1190.0 42 34 31 12 9 128
1195.0 38 30 30 11 9 118
1200.0 34 27 31 13 10 115
1205.0 32 34 27 12 9 114
1210.0 26 31 26 14 8 105
1215.0 28 33 29 16 7 113
1220.0 22 26 28 21 7 104
1225.0 26 23 30 20 7 106
1230.0 25 22 28 20 7 102
1235.0 25 22 26 17 7 97
1240.0 23 21 24 13 6 87
1245.0 20 20 21 12 7 80
1250.0 22 19 19 9 6 75
1255.0 21 18 22 9 6 76
1260.0 15 20 19 10 6 70
1265.0 12 19 16 10 6 63
1270.0 13 19 18 9 6 65
1275.0 11 20 14 8 9 62
1280.0 9 19 11 7 11 57
1285.0 8 17 9 7 10 51
1290.0 9 16 8 6 8 47
1295.0 8 12 5 6 6 37
1300.0 8 13 6 3 6 36
1305.0 7 11 4 3 5 30
1310.0 4 9 5 3 5 26
1315.0 5 8 4 2 5 24
1320.0 4 5 6 3 3 21
1325.0 4 5 4 3 2 18
1330.0 7 3 4 3 2 19
1335.0 5 3 3 5 3 19
1340.0 5 2 5 4 3 19
1345.0 5 2 5 4 3 19
1350.0 5 1 5 4 2 17
1355.0 4 2 3 2 1 12
1360.0 2 2 4 2 1 11
1365.0 2 1 3 2 1 9
1370.0 2 1 1 1 0 5
1375.0 2 1 1 1 0 5
1380.0 2 1 1 0 0 4
1385.0 0 2 1 0 1 4
1390.0 0 1 1 0 1 3
1395.0 0 1 1 0 1 3
1400.0 0 1 1 0 1 3
1405.0 0 1 0 0 1 2
1410.0 0 1 0 0 1 2
1415.0 0 1 0 0 1 2
1420.0 0 0 0 0 1 1
1425.0 0 0 0 0 1 1
1430.0 0 0 0 0 0 0
1435.0 0 0 0 0 0 0
