5.0 0 0 0 0 0 0
10.0 0 0 0 0 0 0
15.0 0 0 0 0 0 0
20.0 0 0 0 0 0 0
25.0 0 0 0 0 0 0
30.0 0 0 0 0 0 0
35.0 0 0 0 0 0 0
40.0 0 0 0 0 0 0
45.0 0 0 0 0 0 0
50.0 0 0 0 0 0 0
55.0 0 0 0 0 0 0
60.0 0 0 0 0 0 0
65.0 0 0 0 0 0 0
70.0 0 0 0 0 0 0
75.0 0 0 0 0 0 0
80.0 0 0 0 0 0 0
85.0 0 0 0 0 0 0
90.0 0 0 0 0 0 0
95.0 0 0 0 0 0 0
100.0 0 0 0 0 0 0
105.0 0 0 0 0 0 0
110.0 0 0 0 0 0 0
115.0 0 0 0 0 0 0
120.0 0 0 0 0 0 0
125.0 0 0 0 0 0 0
130.0 0 0 0 0 0 0
135.0 0 0 0 0 0 0
140.0 0 0 0 0 0 0
145.0 0 0 0 0 0 0
150.0 0 0 0 0 0 0
155.0 0 0 0 0 0 0
160.0 0 0 0 0 0 0
165.0 0 0 0 0 0 0
170.0 0 0 0 0 0 0
175.0 0 0 0 0 0 0
180.0 0 0 0 0 0 0
185.0 0 0 0 0 0 0
190.0 0 0 0 0 0 0
195.0 0 0 0 0 0 0
200.0 0 0 0 0 0 0
205.0 0 0 0 0 0 0
210.0 0 0 0 0 0 0
215.0 0 0 0 0 0 0
220.0 0 0 0 0 0 0
225.0 0 0 0 0 0 0
230.0 1 0 0 0 0 1
235.0 1 0 0 0 0 1
240.0 1 0 0 0 0 1
245.0 1 0 0 0 0 1
250.0 1 0 0 0 0 1
255.0 1 0 0 0 0 1
260.0 1 0 0 0 0 1
265.0 1 0 0 0 0 1
270.0 1 0 0 0 0 1
275.0 1 0 0 0 0 1
280.0 0 1 0 0 0 1
285.0 0 1 0 0 0 1
290.0 0 1 0 0 0 1
295.0 0 0 0 0 0 0
300.0 0 0 0 0 0 0
305.0 0 0 0 0 0 0
310.0 0 0 0 0 0 0
315.0 0 0 0 0 0 0
320.0 0 1 0 0 0 1
325.0 0 1 0 0 0 1
330.0 0 1 1 1 0 3
335.0 0 1 2 2 0 5
340.0 0 2 1 3 0 6
345.0 0 3 0 3 0 6
350.0 0 4 2 3 0 9
355.0 0 4 2 3 0 9
360.0 0 4 2 3 0 9
365.0 2 2 3 4 0 11
370.0 2 2 3 5 0 12
375.0 2 3 2 5 0 12
380.0 4 3 2 4 1 14
385.0 4 3 2 4 1 14
390.0 4 5 3 5 1 18
395.0 3 8 5 6 1 23
400.0 5 11 6 5 2 29
405.0 10 10 6 6 2 34
410.0 13 12 8 3 2 38
415.0 13 11 7 5 2 38
420.0 12 12 9 5 4 42
425.0 11 12 9 5 4 41
430.0 9 13 10 7 2 41
435.0 11 13 11 5 3 43
440.0 10 14 12 5 3 44
445.0 15 13 16 5 2 51
450.0 17 15 20 5 3 60
455.0 15 17 20 7 6 65
460.0 13 20 21 8 6 68
465.0 15 24 20 8 6 73
470.0 18 25 18 11 6 78
475.0 20 28 19 8 6 81
480.0 22 28 20 6 8 84
485.0 26 28 28 8 8 98
490.0 28 29 31 11 9 108
495.0 28 32 28 12 9 109
500.0 26 32 34 13 8 113
505.0 27 38 39 11 10 125
510.0 26 42 39 11 12 130
515.0 28 44 41 12 13 138
520.0 27 43 41 17 12 140
525.0 25 41 44 21 14 145
530.0 26 39 45 22 15 147
535.0 29 42 45 24 18 158
540.0 33 49 48 22 17 169
545.0 38 50 44 21 19 172
550.0 42 49 47 18 19 175
555.0 43 52 51 16 22 184
560.0 43 60 51 14 22 190
565.0 42 56 59 17 22 196
570.0 36 59 58 22 24 199
575.0 38 52 60 22 25 197
580.0 38 54 58 24 26 200
585.0 40 57 59 22 25 203
590.0 37 53 66 22 26 204
595.0 37 55 68 21 27 208
600.0 43 52 68 20 29 212
605.0 51 51 58 23 30 213
610.0 51 55 51 22 30 209
615.0 53 58 59 21 29 220
620.0 49 61 58 23 29 220
625.0 46 61 61 26 26 220
630.0 48 65 62 29 25 229
635.0 45 64 70 27 26 232
640.0 47 63 67 25 26 228
645.0 47 64 67 26 25 229
650.0 48 66 70 29 28 241
655.0 50 65 76 28 29 248
660.0 49 64 81 25 34 253
665.0 51 56 75 28 32 242
670.0 50 57 75 28 31 241
675.0 49 55 72 28 33 237
680.0 47 50 75 29 32 233
685.0 41 50 77 31 33 232
690.0 44 51 69 30 36 230
695.0 39 53 66 31 38 227
700.0 38 49 65 30 40 222
705.0 41 44 63 30 39 217
710.0 44 41 65 26 38 214
715.0 49 37 57 27 33 203
720.0 47 36 58 28 28 197
725.0 44 39 52 28 28 191
730.0 42 39 44 29 27 181
735.0 45 36 44 25 28 178
740.0 45 38 45 19 27 174
745.0 43 37 43 19 26 168
750.0 43 35 45 21 26 170
755.0 44 38 43 22 25 172
760.0 37 37 42 21 21 158
765.0 37 35 44 22 19 157
770.0 41 32 44 22 18 157
775.0 43 31 42 19 17 152
780.0 40 35 46 23 18 162
785.0 38 39 45 24 18 164
790.0 41 39 41 23 20 164
795.0 36 40 45 23 18 162
800.0 33 41 39 21 18 152
805.0 31 37 35 20 19 142
810.0 25 33 37 22 17 134
815.0 28 35 41 21 15 140
820.0 28 39 35 24 14 140
825.0 30 40 36 27 13 146
830.0 32 43 37 27 13 152
835.0 37 43 39 28 12 159
840.0 39 44 41 30 10 164
845.0 37 46 37 27 10 157
850.0 36 47 39 27 9 158
855.0 43 53 40 26 9 171
860.0 43 49 40 25 10 167
865.0 44 41 42 29 11 167
870.0 48 41 46 27 10 172
875.0 48 44 48 24 10 174
880.0 56 46 52 26 7 187
885.0 59 44 59 24 8 194
890.0 51 47 59 25 10 192
895.0 60 48 60 22 12 202
900.0 64 42 59 26 11 202
905.0 62 44 65 24 12 207
910.0 59 44 63 26 10 202
915.0 61 41 68 24 10 204
920.0 61 47 66 26 11 211
925.0 62 45 70 25 10 212
930.0 66 42 65 25 9 207
935.0 64 48 64 22 10 208
940.0 61 48 65 23 12 209
945.0 58 49 64 27 14 212
950.0 60 53 61 25 13 212
955.0 56 49 64 27 13 209
960.0 61 52 61 23 14 211
965.0 60 58 64 24 17 223
970.0 60 57 56 26 14 213
975.0 58 53 58 28 15 212
980.0 52 51 59 29 18 209
985.0 51 47 60 26 18 202
990.0 46 46 61 32 17 202
995.0 48 45 62 31 17 203
1000.0 48 47 65 31 17 208
1005.0 45 56 63 31 17 212
1010.0 42 56 66 31 19 214
1015.0 45 56 71 26 23 221
1020.0 38 56 70 32 21 217
1025.0 45 54 69 30 20 218
1030.0 44 61 67 29 20 221
1035.0 44 63 62 30 19 218
1040.0 47 60 62 30 20 219
1045.0 47 57 58 29 20 211
1050.0 46 58 57 29 22 212
1055.0 51 58 62 25 20 216
1060.0 51 63 66 25 19 224
1065.0 55 71 67 25 19 237
1070.0 50 65 68 29 20 232
1075.0 48 59 72 25 20 224
1080.0 44 57 76 32 19 228
1085.0 50 62 77 29 21 239
1090.0 51 63 81 30 21 246
1095.0 52 56 81 31 21 241
1100.0 53 54 76 30 23 236
1105.0 57 59 79 29 22 246
1110.0 53 55 88 31 23 250
1115.0 55 54 96 32 22 259
1120.0 53 62 90 30 21 256
1125.0 55 61 81 32 21 250
1130.0 56 61 83 34 20 254
1135.0 55 55 81 37 17 245
1140.0 56 50 78 35 16 235
1145.0 59 55 71 33 17 235
1150.0 58 60 66 31 16 231
1155.0 63 51 66 31 16 227
1160.0 62 52 65 27 18 224
1165.0 62 54 73 26 19 234
1170.0 60 56 65 23 18 222
1175.0 58 56 60 25 16 215
1180.0 62 49 64 23 16 214
1185.0 61 43 69 22 14 209
1190.0 63 41 72 20 16 212
1195.0 63 42 65 24 15 209
1200.0 57 43 54 23 14 191
1205.0 55 44 49 23 13 184
1210.0 46 44 49 25 12 176
1215.0 43 40 43 27 10 163
1220.0 39 40 40 27 10 156
1225.0 36 38 40 31 12 157
1230.0 38 32 39 26 12 147
1235.0 36 34 32 23 15 140
1240.0 35 35 33 21 14 138
1245.0 30 37 30 20 14 131
1250.0 27 36 28 15 13 119
1255.0 28 30 30 11 11 110
1260.0 24 28 30 12 9 103
1265.0 24 25 27 10 8 94
1270.0 23 24 23 8 8 86
1275.0 20 23 23 8 11 85
1280.0 19 21 18 8 11 77
1285.0 21 17 18 8 10 74
1290.0 17 17 16 7 9 66
1295.0 13 17 14 7 8 59
1300.0 11 17 11 8 8 55
1305.0 8 19 8 4 6 45
1310.0 8 17 8 5 7 45
1315.0 8 17 7 5 6 43
1320.0 6 15 6 5 5 37
1325.0 4 14 5 6 5 34
1330.0 1 13 7 6 4 31
1335.0 3 11 5 2 5 26
1340.0 4 7 7 2 4 24
1345.0 5 8 8 2 3 26
1350.0 4 6 9 1 3 23
1355.0 5 5 7 0 3 20
1360.0 3 4 5 0 1 13
1365.0 3 4 3 0 1 11
1370.0 2 2 4 0 1 9
1375.0 3 0 4 0 1 8
1380.0 1 0 4 0 1 6
1385.0 1 0 2 0 1 4
1390.0 1 0 2 0 1 4
1395.0 1 0 1 0 1 3
1400.0 1 0 0 0 1 2
1405.0 1 0 0 0 1 2
1410.0 1 0 0 0 1 2
1415.0 1 0 1 0 0 2
1420.0 1 0 2 0 0 3
1425.0 1 0 1 0 0 2
1430.0 1 0 1 0 0 2
1435.0 1 0 1 0 0 2
