5.0 0 0 0 0 0 0
10.0 0 0 0 0 0 0
15.0 0 0 0 0 0 0
20.0 0 0 0 0 0 0
25.0 0 0 0 0 0 0
30.0 0 0 0 0 0 0
35.0 0 0 0 0 0 0
40.0 0 0 0 0 0 0
45.0 0 0 0 0 0 0
50.0 0 0 0 0 0 0
55.0 0 0 0 0 0 0
60.0 0 0 0 0 0 0
65.0 0 0 0 0 0 0
70.0 0 0 0 0 0 0
75.0 0 0 0 0 0 0
80.0 0 0 0 0 0 0
85.0 0 0 0 0 0 0
90.0 0 0 0 0 0 0
95.0 0 0 0 0 0 0
100.0 0 0 0 0 0 0
105.0 0 0 0 0 0 0
110.0 0 0 0 0 0 0
115.0 0 0 0 0 0 0
120.0 0 0 0 0 0 0
125.0 0 0 0 0 0 0
130.0 0 0 0 0 0 0
135.0 0 0 0 0 0 0
140.0 0 0 0 0 0 0
145.0 0 0 0 0 0 0
150.0 0 0 0 0 0 0
155.0 0 0 0 0 0 0
160.0 0 0 0 0 0 0
165.0 0 0 0 0 0 0
170.0 0 0 0 0 0 0
175.0 0 0 0 0 0 0
180.0 0 0 0 0 0 0
185.0 0 0 0 0 0 0
190.0 0 0 0 0 0 0
195.0 0 0 0 0 0 0
200.0 0 0 0 0 0 0
205.0 0 0 0 0 0 0
210.0 0 0 0 0 0 0
215.0 0 0 0 0 0 0
220.0 0 0 0 0 0 0
225.0 0 0 0 0 0 0
230.0 0 0 0 0 0 0
235.0 0 0 0 0 0 0
240.0 0 0 1 0 0 1
245.0 0 0 1 0 0 1
250.0 0 0 1 0 0 1
255.0 0 0 1 0 0 1
260.0 0 0 0 0 0 0
265.0 0 0 0 0 1 1
270.0 0 0 0 0 1 1
275.0 0 0 0 0 1 1
280.0 0 0 0 0 1 1
285.0 0 0 0 0 1 1
290.0 1 0 0 0 1 2
295.0 1 0 1 0 1 3
300.0 1 0 1 0 1 3
305.0 1 1 1 0 1 4
310.0 1 1 0 1 1 4
315.0 1 1 0 1 1 4
320.0 1 0 0 1 1 3
325.0 1 1 1 0 1 4
330.0 1 2 1 0 1 5
335.0 4 2 1 0 1 8
340.0 5 2 1 0 1 9
345.0 4 2 1 0 1 8
350.0 5 3 0 0 1 9
355.0 3 6 2 1 1 13
360.0 2 6 2 2 1 13
365.0 3 7 3 2 1 16
370.0 5 8 3 3 1 20
375.0 5 7 4 7 0 23
380.0 9 7 6 8 0 30
385.0 10 9 7 8 1 35
390.0 9 10 9 9 1 38
395.0 10 13 12 9 1 45
400.0 13 15 12 9 1 50
405.0 14 15 12 8 1 50
410.0 13 16 14 9 2 54
415.0 10 24 19 10 4 67
420.0 14 28 21 11 4 78
425.0 19 30 22 7 5 83
430.0 19 33 23 10 4 89
435.0 22 34 25 11 5 97
440.0 24 32 27 13 8 104
445.0 24 33 30 15 11 113
450.0 27 33 32 17 13 122
455.0 28 38 36 20 14 136
460.0 30 41 37 21 14 143
465.0 31 50 48 21 15 165
470.0 28 59 54 22 16 179
475.0 32 63 56 25 18 194
480.0 35 60 63 30 19 207
485.0 46 64 64 30 21 225
490.0 51 65 75 29 21 241
495.0 57 62 76 28 20 243
500.0 60 62 83 28 20 253
505.0 60 64 95 29 21 269
510.0 65 70 103 34 21 293
515.0 72 72 111 32 22 309
520.0 67 75 117 38 23 320
525.0 62 81 122 39 29 333
530.0 66 94 126 45 30 361
535.0 80 108 124 45 29 386
540.0 95 114 119 49 28 405
545.0 105 113 123 49 30 420
550.0 106 112 122 55 29 424
555.0 113 112 121 58 29 433
560.0 118 112 132 55 32 449
565.0 116 116 132 62 35 461
570.0 119 123 134 62 37 475
575.0 118 124 132 62 37 473
580.0 112 132 134 60 36 474
585.0 122 123 143 63 38 489
590.0 132 126 150 60 39 507
595.0 131 131 145 65 39 511
600.0 140 130 153 65 47 535
605.0 144 131 161 59 49 544
610.0 149 131 166 55 47 548
615.0 138 136 162 61 50 547
620.0 147 137 174 68 57 583
625.0 149 128 182 73 54 586
630.0 141 129 191 71 54 586
635.0 133 138 181 81 57 590
640.0 130 136 174 85 63 588
645.0 124 129 167 89 64 573
650.0 116 128 163 84 67 558
655.0 120 126 163 87 67 563
660.0 117 135 162 93 69 576
665.0 126 144 154 91 74 589
670.0 121 142 160 91 71 585
675.0 103 152 154 89 67 565
680.0 104 151 156 87 63 561
685.0 98 153 147 84 59 541
690.0 102 148 147 75 54 526
695.0 105 138 150 66 54 513
700.0 106 133 142 66 52 499
705.0 113 120 149 61 50 493
710.0 105 118 150 59 48 480
715.0 104 116 139 59 49 467
720.0 99 111 139 58 50 457
725.0 99 102 144 60 52 457
730.0 101 102 140 60 55 458
735.0 101 108 139 62 54 464
740.0 102 98 130 58 56 444
745.0 103 92 127 55 58 435
750.0 97 96 120 58 49 420
755.0 93 87 114 55 53 402
760.0 89 97 112 49 51 398
765.0 81 95 114 50 54 394
770.0 81 94 122 47 52 396
775.0 88 92 121 47 52 400
780.0 88 94 122 45 50 399
785.0 95 88 124 38 47 392
790.0 93 85 119 42 47 386
795.0 94 89 119 49 41 392
800.0 93 92 123 50 44 402
805.0 88 95 116 54 45 398
810.0 91 90 118 51 41 391
815.0 92 96 114 49 41 392
820.0 92 95 123 50 42 402
825.0 88 101 121 53 42 405
830.0 96 109 113 50 45 413
835.0 98 92 118 50 47 405
840.0 103 95 121 54 47 420
845.0 98 88 131 61 49 427
850.0 97 91 131 66 48 433
855.0 91 86 121 73 51 422
860.0 99 90 133 66 51 439
865.0 96 92 136 68 49 441
870.0 103 97 131 64 51 446
875.0 107 104 129 65 51 456
880.0 111 104 128 55 48 446
885.0 112 105 134 47 50 448
890.0 98 107 131 52 53 441
895.0 99 102 132 57 52 442
900.0 101 100 131 60 54 446
905.0 107 100 129 64 50 450
910.0 117 104 130 68 49 468
915.0 119 116 135 74 48 492
920.0 119 121 132 78 53 503
925.0 113 125 138 80 50 506
930.0 120 129 144 77 54 524
935.0 118 131 145 79 54 527
940.0 115 130 155 83 53 536
945.0 119 133 148 81 52 533
950.0 119 142 152 66 53 532
955.0 113 137 151 70 49 520
960.0 105 136 153 68 50 512
965.0 100 137 161 70 47 515
970.0 94 137 159 68 49 507
975.0 104 124 159 65 48 500
980.0 94 130 167 66 50 507
985.0 97 124 166 70 50 507
990.0 95 116 171 77 55 514
995.0 100 122 162 76 56 516
1000.0 105 127 162 71 57 522
1005.0 107 119 165 67 55 513
1010.0 108 126 161 66 60 521
1015.0 118 125 152 61 58 514
1020.0 123 131 136 67 54 511
1025.0 130 124 148 62 60 524
1030.0 128 123 152 62 62 527
1035.0 126 128 151 66 64 535
1040.0 121 129 153 60 60 523
1045.0 120 133 153 67 61 534
1050.0 122 135 152 77 65 551
1055.0 114 136 151 80 61 542
1060.0 122 135 155 69 59 540
1065.0 114 146 154 73 63 550
1070.0 124 153 143 76 69 565
1075.0 125 162 142 79 64 572
1080.0 127 174 146 77 63 587
1085.0 123 176 148 81 63 591
1090.0 119 179 154 79 63 594
1095.0 127 175 171 74 62 609
1100.0 123 184 168 74 59 608
1105.0 125 167 165 71 64 592
1110.0 135 172 167 70 63 607
1115.0 147 165 170 72 61 615
1120.0 142 158 176 77 66 619
1125.0 133 155 176 88 71 623
1130.0 127 159 159 88 67 600
1135.0 126 162 172 88 62 610
1140.0 131 162 174 88 60 615
1145.0 127 159 164 91 60 601
1150.0 116 162 167 97 57 599
1155.0 119 161 165 90 57 592
1160.0 118 160 162 79 55 574
1165.0 110 157 166 84 56 573
1170.0 108 152 164 79 61 564
1175.0 113 144 158 75 57 547
1180.0 104 140 166 70 51 531
1185.0 111 127 161 63 46 508
1190.0 116 120 155 61 52 504
1195.0 118 110 146 61 44 479
1200.0 104 114 138 59 39 454
1205.0 99 105 133 58 40 435
1210.0 98 98 129 61 45 431
1215.0 97 101 123 56 48 425
1220.0 97 102 112 54 49 414
1225.0 98 108 107 56 47 416
1230.0 95 99 102 55 46 397
1235.0 92 99 92 49 42 374
1240.0 87 87 94 49 40 357
1245.0 80 82 89 48 35 334
1250.0 82 82 86 43 33 326
1255.0 78 78 74 39 33 302
1260.0 73 72 71 37 29 282
1265.0 64 62 70 40 27 263
1270.0 60 52 66 41 26 245
1275.0 58 56 62 33 22 231
1280.0 47 50 58 34 21 210
1285.0 42 53 53 33 21 202
1290.0 32 50 56 27 19 184
1295.0 29 42 50 27 18 166
1300.0 30 38 47 22 17 154
1305.0 28 35 41 19 19 142
1310.0 23 27 33 17 17 117
1315.0 23 21 26 15 14 99
1320.0 19 17 27 15 13 91
1325.0 21 14 26 12 12 85
1330.0 19 12 21 11 11 74
1335.0 16 12 20 7 10 65
1340.0 12 13 15 7 8 55
1345.0 10 11 13 6 6 46
1350.0 7 10 7 8 6 38
1355.0 7 10 7 7 5 36
1360.0 7 8 6 6 5 32
1365.0 5 7 7 5 4 28
1370.0 6 5 7 5 4 27
1375.0 6 3 6 3 4 22
1380.0 5 5 5 1 2 18
1385.0 4 4 5 0 2 15
1390.0 4 3 5 0 2 14
1395.0 3 3 3 0 3 12
1400.0 3 3 3 0 3 12
1405.0 2 3 3 0 5 13
1410.0 2 3 3 0 5 13
1415.0 2 2 2 0 5 11
1420.0 2 2 0 0 4 8
1425.0 1 2 0 0 2 5
1430.0 1 2 0 0 2 5
1435.0 1 1 0 0 2 4
