5.0 0 0 0 0 0 0
10.0 0 0 0 0 0 0
15.0 0 0 0 0 0 0
20.0 0 0 0 0 0 0
25.0 0 0 0 0 0 0
30.0 0 0 0 0 0 0
35.0 0 0 0 0 0 0
40.0 0 0 0 0 0 0
45.0 0 0 0 0 0 0
50.0 0 0 0 0 0 0
55.0 0 0 0 0 0 0
60.0 0 0 0 0 0 0
65.0 0 0 0 0 0 0
70.0 0 0 0 0 0 0
75.0 0 0 0 0 0 0
80.0 0 0 0 0 0 0
85.0 0 0 0 0 0 0
90.0 0 0 0 0 0 0
95.0 0 0 0 0 0 0
100.0 0 0 0 0 0 0
105.0 0 0 0 0 0 0
110.0 0 0 0 0 0 0
115.0 0 0 0 0 0 0
120.0 0 0 0 0 0 0
125.0 0 0 0 0 0 0
130.0 0 0 0 0 0 0
135.0 0 0 0 0 0 0
140.0 0 0 0 0 0 0
145.0 0 0 0 0 0 0
150.0 0 0 0 0 0 0
155.0 0 0 0 0 0 0
160.0 0 0 0 0 0 0
165.0 0 0 0 0 0 0
170.0 0 0 0 0 0 0
175.0 0 0 0 0 0 0
180.0 0 0 0 0 0 0
185.0 0 0 0 0 0 0
190.0 0 0 0 0 0 0
195.0 0 0 0 0 0 0
200.0 0 0 0 0 0 0
205.0 0 0 0 0 0 0
210.0 0 0 0 0 0 0
215.0 0 0 0 0 0 0
220.0 0 0 0 0 0 0
225.0 0 0 0 0 0 0
230.0 0 0 0 0 0 0
235.0 0 0 0 0 0 0
240.0 0 0 0 0 0 0
245.0 0 0 0 0 0 0
250.0 0 0 0 0 0 0
255.0 0 0 0 0 0 0
260.0 0 0 0 0 0 0
265.0 0 0 0 0 0 0
270.0 0 0 0 0 0 0
275.0 0 0 0 0 0 0
280.0 0 0 0 0 0 0
285.0 0 0 0 0 0 0
290.0 0 0 0 0 0 0
295.0 0 0 0 0 0 0
300.0 0 0 0 0 0 0
305.0 0 0 0 0 0 0
310.0 0 0 0 0 0 0
315.0 0 0 0 0 0 0
320.0 0 0 0 0 0 0
325.0 0 0 0 0 0 0
330.0 0 0 0 0 0 0
335.0 0 1 0 0 0 1
340.0 0 1 0 0 0 1
345.0 0 2 0 0 0 2
350.0 0 2 0 0 0 2
355.0 0 2 0 0 0 2
360.0 0 2 0 0 0 2
365.0 0 3 0 0 0 3
370.0 0 3 0 0 0 3
375.0 1 1 1 0 0 3
380.0 1 1 1 0 0 3
385.0 1 2 1 0 0 4
390.0 1 2 1 0 0 4
395.0 1 2 1 0 0 4
400.0 1 2 1 0 0 4
405.0 1 2 1 0 0 4
410.0 1 2 0 0 0 3
415.0 1 2 0 0 0 3
420.0 1 2 0 0 0 3
425.0 1 2 2 0 0 5
430.0 1 3 2 0 0 6
435.0 1 3 2 0 0 6
440.0 0 4 2 1 0 7
445.0 0 4 2 1 0 7
450.0 0 6 2 1 0 9
455.0 0 5 2 1 0 8
460.0 1 5 3 1 0 10
465.0 1 4 3 1 0 9
470.0 2 4 3 1 0 10
475.0 2 4 2 2 0 10
480.0 2 2 1 3 0 8
485.0 3 1 1 3 0 8
490.0 4 2 3 2 0 11
495.0 5 2 4 2 0 13
500.0 5 2 6 2 0 15
505.0 5 2 6 2 0 15
510.0 6 4 6 1 0 17
515.0 6 3 6 1 1 17
520.0 8 2 3 4 2 19
525.0 10 3 3 5 1 22
530.0 11 4 3 5 1 24
535.0 8 6 5 7 1 27
540.0 8 5 5 6 1 25
545.0 8 5 5 6 1 25
550.0 7 5 5 7 1 25
555.0 8 6 4 7 2 27
560.0 7 6 5 6 2 26
565.0 6 6 7 7 2 28
570.0 7 7 8 8 3 33
575.0 7 6 9 9 3 34
580.0 8 6 9 8 4 35
585.0 8 6 9 9 4 36
590.0 9 5 9 6 3 32
595.0 8 7 9 6 4 34
600.0 10 7 9 6 4 36
605.0 10 8 10 5 4 37
610.0 10 8 13 4 2 37
615.0 9 7 14 4 2 36
620.0 8 6 16 4 2 36
625.0 10 7 16 3 2 38
630.0 9 4 18 6 2 39
635.0 8 7 17 5 2 39
640.0 10 8 16 6 3 43
645.0 12 11 12 5 4 44
650.0 11 10 12 4 3 40
655.0 12 9 7 4 2 34
660.0 11 10 6 4 2 33
665.0 12 10 5 4 2 33
670.0 11 11 5 4 3 34
675.0 11 9 7 4 2 33
680.0 9 11 8 4 2 34
685.0 10 9 9 3 2 33
690.0 11 11 7 3 2 34
695.0 11 9 6 3 2 31
700.0 13 10 6 5 2 36
705.0 10 14 6 4 2 36
710.0 8 12 7 4 2 33
715.0 8 12 5 3 2 30
720.0 8 12 4 3 2 29
725.0 6 13 7 3 1 30
730.0 5 13 8 3 1 30
735.0 5 13 8 3 2 31
740.0 5 11 9 4 1 30
745.0 4 6 10 4 3 27
750.0 4 8 9 4 3 28
755.0 5 11 11 2 3 32
760.0 6 12 11 2 3 34
765.0 6 9 13 2 4 34
770.0 6 7 13 3 5 34
775.0 6 7 12 3 5 33
780.0 5 7 9 4 5 30
785.0 6 7 8 4 4 29
790.0 5 8 12 4 4 33
795.0 4 7 13 3 4 31
800.0 4 5 13 4 4 30
805.0 5 5 12 3 4 29
810.0 6 6 12 3 4 31
815.0 7 5 12 3 4 31
820.0 5 7 11 4 4 31
825.0 4 6 10 5 4 29
830.0 4 6 9 4 4 27
835.0 5 6 9 4 5 29
840.0 6 6 8 3 5 28
845.0 7 6 10 3 4 30
850.0 8 5 8 3 4 28
855.0 9 4 7 2 4 26
860.0 8 7 7 2 3 27
865.0 7 7 8 3 4 29
870.0 5 9 8 4 4 30
875.0 6 10 6 6 4 32
880.0 8 11 9 6 5 39
885.0 9 12 8 5 6 40
890.0 9 12 6 6 6 39
895.0 8 10 6 7 5 36
900.0 8 9 6 8 4 35
905.0 11 9 6 8 5 39
910.0 11 9 9 8 5 42
915.0 12 9 8 7 4 40
920.0 12 8 9 7 6 42
925.0 13 8 9 8 6 44
930.0 11 7 10 7 6 41
935.0 9 9 8 8 5 39
940.0 9 9 10 6 6 40
945.0 10 10 11 5 6 42
950.0 10 9 13 2 6 40
955.0 10 10 14 2 6 42
960.0 11 13 12 2 5 43
965.0 10 11 12 3 5 41
970.0 10 12 11 3 4 40
975.0 11 13 9 2 4 39
980.0 13 13 11 2 3 42
985.0 14 13 10 1 3 41
990.0 13 12 10 1 3 39
995.0 12 9 12 1 4 38
1000.0 11 10 13 1 4 39
1005.0 10 11 13 1 3 38
1010.0 8 12 11 0 3 34
1015.0 7 12 11 2 3 35
1020.0 8 12 10 4 3 37
1025.0 8 10 9 4 3 34
1030.0 8 10 11 5 2 36
1035.0 7 8 12 4 2 33
1040.0 4 7 13 5 1 30
1045.0 4 7 11 6 1 29
1050.0 5 8 10 5 1 29
1055.0 5 11 8 5 1 30
1060.0 5 9 6 6 1 27
1065.0 6 10 7 6 1 30
1070.0 5 12 8 5 1 31
1075.0 6 12 7 4 1 30
1080.0 6 10 9 4 1 30
1085.0 8 10 9 4 1 32
1090.0 8 11 11 4 2 36
1095.0 8 12 13 4 6 43
1100.0 5 10 13 4 6 38
1105.0 5 10 14 4 7 40
1110.0 5 13 11 2 6 37
1115.0 6 15 11 2 6 40
1120.0 5 14 11 2 6 38
1125.0 5 12 11 2 6 36
1130.0 7 14 7 3 7 38
1135.0 7 15 6 3 7 38
1140.0 6 14 6 3 8 37
1145.0 6 12 6 3 7 34
1150.0 7 10 7 2 6 32
1155.0 7 10 6 0 5 28
1160.0 6 11 5 0 6 28
1165.0 9 11 4 0 5 29
1170.0 10 11 4 0 5 30
1175.0 8 10 4 1 5 28
1180.0 7 8 4 3 5 27
1185.0 9 6 4 1 4 24
1190.0 8 7 6 3 4 28
1195.0 8 7 7 3 4 29
1200.0 9 8 7 4 3 31
1205.0 8 9 8 3 3 31
1210.0 10 9 7 2 3 31
1215.0 9 8 10 2 3 32
1220.0 8 9 10 3 4 34
1225.0 9 10 8 3 4 34
1230.0 5 9 9 3 5 31
1235.0 6 9 8 2 5 30
1240.0 5 9 5 2 5 26
1245.0 4 8 5 2 3 22
1250.0 4 7 5 2 3 21
1255.0 4 5 6 0 3 18
1260.0 4 6 6 0 2 18
1265.0 4 7 6 1 1 19
1270.0 4 5 5 2 1 17
1275.0 4 3 3 2 1 13
1280.0 5 2 3 2 1 13
1285.0 5 2 3 2 0 12
1290.0 4 1 2 2 0 9
1295.0 4 0 2 0 0 6
1300.0 4 1 1 0 0 6
1305.0 4 1 0 0 0 5
1310.0 2 0 0 0 0 2
1315.0 2 0 0 0 0 2
1320.0 1 0 1 0 0 2
1325.0 1 0 1 0 0 2
1330.0 1 1 1 0 0 3
1335.0 1 1 1 0 0 3
1340.0 1 1 1 0 0 3
1345.0 0 0 1 0 0 1
1350.0 0 0 1 0 0 1
1355.0 0 0 1 0 0 1
1360.0 0 1 1 0 0 2
1365.0 0 0 0 0 0 0
1370.0 0 0 0 0 0 0
1375.0 0 0 0 0 0 0
1380.0 0 0 0 0 0 0
1385.0 0 0 0 0 0 0
1390.0 0 0 0 0 0 0
1395.0 0 0 0 0 0 0
1400.0 0 0 0 0 0 0
1405.0 0 0 0 0 0 0
1410.0 0 0 0 0 0 0
1415.0 0 0 0 0 0 0
1420.0 0 0 0 0 0 0
1425.0 0 0 0 0 0 0
1430.0 0 0 0 0 0 0
1435.0 0 0 0 0 0 0
