[0.0, 0.23624125643394484, 0.2646166028771281, 0.31674805331925565, 0.10861818661739475, 0.07377590075227662]
[0.5507380073800738, 0.0, 0.06580565805658056, 0.14944649446494465, 0.22447724477244774, 0.009532595325953259]
[0.6558169513374154, 0.07573316145665485, 0.0, 0.16435707379954884, 0.07315501127940703, 0.030937802126973897]
[0.6578798185941043, 0.1544784580498866, 0.1354875283446712, 0.0, 0.036281179138321996, 0.015873015873015872]
[0.4510108864696734, 0.34110938310005184, 0.11560393986521514, 0.07568688439606014, 0.0, 0.01658890616899948]
[0.7516778523489933, 0.05503355704697987, 0.10738255033557047, 0.06711409395973154, 0.01879194630872483, 0.0]
{'pos': (10.0, 85.68450312717165), 'adm': (10.0, 30.919110411336348), 'inf': (10.0, 38.168689828380074), 'mul': (10.0, 38.47197106690778), None: (10.0, 35.570806387752405), 'bib': (10.0, 33.74135546334716)}
5.0 0 0 0 0 0 0
10.0 0 0 0 0 0 0
15.0 0 0 0 0 0 0
20.0 0 0 0 0 0 0
25.0 0 0 0 0 0 0
30.0 0 0 0 0 0 0
35.0 0 0 0 0 0 0
40.0 0 0 0 0 0 0
45.0 0 0 0 0 0 0
50.0 0 0 0 0 0 0
55.0 0 0 0 0 0 0
60.0 0 0 0 0 0 0
65.0 0 0 0 0 0 0
70.0 0 0 0 0 0 0
75.0 0 0 0 0 0 0
80.0 0 0 0 0 0 0
85.0 0 0 0 0 0 0
90.0 0 0 0 0 0 0
95.0 0 0 0 0 0 0
100.0 0 0 0 0 0 0
105.0 0 0 0 0 0 0
110.0 0 0 0 0 0 0
115.0 0 0 0 0 0 0
120.0 0 0 0 0 0 0
125.0 0 0 0 0 0 0
130.0 0 0 0 0 0 0
135.0 0 0 0 0 0 0
140.0 0 0 0 0 0 0
145.0 0 0 0 0 0 0
150.0 0 0 0 0 0 0
155.0 0 0 0 0 0 0
160.0 0 0 0 0 0 0
165.0 0 0 0 0 0 0
170.0 0 0 0 0 0 0
175.0 0 0 0 0 0 0
180.0 0 0 0 0 0 0
185.0 0 0 0 0 0 0
190.0 0 0 0 0 0 0
195.0 0 0 0 0 0 0
200.0 0 0 0 0 0 0
205.0 0 0 0 0 0 0
210.0 0 0 0 0 0 0
215.0 0 0 0 0 0 0
220.0 0 0 0 0 0 0
225.0 0 0 1 0 0 1
230.0 0 0 1 0 0 1
235.0 0 0 1 0 0 1
240.0 0 0 1 0 0 1
245.0 0 0 1 0 0 1
250.0 0 0 1 0 0 1
255.0 0 0 1 0 0 1
260.0 0 0 1 0 0 1
265.0 0 0 0 1 0 1
270.0 0 0 0 1 0 1
275.0 0 0 0 1 0 1
280.0 0 0 0 1 0 1
285.0 0 0 0 1 0 1
290.0 1 0 0 0 0 1
295.0 1 0 0 0 0 1
300.0 1 0 0 0 0 1
305.0 1 0 1 0 0 2
310.0 1 0 1 0 0 2
315.0 1 0 1 0 0 2
320.0 1 0 1 0 0 2
325.0 1 0 1 0 0 2
330.0 0 0 0 0 0 0
335.0 0 0 0 0 0 0
340.0 0 0 0 0 0 0
345.0 0 0 0 0 0 0
350.0 0 0 0 0 0 0
355.0 0 0 0 0 0 0
360.0 1 0 1 0 0 2
365.0 1 0 2 0 0 3
370.0 1 0 2 0 0 3
375.0 1 1 3 0 1 6
380.0 2 1 3 0 1 7
385.0 2 3 3 0 1 9
390.0 3 3 4 0 2 12
395.0 2 4 4 0 2 12
400.0 3 3 4 1 2 13
405.0 3 4 5 1 2 15
410.0 2 5 3 1 2 13
415.0 2 7 3 1 2 15
420.0 1 9 3 1 3 17
425.0 1 9 3 1 4 18
430.0 1 9 4 3 4 21
435.0 1 11 5 4 5 26
440.0 1 10 9 6 5 31
445.0 4 8 10 6 5 33
450.0 5 9 12 5 5 36
455.0 5 10 10 5 5 35
460.0 5 12 12 5 5 39
465.0 8 11 14 6 5 44
470.0 11 10 13 7 6 47
475.0 12 10 16 8 7 53
480.0 13 13 15 10 7 58
485.0 14 12 16 13 8 63
490.0 15 11 17 14 7 64
495.0 16 13 20 13 7 69
500.0 22 13 20 13 7 75
505.0 24 13 20 14 9 80
510.0 27 16 17 14 10 84
515.0 27 18 19 15 9 88
520.0 24 19 22 16 9 90
525.0 21 18 28 17 9 93
530.0 23 19 28 16 9 95
535.0 22 23 31 16 10 102
540.0 22 25 31 19 10 107
545.0 27 30 34 15 10 116
550.0 29 30 35 16 11 121
555.0 37 30 32 12 11 122
560.0 36 29 34 13 13 125
565.0 35 28 39 15 13 130
570.0 29 28 38 18 13 126
575.0 31 30 44 20 14 139
580.0 36 29 47 17 14 143
585.0 36 32 45 17 13 143
590.0 35 35 46 19 15 150
595.0 31 35 44 21 14 145
600.0 33 37 49 24 14 157
605.0 35 39 44 24 17 159
610.0 35 42 42 26 17 162
615.0 36 48 49 25 20 178
620.0 36 45 45 27 20 173
625.0 37 44 52 29 21 183
630.0 41 42 54 30 20 187
635.0 41 40 51 29 21 182
640.0 39 40 50 27 21 177
645.0 43 43 50 29 21 186
650.0 49 40 50 26 20 185
655.0 47 41 51 28 18 185
660.0 42 42 51 30 19 184
665.0 42 35 52 29 19 177
670.0 39 39 54 29 18 179
675.0 38 39 49 28 17 171
680.0 35 35 49 29 17 165
685.0 37 37 46 26 15 161
690.0 36 35 42 26 16 155
695.0 32 31 42 24 14 143
700.0 36 31 38 24 19 148
705.0 29 32 43 22 21 147
710.0 28 34 41 21 21 145
715.0 29 34 39 20 17 139
720.0 34 35 33 18 18 138
725.0 32 38 32 19 17 138
730.0 36 38 31 16 17 138
735.0 39 39 28 10 16 132
740.0 41 44 28 12 14 139
745.0 38 40 27 16 14 135
750.0 34 36 26 17 11 124
755.0 33 34 26 16 11 120
760.0 33 32 30 21 11 127
765.0 35 31 33 15 11 125
770.0 32 29 36 13 11 121
775.0 32 29 40 12 14 127
780.0 26 29 46 12 15 128
785.0 22 28 47 11 13 121
790.0 22 28 46 13 14 123
795.0 30 29 45 13 13 130
800.0 34 32 44 13 14 137
805.0 30 29 46 13 15 133
810.0 33 30 41 14 15 133
815.0 30 32 44 14 12 132
820.0 28 29 43 13 12 125
825.0 27 27 48 13 10 125
830.0 31 26 56 12 10 135
835.0 29 29 61 12 11 142
840.0 33 29 63 11 13 149
845.0 37 38 51 13 14 153
850.0 38 36 52 15 15 156
855.0 42 37 48 17 16 160
860.0 40 39 44 18 15 156
865.0 38 37 42 19 17 153
870.0 33 40 43 21 16 153
875.0 36 42 48 20 16 162
880.0 38 42 53 19 17 169
885.0 39 40 55 17 16 167
890.0 37 42 53 21 17 170
895.0 36 43 52 23 19 173
900.0 34 44 50 22 20 170
905.0 32 47 51 24 20 174
910.0 31 52 43 27 21 174
915.0 35 53 44 25 18 175
920.0 42 55 47 24 21 189
925.0 42 58 47 23 19 189
930.0 42 61 51 24 22 200
935.0 42 56 50 25 22 195
940.0 42 48 48 26 25 189
945.0 42 49 47 25 26 189
950.0 44 50 45 21 23 183
955.0 40 46 48 21 22 177
960.0 38 45 49 19 24 175
965.0 36 40 51 17 20 164
970.0 39 45 47 12 22 165
975.0 44 42 46 15 21 168
980.0 43 47 49 13 20 172
985.0 44 48 56 13 19 180
990.0 45 48 66 14 18 191
995.0 47 46 63 17 20 193
1000.0 49 45 57 18 21 190
1005.0 53 50 61 18 18 200
1010.0 50 51 62 18 18 199
1015.0 48 54 57 18 16 193
1020.0 43 54 61 22 17 197
1025.0 38 53 62 23 17 193
1030.0 42 49 58 27 18 194
1035.0 48 49 55 31 17 200
1040.0 49 46 56 28 17 196
1045.0 44 41 53 27 16 181
1050.0 43 44 59 26 14 186
1055.0 45 44 59 22 12 182
1060.0 47 39 66 21 11 184
1065.0 48 43 63 19 10 183
1070.0 43 42 55 18 12 170
1075.0 43 42 53 19 13 170
1080.0 42 43 60 22 17 184
1085.0 42 48 60 17 15 182
1090.0 45 48 66 14 16 189
1095.0 39 44 65 13 13 174
1100.0 38 49 68 15 14 184
1105.0 39 50 71 16 14 190
1110.0 39 55 74 19 15 202
1115.0 37 63 73 17 15 205
1120.0 42 61 78 16 14 211
1125.0 44 57 79 21 13 214
1130.0 44 62 79 22 12 219
1135.0 48 57 84 24 13 226
1140.0 47 53 84 24 14 222
1145.0 50 50 82 23 16 221
1150.0 50 53 72 23 14 212
1155.0 49 57 67 24 12 209
1160.0 46 56 68 25 14 209
1165.0 46 49 64 23 12 194
1170.0 41 46 61 22 14 184
1175.0 35 47 55 26 15 178
1180.0 36 48 56 26 17 183
1185.0 32 54 59 24 19 188
1190.0 28 52 63 24 18 185
1195.0 34 45 66 19 16 180
1200.0 33 43 60 19 14 169
1205.0 31 40 53 20 12 156
1210.0 36 43 52 18 13 162
1215.0 32 40 52 21 14 159
1220.0 32 36 44 21 14 147
1225.0 31 31 40 17 13 132
1230.0 26 31 34 20 14 125
1235.0 21 32 34 21 17 125
1240.0 19 29 33 20 17 118
1245.0 19 26 30 20 17 112
1250.0 20 26 24 23 16 109
1255.0 17 22 22 23 13 97
1260.0 19 20 17 19 10 85
1265.0 19 21 22 16 6 84
1270.0 16 20 20 15 8 79
1275.0 19 18 22 10 7 76
1280.0 17 20 21 9 7 74
1285.0 16 21 16 10 7 70
1290.0 11 18 16 7 6 58
1295.0 11 16 12 8 5 52
1300.0 8 15 13 9 4 49
1305.0 7 12 12 6 4 41
1310.0 8 11 11 7 3 40
1315.0 7 9 12 7 3 38
1320.0 6 7 10 7 3 33
1325.0 5 7 9 6 2 29
1330.0 5 4 7 6 2 24
1335.0 4 4 9 4 2 23
1340.0 2 5 7 5 2 21
1345.0 2 5 6 5 2 20
1350.0 2 6 5 6 2 21
1355.0 0 5 5 5 2 17
1360.0 0 4 3 4 2 13
1365.0 0 4 3 3 2 12
1370.0 1 4 4 1 2 12
1375.0 1 4 3 1 0 9
1380.0 1 3 2 1 0 7
1385.0 2 3 1 1 0 7
1390.0 2 3 1 1 0 7
1395.0 0 3 1 2 0 6
1400.0 0 2 1 2 0 5
1405.0 0 1 1 1 0 3
1410.0 0 0 1 1 0 2
1415.0 0 0 1 1 0 2
1420.0 0 0 1 1 0 2
1425.0 0 0 0 0 0 0
1430.0 0 0 1 1 0 2
1435.0 0 1 1 1 0 3
1440.0 0 1 0 0 0 1
1445.0 0 0 0 0 0 0
1450.0 0 0 0 0 0 0
1455.0 0 0 0 0 0 0
1460.0 0 0 0 0 0 0
1465.0 0 0 0 0 0 0
1470.0 0 0 0 0 0 0
1475.0 0 0 0 0 0 0
1480.0 0 0 0 0 0 0
1485.0 0 0 0 0 0 0
1490.0 0 0 0 0 0 0
1495.0 0 0 0 0 0 0
1500.0 0 0 0 0 0 0
1505.0 0 0 0 0 0 0
1510.0 0 0 0 0 0 0
1515.0 0 0 0 0 0 0
1520.0 0 0 0 0 0 0
1525.0 0 0 0 0 0 0
1530.0 0 0 0 0 0 0
1535.0 0 0 0 0 0 0
1540.0 0 0 0 0 0 0
1545.0 0 0 0 0 0 0
1550.0 0 0 0 0 0 0
1555.0 0 0 0 0 0 0
1560.0 0 0 0 0 0 0
1565.0 0 0 0 0 0 0
1570.0 0 0 0 0 0 0
1575.0 0 0 0 0 0 0
1580.0 0 0 0 0 0 0
1585.0 0 0 0 0 0 0
1590.0 0 0 0 0 0 0
1595.0 0 0 0 0 0 0
1600.0 0 0 0 0 0 0
1605.0 0 0 0 0 0 0
1610.0 0 0 0 0 0 0
1615.0 0 0 0 0 0 0
1620.0 0 0 0 0 0 0
1625.0 0 0 0 0 0 0
1630.0 0 0 0 0 0 0
1635.0 0 0 0 0 0 0
1640.0 0 0 0 0 0 0
1645.0 0 0 0 0 0 0
1650.0 0 0 0 0 0 0
1655.0 0 0 0 0 0 0
1660.0 0 0 0 0 0 0
1665.0 0 0 0 0 1 1
1670.0 0 0 0 0 1 1
1675.0 0 0 0 0 1 1
1680.0 0 0 0 0 1 1
1685.0 0 0 0 0 1 1
1690.0 0 0 0 0 1 1
1695.0 0 0 0 0 1 1
1700.0 0 0 0 0 1 1
1705.0 0 0 0 0 1 1
1710.0 0 0 0 0 1 1
1715.0 0 0 0 0 1 1
1720.0 0 0 0 0 0 0
1725.0 0 0 0 0 0 0
1730.0 0 0 0 0 0 0
1735.0 0 0 0 1 1 2
1740.0 0 1 0 1 1 3
1745.0 0 1 1 1 1 4
1750.0 0 1 1 1 1 4
1755.0 0 1 1 1 1 4
1760.0 2 1 1 0 1 5
1765.0 2 1 1 0 1 5
1770.0 2 2 1 0 1 6
1775.0 2 2 0 0 1 5
1780.0 2 2 0 0 1 5
1785.0 2 2 0 0 1 5
1790.0 2 2 0 0 1 5
1795.0 3 2 2 0 0 7
1800.0 3 1 3 0 0 7
1805.0 3 1 4 0 0 8
1810.0 3 1 4 0 0 8
1815.0 3 1 6 0 0 10
1820.0 3 1 7 0 0 11
1825.0 4 1 6 0 0 11
1830.0 3 1 6 2 0 12
1835.0 3 1 5 2 0 11
1840.0 4 2 4 5 1 16
1845.0 3 3 4 4 1 15
1850.0 4 4 4 3 1 16
1855.0 4 3 2 3 2 14
1860.0 4 4 3 3 2 16
1865.0 4 5 4 4 3 20
1870.0 6 5 7 3 3 24
1875.0 7 4 8 3 3 25
1880.0 8 5 9 4 3 29
1885.0 8 4 10 4 3 29
1890.0 10 5 9 5 2 31
1895.0 10 6 10 8 2 36
1900.0 8 6 12 9 2 37
1905.0 13 7 14 8 1 43
1910.0 14 10 14 9 1 48
1915.0 16 14 16 9 1 56
1920.0 15 14 18 10 0 57
1925.0 15 14 21 8 0 58
1930.0 14 14 23 9 0 60
1935.0 15 17 23 11 1 67
1940.0 17 16 27 12 1 73
1945.0 18 15 24 16 2 75
1950.0 21 15 23 15 3 77
1955.0 20 11 26 16 6 79
1960.0 21 15 27 15 7 85
1965.0 24 17 27 16 7 91
1970.0 27 20 31 14 8 100
1975.0 27 20 41 14 9 111
1980.0 25 25 45 13 11 119
1985.0 26 25 46 14 13 124
1990.0 27 27 43 14 11 122
1995.0 28 30 40 14 10 122
2000.0 29 33 41 16 9 128
2005.0 32 37 37 18 10 134
2010.0 33 38 36 21 11 139
2015.0 30 41 36 24 11 142
2020.0 32 37 36 26 10 141
2025.0 31 38 32 28 9 138
2030.0 34 39 33 27 8 141
2035.0 36 35 33 29 11 144
2040.0 40 43 33 29 14 159
2045.0 41 43 39 35 14 172
2050.0 39 40 44 39 10 172
2055.0 36 40 45 42 11 174
2060.0 44 36 54 35 11 180
2065.0 43 36 55 37 14 185
2070.0 41 37 57 32 16 183
2075.0 40 34 56 25 16 171
2080.0 37 28 58 27 17 167
2085.0 38 27 57 29 16 167
2090.0 35 29 59 33 17 173
2095.0 37 32 57 30 17 173
2100.0 38 34 52 30 18 172
2105.0 39 35 51 30 20 175
2110.0 42 32 53 30 19 176
2115.0 41 32 58 29 17 177
2120.0 44 33 54 27 17 175
2125.0 37 35 53 27 18 170
2130.0 36 35 52 27 17 167
2135.0 39 32 50 23 16 160
2140.0 35 30 50 22 17 154
2145.0 33 30 58 21 15 157
2150.0 35 33 56 26 15 165
2155.0 34 32 53 30 12 161
2160.0 31 31 52 27 13 154
2165.0 36 34 51 27 11 159
2170.0 40 29 48 23 9 149
2175.0 31 34 45 19 10 139
2180.0 25 32 44 25 14 140
2185.0 25 31 45 23 14 138
2190.0 27 28 43 20 14 132
2195.0 28 29 42 20 13 132
2200.0 32 32 40 21 13 138
2205.0 29 33 39 19 14 134
2210.0 30 37 37 18 14 136
2215.0 26 35 44 19 16 140
2220.0 24 32 45 18 15 134
2225.0 22 35 46 14 16 133
2230.0 19 32 51 16 18 136
2235.0 18 28 54 15 19 134
2240.0 19 27 53 12 22 133
2245.0 26 26 52 12 23 139
2250.0 23 33 52 13 21 142
2255.0 29 37 51 11 21 149
2260.0 34 36 52 11 22 155
2265.0 32 40 50 14 17 153
2270.0 32 39 51 13 16 151
2275.0 32 39 53 12 17 153
2280.0 33 38 51 15 17 154
2285.0 31 39 53 16 16 155
2290.0 26 34 53 18 19 150
2295.0 27 38 55 14 18 152
2300.0 30 37 55 12 17 151
2305.0 34 35 56 10 17 152
2310.0 38 37 55 10 18 158
2315.0 35 36 61 13 19 164
2320.0 38 32 61 13 20 164
2325.0 40 35 60 11 20 166
2330.0 41 29 58 13 21 162
2335.0 36 28 63 14 23 164
2340.0 36 31 65 17 23 172
2345.0 37 35 59 16 22 169
2350.0 35 36 56 22 21 170
2355.0 36 41 50 22 21 170
2360.0 36 42 51 25 21 175
2365.0 37 41 55 27 19 179
2370.0 35 43 54 26 19 177
2375.0 33 47 51 25 18 174
2380.0 35 50 51 25 16 177
2385.0 34 48 50 23 15 170
2390.0 36 48 50 18 13 165
2395.0 36 46 49 17 14 162
2400.0 34 46 51 20 17 168
2405.0 38 49 52 19 19 177
2410.0 38 43 57 21 20 179
2415.0 39 44 59 18 20 180
2420.0 37 48 51 20 20 176
2425.0 38 47 43 20 19 167
2430.0 37 46 39 19 16 157
2435.0 38 44 44 20 16 162
2440.0 43 41 43 19 14 160
2445.0 40 41 42 23 16 162
2450.0 36 37 39 26 17 155
2455.0 37 36 39 27 18 157
2460.0 36 37 41 30 18 162
2465.0 32 38 40 31 16 157
2470.0 31 36 47 32 22 168
2475.0 36 38 49 32 21 176
2480.0 41 38 49 32 19 179
2485.0 46 38 49 32 17 182
2490.0 45 40 46 33 15 179
2495.0 38 44 51 28 16 177
2500.0 49 44 44 23 18 178
2505.0 50 40 45 21 19 175
2510.0 44 39 44 22 19 168
2515.0 49 39 45 21 18 172
2520.0 47 41 50 22 16 176
2525.0 46 46 52 25 17 186
2530.0 48 44 49 21 17 179
2535.0 45 44 50 20 16 175
2540.0 44 47 55 21 17 184
2545.0 38 44 59 25 17 183
2550.0 38 47 58 22 18 183
2555.0 36 45 63 21 19 184
2560.0 42 42 69 22 15 190
2565.0 43 42 65 19 16 185
2570.0 41 40 65 19 15 180
2575.0 40 47 63 22 15 187
2580.0 46 44 59 23 16 188
2585.0 43 42 61 25 20 191
2590.0 44 45 62 29 21 201
2595.0 45 45 57 30 21 198
2600.0 51 41 59 26 21 198
2605.0 57 42 56 23 20 198
2610.0 55 46 56 22 19 198
2615.0 50 50 59 22 20 201
2620.0 47 55 57 27 23 209
2625.0 49 62 58 28 24 221
2630.0 46 59 57 29 24 215
2635.0 42 62 55 27 24 210
2640.0 44 55 55 22 21 197
2645.0 42 51 48 20 16 177
2650.0 42 53 52 17 13 177
2655.0 41 46 52 14 14 167
2660.0 40 42 50 14 12 158
2665.0 40 44 45 14 16 159
2670.0 35 40 46 12 16 149
2675.0 28 41 41 12 15 137
2680.0 30 34 41 13 15 133
2685.0 21 29 43 18 14 125
2690.0 20 20 33 17 12 102
2695.0 16 24 28 19 11 98
2700.0 18 24 27 16 11 96
2705.0 15 19 27 19 12 92
2710.0 18 14 24 19 10 85
2715.0 21 13 20 18 9 81
2720.0 22 12 21 13 9 77
2725.0 18 11 21 13 7 70
2730.0 12 12 18 13 6 61
2735.0 9 9 18 12 6 54
2740.0 8 10 14 11 6 49
2745.0 8 9 13 11 7 48
2750.0 7 7 13 12 7 46
2755.0 7 5 14 9 7 42
2760.0 11 5 11 7 6 40
2765.0 7 6 8 6 6 33
2770.0 7 6 6 3 6 28
2775.0 7 3 6 2 3 21
2780.0 6 3 6 3 2 20
2785.0 4 3 5 1 2 15
2790.0 4 2 6 1 1 14
2795.0 4 3 5 2 1 15
2800.0 3 4 4 2 2 15
2805.0 4 5 3 1 2 15
2810.0 4 2 2 1 2 11
2815.0 5 2 2 1 1 11
2820.0 5 2 2 1 1 11
2825.0 4 1 1 1 1 8
2830.0 2 1 1 1 0 5
2835.0 1 1 0 1 0 3
2840.0 1 1 0 1 0 3
2845.0 1 0 0 1 0 2
2850.0 1 1 1 1 0 4
2855.0 1 1 2 0 0 4
2860.0 0 1 2 0 0 3
2865.0 0 1 1 0 0 2
2870.0 0 1 1 0 0 2
2875.0 0 1 0 0 0 1
2880.0 0 0 0 0 0 0
2885.0 0 0 0 0 0 0
2890.0 0 0 0 0 0 0
2895.0 0 0 0 0 0 0
2900.0 0 0 0 0 0 0
2905.0 0 0 0 0 0 0
2910.0 0 0 0 0 0 0
2915.0 0 0 0 0 0 0
2920.0 0 0 0 0 0 0
2925.0 0 0 0 0 0 0
2930.0 0 0 0 0 0 0
2935.0 0 0 0 0 0 0
2940.0 0 0 0 0 0 0
2945.0 0 0 0 0 0 0
2950.0 0 0 0 0 0 0
2955.0 0 0 0 0 0 0
2960.0 0 0 0 0 0 0
2965.0 0 0 0 0 0 0
2970.0 0 0 0 0 0 0
2975.0 0 0 0 0 0 0
2980.0 0 0 0 0 0 0
2985.0 0 0 0 0 0 0
2990.0 0 0 0 0 0 0
2995.0 0 0 0 0 0 0
3000.0 0 0 0 0 0 0
3005.0 0 0 0 0 0 0
3010.0 0 0 0 0 0 0
3015.0 0 0 0 0 0 0
3020.0 0 0 0 0 0 0
3025.0 0 0 0 0 0 0
3030.0 0 0 0 0 0 0
3035.0 0 0 0 0 0 0
3040.0 0 0 0 0 0 0
3045.0 0 0 0 0 0 0
3050.0 0 0 0 0 0 0
3055.0 0 0 0 0 0 0
3060.0 0 0 0 0 0 0
3065.0 0 0 0 0 0 0
3070.0 0 0 0 0 0 0
3075.0 0 0 0 0 0 0
3080.0 0 0 0 0 0 0
3085.0 0 0 0 0 0 0
3090.0 0 0 0 0 0 0
3095.0 0 0 0 0 0 0
3100.0 0 0 0 0 0 0
3105.0 0 0 0 0 0 0
3110.0 0 0 0 0 0 0
3115.0 0 0 0 0 0 0
3120.0 0 0 0 0 0 0
3125.0 0 0 0 0 0 0
3130.0 0 0 0 0 0 0
3135.0 0 0 0 0 0 0
3140.0 0 0 0 0 0 0
3145.0 0 0 0 0 0 0
3150.0 0 0 0 0 0 0
3155.0 0 0 0 0 0 0
3160.0 0 0 0 0 0 0
3165.0 0 0 0 0 0 0
3170.0 0 0 0 0 0 0
3175.0 0 0 0 0 0 0
3180.0 0 0 1 0 0 1
3185.0 0 0 1 0 0 1
3190.0 0 0 1 0 0 1
3195.0 0 1 1 0 0 2
3200.0 0 1 0 0 0 1
3205.0 0 1 0 0 0 1
3210.0 0 2 0 0 0 2
3215.0 0 2 0 0 1 3
3220.0 0 2 0 0 1 3
3225.0 0 2 2 0 1 5
3230.0 1 2 2 0 1 6
3235.0 1 4 2 0 1 8
3240.0 0 4 2 0 1 7
3245.0 0 4 3 0 1 8
3250.0 2 3 4 0 1 10
3255.0 2 5 5 0 1 13
3260.0 2 4 6 1 0 13
3265.0 3 5 6 2 0 16
3270.0 3 5 6 3 0 17
3275.0 4 7 4 3 0 18
3280.0 4 4 5 4 0 17
3285.0 5 3 5 3 0 16
3290.0 5 4 5 3 1 18
3295.0 5 4 5 3 1 18
3300.0 5 5 4 2 1 17
3305.0 6 4 6 3 1 20
3310.0 7 6 8 1 1 23
3315.0 6 8 8 3 1 26
3320.0 6 7 9 3 2 27
3325.0 10 7 8 3 3 31
3330.0 12 9 11 2 3 37
3335.0 12 12 11 3 3 41
3340.0 13 11 11 4 2 41
3345.0 13 11 13 5 3 45
3350.0 15 8 15 4 3 45
3355.0 13 8 15 4 3 43
3360.0 13 12 16 3 3 47
3365.0 12 15 15 3 5 50
3370.0 16 18 17 3 6 60
3375.0 19 22 20 4 6 71
3380.0 20 25 22 4 5 76
3385.0 21 27 27 5 5 85
3390.0 24 32 28 4 8 96
3395.0 23 29 35 4 9 100
3400.0 22 35 34 6 8 105
3405.0 20 34 39 5 11 109
3410.0 21 38 38 7 12 116
3415.0 18 42 39 8 10 117
3420.0 18 42 45 7 13 125
3425.0 17 43 41 10 13 124
3430.0 20 45 37 10 13 125
3435.0 21 46 33 14 14 128
3440.0 23 47 35 11 14 130
3445.0 29 51 37 11 15 143
3450.0 31 54 40 13 14 152
3455.0 35 53 40 13 13 154
3460.0 37 55 48 15 11 166
3465.0 44 48 50 16 13 171
3470.0 48 51 52 14 15 180
3475.0 43 51 52 16 14 176
3480.0 39 53 61 19 14 186
3485.0 32 50 61 17 16 176
3490.0 25 48 60 18 15 166
3495.0 31 55 58 21 16 181
3500.0 35 54 55 21 16 181
3505.0 34 53 56 20 15 178
3510.0 31 52 53 24 19 179
3515.0 31 57 58 19 19 184
3520.0 37 51 61 18 18 185
3525.0 35 44 63 15 17 174
3530.0 38 45 67 16 16 182
3535.0 38 40 66 20 19 183
3540.0 41 38 70 19 19 187
3545.0 37 40 67 19 21 184
3550.0 36 42 58 19 20 175
3555.0 35 42 54 19 21 171
3560.0 33 45 45 18 22 163
3565.0 26 39 45 20 23 153
3570.0 27 42 43 22 21 155
3575.0 31 45 46 19 23 164
3580.0 34 41 41 21 23 160
3585.0 36 39 37 20 23 155
3590.0 33 37 36 19 21 146
3595.0 30 40 36 18 21 145
3600.0 31 38 34 17 19 139
3605.0 32 39 30 17 18 136
3610.0 31 40 32 18 16 137
3615.0 36 38 39 15 13 141
3620.0 41 34 41 15 15 146
3625.0 36 34 40 18 15 143
3630.0 31 37 33 19 16 136
3635.0 30 36 33 19 14 132
3640.0 29 38 32 19 14 132
3645.0 31 43 30 15 13 132
3650.0 31 36 32 15 13 127
3655.0 30 32 36 16 11 125
3660.0 27 30 34 20 12 123
3665.0 28 32 33 19 10 122
3670.0 31 32 34 17 11 125
3675.0 30 32 31 17 12 122
3680.0 27 33 29 18 13 120
3685.0 26 36 28 18 15 123
3690.0 26 36 30 23 14 129
3695.0 25 33 40 25 15 138
3700.0 23 37 45 23 14 142
3705.0 35 38 44 19 14 150
3710.0 36 41 44 20 14 155
3715.0 33 42 43 23 14 155
3720.0 33 45 44 20 14 156
3725.0 38 41 44 19 14 156
3730.0 38 43 47 20 16 164
3735.0 37 37 43 20 16 153
3740.0 33 31 37 19 13 133
3745.0 36 33 32 12 12 125
3750.0 42 36 33 11 11 133
3755.0 46 40 36 12 13 147
3760.0 49 38 34 17 12 150
3765.0 48 40 40 19 13 160
3770.0 44 40 40 20 11 155
3775.0 39 40 44 22 13 158
3780.0 37 39 45 21 12 154
3785.0 40 39 49 16 12 156
3790.0 42 38 48 22 12 162
3795.0 42 38 48 23 13 164
3800.0 45 42 48 21 12 168
3805.0 44 45 52 21 15 177
3810.0 44 42 50 26 14 176
3815.0 45 42 49 25 15 176
3820.0 43 45 52 28 16 184
3825.0 43 43 53 29 16 184
3830.0 40 42 45 32 20 179
3835.0 38 42 52 29 21 182
3840.0 38 38 52 27 23 178
3845.0 42 40 57 24 24 187
3850.0 40 36 54 27 24 181
3855.0 36 36 54 28 24 178
3860.0 34 37 44 27 24 166
3865.0 30 36 42 25 25 158
3870.0 36 38 38 24 25 161
3875.0 38 39 37 23 26 163
3880.0 38 40 41 23 26 168
3885.0 40 43 44 20 26 173
3890.0 41 40 47 19 24 171
3895.0 45 37 47 18 27 174
3900.0 45 42 43 19 25 174
3905.0 41 45 41 21 23 171
3910.0 40 45 40 22 23 170
3915.0 37 44 40 26 22 169
3920.0 37 45 43 26 17 168
3925.0 36 45 43 31 16 171
3930.0 38 51 47 33 13 182
3935.0 43 47 44 32 13 179
3940.0 47 52 45 27 16 187
3945.0 52 50 42 25 18 187
3950.0 54 45 44 23 18 184
3955.0 54 41 43 21 16 175
3960.0 53 44 40 22 15 174
3965.0 53 53 44 27 16 193
3970.0 53 54 44 27 15 193
3975.0 51 56 48 24 12 191
3980.0 55 55 46 25 16 197
3985.0 51 59 41 24 19 194
3990.0 49 59 45 26 19 198
3995.0 43 58 46 26 20 193
4000.0 48 58 47 25 20 198
4005.0 48 59 42 26 21 196
4010.0 50 53 41 27 23 194
4015.0 53 53 44 28 21 199
4020.0 49 58 52 27 19 205
4025.0 45 55 58 26 16 200
4030.0 43 55 55 27 18 198
4035.0 42 54 57 24 21 198
4040.0 39 47 66 27 21 200
4045.0 34 48 63 27 22 194
4050.0 41 47 59 25 24 196
4055.0 37 50 59 28 22 196
4060.0 36 54 55 27 19 191
4065.0 35 54 53 25 19 186
4070.0 32 53 58 21 19 183
4075.0 33 51 55 22 19 180
4080.0 28 44 53 24 18 167
4085.0 26 44 48 23 19 160
4090.0 20 47 44 28 18 157
4095.0 19 45 47 28 17 156
4100.0 20 46 46 25 12 149
4105.0 20 41 44 24 10 139
4110.0 17 36 45 23 11 132
4115.0 18 38 37 22 12 127
4120.0 19 39 34 20 12 124
4125.0 19 39 33 20 14 125
4130.0 19 37 28 16 12 112
4135.0 17 33 23 16 12 101
4140.0 20 32 23 13 10 98
4145.0 20 26 22 13 7 88
4150.0 17 24 27 10 6 84
4155.0 13 19 26 11 5 74
4160.0 14 19 27 10 5 75
4165.0 17 12 21 10 5 65
4170.0 15 13 15 9 3 55
4175.0 12 10 14 8 4 48
4180.0 13 12 14 3 4 46
4185.0 11 11 14 3 3 42
4190.0 8 10 13 1 3 35
4195.0 6 10 13 1 3 33
4200.0 6 10 9 1 3 29
4205.0 6 9 7 1 3 26
4210.0 7 7 6 1 5 26
4215.0 6 8 6 1 3 24
4220.0 6 5 6 1 2 20
4225.0 5 6 6 1 0 18
4230.0 5 6 5 1 0 17
4235.0 4 4 3 1 0 12
4240.0 4 3 2 1 0 10
4245.0 4 2 2 1 0 9
4250.0 3 1 1 1 0 6
4255.0 2 1 1 2 0 6
4260.0 2 0 0 2 0 4
4265.0 1 0 0 1 0 2
4270.0 1 0 0 1 0 2
4275.0 0 0 0 1 0 1
4280.0 0 0 1 0 0 1
4285.0 1 1 1 0 0 3
4290.0 1 1 0 0 0 2
4295.0 1 1 0 0 0 2
4300.0 1 0 0 0 0 1
4305.0 1 0 0 0 0 1
4310.0 0 0 1 0 0 1
4315.0 0 0 1 0 0 1
4320.0 0 1 0 0 0 1
4325.0 0 0 0 0 0 0
4330.0 0 0 0 0 0 0
4335.0 0 0 0 0 0 0
4340.0 0 0 0 0 0 0
4345.0 0 0 0 0 0 0
4350.0 0 0 0 0 0 0
4355.0 0 0 0 0 0 0
4360.0 0 0 0 0 0 0
4365.0 0 0 0 0 0 0
4370.0 0 0 0 0 0 0
4375.0 0 0 0 0 0 0
4380.0 0 0 0 0 0 0
4385.0 0 0 0 0 0 0
4390.0 0 0 0 0 0 0
4395.0 0 0 0 0 0 0
4400.0 0 0 0 0 0 0
4405.0 0 0 0 0 0 0
4410.0 0 0 0 0 0 0
4415.0 0 0 0 0 0 0
4420.0 0 0 0 0 0 0
4425.0 0 0 0 0 0 0
4430.0 0 0 0 0 0 0
4435.0 0 0 0 0 0 0
4440.0 0 0 0 0 0 0
4445.0 0 0 0 0 0 0
4450.0 0 0 0 0 0 0
4455.0 0 0 0 0 0 0
4460.0 0 0 0 0 0 0
4465.0 0 0 0 0 0 0
4470.0 0 0 0 0 0 0
4475.0 0 0 0 0 0 0
4480.0 0 0 0 0 0 0
4485.0 0 0 0 0 0 0
4490.0 0 0 0 0 0 0
4495.0 0 0 0 0 0 0
4500.0 0 0 0 0 0 0
4505.0 0 0 0 0 0 0
4510.0 0 0 0 0 0 0
4515.0 0 0 0 0 0 0
4520.0 0 0 0 0 0 0
4525.0 0 0 0 0 0 0
4530.0 0 0 0 0 0 0
4535.0 0 0 0 0 0 0
4540.0 0 0 0 0 0 0
4545.0 0 0 0 0 0 0
4550.0 0 0 0 0 0 0
4555.0 0 0 0 0 0 0
4560.0 0 0 0 0 0 0
4565.0 0 0 0 0 0 0
4570.0 0 0 0 0 0 0
4575.0 0 0 0 0 0 0
4580.0 0 0 0 0 0 0
4585.0 0 0 0 0 0 0
4590.0 0 0 0 0 0 0
4595.0 0 0 0 0 0 0
4600.0 0 0 1 0 0 1
4605.0 0 0 1 0 0 1
4610.0 0 0 2 0 0 2
4615.0 0 0 3 0 0 3
4620.0 0 0 3 0 0 3
4625.0 0 0 3 0 0 3
4630.0 2 0 1 0 0 3
4635.0 2 0 1 0 0 3
4640.0 2 0 2 0 0 4
4645.0 2 0 2 0 0 4
4650.0 2 0 2 0 0 4
4655.0 2 0 1 1 0 4
4660.0 2 0 0 1 0 3
4665.0 1 0 1 1 0 3
4670.0 1 0 2 1 0 4
4675.0 2 0 3 1 0 6
4680.0 1 0 3 1 0 5
4685.0 3 1 3 1 0 8
4690.0 3 1 3 1 0 8
4695.0 3 1 4 2 0 10
4700.0 3 1 5 1 0 10
4705.0 2 1 4 2 0 9
4710.0 2 1 4 2 0 9
4715.0 3 1 3 2 0 9
4720.0 4 0 5 2 0 11
4725.0 3 0 5 3 0 11
4730.0 4 0 3 3 0 10
4735.0 4 2 3 3 0 12
4740.0 4 3 3 5 0 15
4745.0 3 4 3 6 0 16
4750.0 4 4 4 7 0 19
4755.0 6 4 2 7 0 19
4760.0 7 6 3 5 0 21
4765.0 7 5 5 7 0 24
4770.0 7 8 7 6 1 29
4775.0 7 8 8 6 2 31
4780.0 10 7 12 6 2 37
4785.0 13 7 14 7 2 43
4790.0 18 6 15 7 3 49
4795.0 18 10 16 7 5 56
4800.0 18 14 13 9 5 59
4805.0 19 15 18 9 5 66
4810.0 17 14 18 10 5 64
4815.0 17 15 23 10 5 70
4820.0 18 16 25 10 4 73
4825.0 18 15 29 12 5 79
4830.0 18 16 30 11 5 80
4835.0 20 18 31 13 6 88
4840.0 24 24 31 15 8 102
4845.0 25 27 33 16 9 110
4850.0 25 30 33 20 12 120
4855.0 28 32 33 16 12 121
4860.0 28 31 34 18 14 125
4865.0 28 31 41 15 14 129
4870.0 33 28 42 15 13 131
4875.0 29 25 44 16 14 128
4880.0 32 26 46 14 16 134
4885.0 32 25 47 14 17 135
4890.0 31 24 48 15 18 136
4895.0 33 26 45 19 19 142
4900.0 30 29 42 20 19 140
4905.0 26 33 43 21 19 142
4910.0 29 38 48 24 17 156
4915.0 38 40 49 25 15 167
4920.0 39 41 51 25 16 172
4925.0 40 39 55 24 17 175
4930.0 44 36 56 20 18 174
4935.0 47 36 52 15 19 169
4940.0 42 37 49 16 17 161
4945.0 43 38 48 14 18 161
4950.0 41 42 48 14 17 162
4955.0 39 45 43 14 18 159
4960.0 36 43 44 17 18 158
4965.0 33 45 46 19 20 163
4970.0 38 50 46 20 19 173
4975.0 38 49 48 18 19 172
4980.0 38 53 48 16 20 175
4985.0 39 49 51 17 21 177
4990.0 36 45 51 19 24 175
4995.0 37 42 45 23 21 168
5000.0 39 43 39 24 20 165
5005.0 38 36 39 23 19 155
5010.0 38 40 40 24 19 161
5015.0 42 44 37 22 19 164
5020.0 43 40 34 23 20 160
5025.0 36 43 38 21 22 160
5030.0 34 38 42 22 20 156
5035.0 30 35 38 18 20 141
5040.0 31 37 35 18 21 142
5045.0 28 36 31 21 26 142
5050.0 27 36 29 20 26 138
5055.0 29 36 28 18 25 136
5060.0 26 35 27 18 23 129
5065.0 27 35 27 20 20 129
5070.0 24 36 29 17 19 125
5075.0 24 34 32 16 14 120
5080.0 22 36 30 20 14 122
5085.0 27 40 31 19 14 131
5090.0 29 38 31 19 12 129
5095.0 29 36 29 21 10 125
5100.0 27 36 27 22 11 123
5105.0 30 36 25 21 9 121
5110.0 32 35 26 22 9 124
5115.0 31 33 23 24 8 119
5120.0 32 32 25 21 9 119
5125.0 31 31 27 22 9 120
5130.0 29 33 31 21 8 122
5135.0 24 31 32 21 8 116
5140.0 27 34 33 17 10 121
5145.0 30 34 35 16 10 125
5150.0 34 34 35 15 12 130
5155.0 37 34 35 15 11 132
5160.0 37 32 38 16 10 133
5165.0 30 36 46 15 10 137
5170.0 34 36 52 15 12 149
5175.0 34 36 49 16 12 147
5180.0 32 34 50 17 10 143
5185.0 35 32 48 17 13 145
5190.0 33 34 51 18 14 150
5195.0 35 35 49 20 14 153
5200.0 32 35 49 23 14 153
5205.0 31 42 45 27 16 161
5210.0 32 44 43 25 15 159
5215.0 29 48 43 26 16 162
5220.0 32 46 46 26 18 168
5225.0 31 39 51 25 17 163
5230.0 33 41 47 24 19 164
5235.0 36 44 50 22 18 170
5240.0 35 43 49 26 18 171
5245.0 31 44 52 28 16 171
5250.0 29 45 53 28 15 170
5255.0 34 45 54 28 16 177
5260.0 38 49 55 26 16 184
5265.0 41 47 59 24 16 187
5270.0 45 46 60 24 17 192
5275.0 41 54 56 21 17 189
5280.0 49 54 51 19 16 189
5285.0 48 52 54 16 16 186
5290.0 46 54 52 16 18 186
5295.0 45 54 46 14 20 179
5300.0 41 53 42 17 17 170
5305.0 43 53 47 20 16 179
5310.0 44 54 52 22 21 193
5315.0 40 53 47 28 21 189
5320.0 45 52 48 30 21 196
5325.0 47 56 52 30 19 204
5330.0 47 57 52 28 20 204
5335.0 47 49 53 26 20 195
5340.0 45 46 57 27 21 196
5345.0 48 41 58 26 22 195
5350.0 47 36 56 27 19 185
5355.0 48 38 60 28 15 189
5360.0 48 38 65 26 17 194
5365.0 47 38 66 25 15 191
5370.0 47 36 68 25 20 196
5375.0 48 39 69 25 19 200
5380.0 51 41 71 20 17 200
5385.0 44 43 69 24 16 196
5390.0 47 45 70 25 18 205
5395.0 51 43 76 23 17 210
5400.0 49 41 71 24 19 204
5405.0 48 44 73 23 22 210
5410.0 50 44 78 23 25 220
5415.0 54 46 74 23 23 220
5420.0 51 50 76 22 24 223
5425.0 48 51 77 23 27 226
5430.0 48 54 71 22 22 217
5435.0 43 53 71 26 21 214
5440.0 43 52 68 27 21 211
5445.0 44 49 69 26 24 212
5450.0 44 46 69 29 26 214
5455.0 45 49 70 29 28 221
5460.0 46 45 67 31 27 216
5465.0 44 44 65 32 23 208
5470.0 43 48 62 33 22 208
5475.0 43 48 62 35 21 209
5480.0 43 44 57 38 22 204
5485.0 42 42 54 34 21 193
5490.0 46 43 56 31 19 195
5495.0 46 46 60 30 19 201
5500.0 46 38 59 24 18 185
5505.0 46 40 57 20 18 181
5510.0 43 38 55 18 14 168
5515.0 42 38 57 20 14 171
5520.0 37 42 57 21 16 173
5525.0 32 42 55 23 16 168
5530.0 31 41 48 22 14 156
5535.0 28 45 39 21 12 145
5540.0 33 40 39 16 11 139
5545.0 30 31 40 16 11 128
5550.0 28 27 37 14 11 117
5555.0 27 22 34 14 14 111
5560.0 29 19 29 11 14 102
5565.0 28 18 25 11 15 97
5570.0 27 21 23 11 11 93
5575.0 22 20 26 12 10 90
5580.0 13 20 22 15 9 79
5585.0 14 20 18 16 9 77
5590.0 17 23 21 13 7 81
5595.0 18 20 23 9 8 78
5600.0 16 18 22 10 6 72
5605.0 15 18 24 7 5 69
5610.0 11 12 19 9 5 56
5615.0 10 11 16 12 3 52
5620.0 9 9 15 11 1 45
5625.0 6 8 13 11 0 38
5630.0 7 8 10 10 0 35
5635.0 7 10 6 10 0 33
5640.0 7 8 7 10 0 32
5645.0 10 7 5 7 0 29
5650.0 7 7 6 6 0 26
5655.0 6 5 7 5 0 23
5660.0 5 4 8 3 0 20
5665.0 5 4 7 3 0 19
5670.0 6 3 7 3 0 19
5675.0 4 3 4 2 0 13
5680.0 3 3 1 3 0 10
5685.0 3 3 2 2 0 10
5690.0 4 3 2 1 0 10
5695.0 5 3 2 0 0 10
5700.0 5 3 2 0 0 10
5705.0 4 2 1 0 0 7
5710.0 3 2 1 0 0 6
5715.0 4 1 1 0 0 6
5720.0 3 1 1 0 0 5
5725.0 3 1 1 0 0 5
5730.0 3 0 1 0 0 4
5735.0 2 0 1 0 0 3
5740.0 1 0 1 1 0 3
5745.0 1 0 1 1 0 3
5750.0 0 0 1 1 0 2
5755.0 0 0 1 1 0 2
5760.0 0 0 0 0 0 0
5765.0 0 0 0 0 0 0
5770.0 0 0 0 0 0 0
5775.0 0 0 0 0 0 0
5780.0 0 0 0 0 0 0
5785.0 0 0 0 0 0 0
5790.0 0 0 0 0 0 0
5795.0 0 0 0 0 0 0
5800.0 0 0 0 0 0 0
5805.0 0 0 0 0 0 0
5810.0 0 0 0 0 0 0
5815.0 0 0 0 0 0 0
5820.0 0 0 0 0 0 0
5825.0 0 0 0 0 0 0
5830.0 0 0 0 0 0 0
5835.0 0 0 0 0 0 0
5840.0 0 0 0 0 0 0
5845.0 0 0 0 0 0 0
5850.0 0 0 0 0 0 0
5855.0 0 0 0 0 0 0
5860.0 0 0 0 0 0 0
5865.0 0 0 0 0 0 0
5870.0 0 0 0 0 0 0
5875.0 0 0 0 0 0 0
5880.0 0 0 0 0 0 0
5885.0 0 0 0 0 0 0
5890.0 0 0 0 0 0 0
5895.0 0 0 0 0 0 0
5900.0 0 0 0 0 0 0
5905.0 0 0 0 0 0 0
5910.0 0 0 0 0 0 0
5915.0 0 0 0 0 0 0
5920.0 0 0 0 0 0 0
5925.0 0 0 0 0 0 0
5930.0 0 0 0 0 0 0
5935.0 0 0 0 0 0 0
5940.0 0 0 0 0 0 0
5945.0 0 0 0 0 0 0
5950.0 0 0 0 0 0 0
5955.0 0 0 0 0 0 0
5960.0 0 0 0 0 0 0
5965.0 0 0 0 0 0 0
5970.0 0 0 0 0 0 0
5975.0 0 0 0 0 0 0
5980.0 0 0 0 0 0 0
5985.0 0 0 0 0 0 0
5990.0 0 0 0 0 0 0
5995.0 0 0 0 0 0 0
6000.0 0 0 0 0 0 0
6005.0 0 0 0 0 0 0
6010.0 0 0 0 0 0 0
6015.0 0 0 0 0 0 0
6020.0 0 0 0 0 0 0
6025.0 0 0 0 0 0 0
6030.0 0 0 0 0 0 0
6035.0 0 0 0 0 0 0
6040.0 0 0 0 0 0 0
6045.0 0 0 0 0 0 0
6050.0 0 0 0 0 0 0
6055.0 0 0 0 0 0 0
6060.0 0 0 0 0 0 0
6065.0 0 1 0 0 0 1
6070.0 0 1 0 0 0 1
6075.0 0 1 1 0 0 2
6080.0 0 1 1 0 0 2
6085.0 0 1 2 0 0 3
6090.0 0 1 2 0 0 3
6095.0 0 1 2 0 0 3
6100.0 1 1 2 0 0 4
6105.0 2 2 3 0 0 7
6110.0 2 2 3 0 0 7
6115.0 3 3 3 0 0 9
6120.0 3 5 2 0 0 10
6125.0 3 5 3 0 1 12
6130.0 4 3 3 0 1 11
6135.0 5 2 3 0 1 11
6140.0 5 4 4 0 1 14
6145.0 5 4 3 0 0 12
6150.0 5 4 4 0 0 13
6155.0 5 4 3 0 0 12
6160.0 6 5 4 0 1 16
6165.0 4 5 5 0 1 15
6170.0 5 4 5 1 1 16
6175.0 5 3 10 1 1 20
6180.0 5 5 9 2 1 22
6185.0 6 5 10 3 1 25
6190.0 6 5 13 3 1 28
6195.0 9 8 11 3 1 32
6200.0 9 7 13 5 2 36
6205.0 11 7 14 4 2 38
6210.0 12 7 16 7 1 43
6215.0 12 8 15 6 2 43
6220.0 14 11 15 7 2 49
6225.0 15 13 15 9 2 54
6230.0 14 16 14 11 1 56
6235.0 16 18 15 10 1 60
6240.0 16 16 21 11 3 67
6245.0 14 18 21 7 3 63
6250.0 18 17 24 9 3 71
6255.0 14 18 27 10 4 73
6260.0 14 20 26 10 4 74
6265.0 16 21 24 9 4 74
6270.0 17 20 23 9 4 73
6275.0 20 21 26 7 4 78
6280.0 26 20 27 7 4 84
6285.0 28 24 25 9 5 91
6290.0 35 25 25 13 5 103
6295.0 38 26 28 14 4 110
6300.0 40 28 28 14 3 113
6305.0 34 31 28 12 5 110
6310.0 26 35 34 16 6 117
6315.0 27 39 33 16 7 122
6320.0 30 42 35 17 7 131
6325.0 31 42 34 18 7 132
6330.0 34 48 33 16 9 140
6335.0 33 51 35 18 9 146
6340.0 29 53 35 18 9 144
6345.0 25 45 42 21 11 144
6350.0 27 44 43 19 13 146
6355.0 27 46 51 21 13 158
6360.0 28 54 52 20 12 166
6365.0 31 49 52 18 12 162
6370.0 33 48 54 16 12 163
6375.0 35 45 53 14 11 158
6380.0 34 42 56 15 13 160
6385.0 32 44 53 16 14 159
6390.0 29 46 54 18 13 160
6395.0 27 47 52 19 12 157
6400.0 25 46 50 21 10 152
6405.0 23 39 51 19 12 144
6410.0 25 39 51 16 12 143
6415.0 28 36 51 19 15 149
6420.0 29 33 56 20 15 153
6425.0 33 30 54 24 15 156
6430.0 35 32 50 26 18 161
6435.0 34 36 46 31 16 163
6440.0 37 37 48 33 15 170
6445.0 31 39 49 32 14 165
6450.0 27 42 55 35 14 173
6455.0 28 40 55 32 14 169
6460.0 28 37 51 32 14 162
6465.0 31 36 41 31 16 155
6470.0 34 37 42 32 20 165
6475.0 31 37 41 27 21 157
6480.0 26 33 42 28 20 149
6485.0 26 26 47 27 20 146
6490.0 25 28 46 26 17 142
6495.0 26 31 42 28 16 143
6500.0 22 34 46 26 17 145
6505.0 25 33 45 24 16 143
6510.0 25 30 39 24 16 134
6515.0 24 31 37 24 16 132
6520.0 26 29 38 22 18 133
6525.0 32 29 34 21 16 132
6530.0 35 34 35 20 15 139
6535.0 33 32 32 19 13 129
6540.0 36 32 33 16 15 132
6545.0 29 32 32 18 14 125
6550.0 28 30 35 18 13 124
6555.0 29 31 38 18 12 128
6560.0 29 32 34 17 14 126
6565.0 30 32 32 18 15 127
6570.0 32 30 31 18 14 125
6575.0 34 30 35 19 15 133
6580.0 31 32 31 20 14 128
6585.0 33 31 30 19 15 128
6590.0 31 31 34 19 15 130
6595.0 31 34 32 19 18 134
6600.0 28 34 34 20 21 137
6605.0 31 35 36 22 21 145
6610.0 32 33 35 25 24 149
6615.0 32 42 39 23 25 161
6620.0 31 42 42 25 24 164
6625.0 33 50 39 25 21 168
6630.0 30 50 44 25 21 170
6635.0 30 50 43 27 19 169
6640.0 31 52 42 24 19 168
6645.0 36 50 43 22 18 169
6650.0 40 52 40 21 18 171
6655.0 47 48 39 18 20 172
6660.0 45 48 35 19 21 168
6665.0 43 44 39 17 23 166
6670.0 42 48 41 18 21 170
6675.0 40 43 42 20 21 166
6680.0 38 43 37 19 20 157
6685.0 39 43 39 20 17 158
6690.0 47 47 40 20 17 171
6695.0 53 50 45 19 16 183
6700.0 57 45 48 20 17 187
6705.0 57 42 49 22 17 187
6710.0 50 51 41 25 17 184
6715.0 48 47 44 28 17 184
6720.0 43 44 46 27 18 178
6725.0 38 43 52 27 17 177
6730.0 38 39 52 27 14 170
6735.0 36 39 54 29 15 173
6740.0 36 39 60 30 18 183
6745.0 38 36 60 29 19 182
6750.0 39 42 52 24 18 175
6755.0 33 44 51 23 21 172
6760.0 33 45 48 26 22 174
6765.0 36 44 44 24 20 168
6770.0 40 40 48 26 16 170
6775.0 40 41 53 26 15 175
6780.0 45 41 48 22 14 170
6785.0 43 43 50 20 13 169
6790.0 38 48 43 19 14 162
6795.0 42 49 44 21 16 172
6800.0 41 46 53 19 16 175
6805.0 41 47 54 19 20 181
6810.0 39 47 51 22 20 179
6815.0 44 47 52 23 22 188
6820.0 42 44 52 26 20 184
6825.0 44 51 48 31 19 193
6830.0 43 47 47 29 17 183
6835.0 46 48 46 26 17 183
6840.0 44 50 43 26 18 181
6845.0 43 53 46 27 16 185
6850.0 49 44 42 27 19 181
6855.0 51 45 47 24 19 186
6860.0 48 48 53 25 16 190
6865.0 46 54 54 27 14 195
6870.0 49 58 57 25 14 203
6875.0 55 62 55 25 16 213
6880.0 56 57 53 26 15 207
6885.0 57 61 54 26 16 214
6890.0 53 59 54 29 19 214
6895.0 53 52 53 29 20 207
6900.0 56 54 54 28 20 212
6905.0 55 50 49 30 16 200
6910.0 47 54 46 32 17 196
6915.0 57 54 45 26 17 199
6920.0 52 59 43 24 18 196
6925.0 50 54 46 23 19 192
6930.0 52 55 46 21 16 190
6935.0 52 56 50 22 13 193
6940.0 51 48 60 22 15 196
6945.0 54 44 59 18 17 192
6950.0 54 36 58 21 17 186
6955.0 48 34 53 20 18 173
6960.0 41 34 49 22 18 164
6965.0 37 32 47 20 19 155
6970.0 39 33 44 17 19 152
6975.0 33 30 39 23 17 142
6980.0 29 30 37 23 16 135
6985.0 32 29 30 19 14 124
6990.0 29 27 36 18 13 123
6995.0 26 25 31 15 13 110
7000.0 22 23 31 15 11 102
7005.0 20 18 30 12 9 89
7010.0 19 18 26 12 7 82
7015.0 20 20 21 11 7 79
7020.0 14 15 20 14 8 71
7025.0 12 12 19 14 7 64
7030.0 10 9 23 14 8 64
7035.0 13 11 24 12 8 68
7040.0 12 12 19 11 7 61
7045.0 12 12 18 8 7 57
7050.0 12 10 12 7 7 48
7055.0 9 10 13 3 5 40
7060.0 10 11 8 3 4 36
7065.0 9 9 8 3 4 33
7070.0 6 9 8 3 5 31
7075.0 6 10 9 4 6 35
7080.0 6 10 8 3 6 33
7085.0 4 10 8 4 5 31
7090.0 4 9 5 4 4 26
7095.0 4 11 4 3 2 24
7100.0 2 11 7 2 2 24
7105.0 2 8 5 1 2 18
7110.0 3 6 5 0 2 16
7115.0 3 4 2 0 0 9
7120.0 3 4 3 0 0 10
7125.0 2 3 2 1 1 9
7130.0 0 2 2 0 1 5
7135.0 0 1 2 0 1 4
7140.0 0 2 1 0 1 4
7145.0 0 2 1 0 1 4
7150.0 0 2 1 0 0 3
7155.0 0 2 1 0 0 3
7160.0 0 2 0 0 0 2
7165.0 0 1 0 0 0 1
7170.0 0 0 0 0 0 0
7175.0 0 0 0 0 0 0
7180.0 0 0 0 0 0 0
7185.0 0 0 0 0 0 0
7190.0 0 0 0 0 0 0
7195.0 0 0 0 0 0 0
7200.0 0 0 0 0 0 0
7205.0 0 0 0 0 0 0
7210.0 0 0 0 0 0 0
7215.0 0 0 0 0 0 0
7220.0 0 0 0 0 0 0
7225.0 0 0 0 0 0 0
7230.0 0 0 0 0 0 0
7235.0 0 0 0 0 0 0
7240.0 0 0 0 0 0 0
7245.0 0 0 0 0 0 0
7250.0 0 0 0 0 0 0
7255.0 0 0 0 0 0 0
7260.0 0 0 0 0 0 0
7265.0 0 0 0 0 0 0
7270.0 0 0 0 0 0 0
7275.0 0 0 0 0 0 0
7280.0 0 0 0 0 0 0
7285.0 0 0 0 0 0 0
7290.0 0 0 0 0 0 0
7295.0 0 0 0 0 0 0
7300.0 0 0 0 0 0 0
7305.0 0 0 0 0 0 0
7310.0 0 0 0 0 0 0
7315.0 0 0 0 0 0 0
7320.0 0 0 0 0 0 0
7325.0 0 0 0 0 0 0
7330.0 0 0 0 0 0 0
7335.0 0 0 0 0 0 0
7340.0 0 0 0 0 0 0
7345.0 0 0 0 0 0 0
7350.0 0 0 0 0 0 0
7355.0 0 0 0 0 0 0
7360.0 0 0 0 0 0 0
7365.0 0 0 0 0 0 0
7370.0 0 0 0 0 0 0
7375.0 0 0 0 0 0 0
7380.0 0 0 0 0 0 0
7385.0 0 0 0 0 0 0
7390.0 0 0 0 0 0 0
7395.0 0 0 0 0 0 0
7400.0 0 0 0 0 0 0
7405.0 0 0 0 0 0 0
7410.0 0 0 0 0 0 0
7415.0 0 0 0 0 0 0
7420.0 0 0 0 0 0 0
7425.0 0 0 0 0 0 0
7430.0 0 0 0 0 0 0
7435.0 0 0 0 0 0 0
7440.0 0 0 0 0 0 0
7445.0 0 0 0 0 0 0
7450.0 0 0 0 0 0 0
7455.0 0 0 0 0 0 0
7460.0 0 0 0 0 0 0
7465.0 0 0 0 0 0 0
7470.0 0 0 0 0 0 0
7475.0 0 0 0 0 0 0
7480.0 0 0 0 0 0 0
7485.0 0 0 0 0 0 0
7490.0 0 0 0 0 0 0
7495.0 0 0 0 0 0 0
7500.0 0 0 0 0 0 0
7505.0 0 0 0 0 0 0
7510.0 0 0 0 2 0 2
7515.0 0 0 0 2 0 2
7520.0 1 0 0 1 0 2
7525.0 1 0 1 1 0 3
7530.0 1 0 1 1 0 3
7535.0 1 0 1 1 0 3
7540.0 1 0 0 1 1 3
7545.0 1 0 0 1 1 3
7550.0 1 0 1 1 1 4
7555.0 1 1 1 1 1 5
7560.0 1 1 1 1 1 5
7565.0 1 2 2 0 1 6
7570.0 1 2 3 0 1 7
7575.0 1 3 4 0 0 8
7580.0 2 2 5 2 0 11
7585.0 2 2 6 2 1 13
7590.0 3 2 7 3 1 16
7595.0 4 3 7 3 1 18
7600.0 2 3 8 4 1 18
7605.0 4 3 7 4 1 19
7610.0 5 3 6 4 1 19
7615.0 6 3 6 4 2 21
7620.0 6 4 8 4 3 25
7625.0 6 4 8 4 3 25
7630.0 7 5 11 6 3 32
7635.0 8 5 13 6 3 35
7640.0 7 5 11 5 3 31
7645.0 9 5 9 5 3 31
7650.0 12 7 10 7 4 40
7655.0 11 8 9 7 5 40
7660.0 12 6 8 11 5 42
7665.0 12 6 12 11 5 46
7670.0 16 6 13 13 5 53
7675.0 17 5 14 14 5 55
7680.0 17 6 15 14 6 58
7685.0 19 8 13 14 6 60
7690.0 20 10 14 15 6 65
7695.0 19 13 15 16 6 69
7700.0 21 15 16 12 6 70
7705.0 19 16 19 13 6 73
7710.0 22 15 21 13 6 77
7715.0 24 16 24 10 6 80
7720.0 25 16 26 12 9 88
7725.0 27 12 24 16 9 88
7730.0 24 16 29 17 10 96
7735.0 30 21 28 12 10 101
7740.0 26 26 29 17 10 108
7745.0 23 23 36 21 10 113
7750.0 27 29 34 22 10 122
7755.0 29 33 33 23 11 129
7760.0 32 37 36 23 11 139
7765.0 36 41 34 20 11 142
7770.0 30 45 37 18 13 143
7775.0 30 48 38 20 15 151
7780.0 27 45 44 23 13 152
7785.0 25 45 49 27 15 161
7790.0 23 44 48 28 17 160
7795.0 24 43 47 24 14 152
7800.0 27 41 46 22 12 148
7805.0 30 38 58 23 13 162
7810.0 37 39 57 23 14 170
7815.0 36 44 59 22 16 177
7820.0 32 45 63 19 18 177
7825.0 28 46 61 20 21 176
7830.0 31 51 64 16 22 184
7835.0 29 54 54 17 22 176
7840.0 29 56 59 15 23 182
7845.0 29 60 61 14 22 186
7850.0 33 60 62 11 20 186
7855.0 30 58 65 13 20 186
7860.0 30 58 66 16 19 189
7865.0 28 54 63 18 20 183
7870.0 30 56 60 15 19 180
7875.0 33 56 56 14 17 176
7880.0 30 62 53 16 16 177
7885.0 28 59 53 14 17 171
7890.0 27 53 50 16 17 163
7895.0 24 46 54 17 19 160
7900.0 28 45 50 18 20 161
7905.0 24 42 53 18 20 157
7910.0 25 46 54 18 18 161
7915.0 28 40 50 16 17 151
7920.0 29 40 47 14 16 146
7925.0 30 36 47 17 17 147
7930.0 29 32 49 18 16 144
7935.0 30 27 47 16 14 134
7940.0 26 26 48 15 13 128
7945.0 30 24 45 14 12 125
7950.0 30 23 40 16 12 121
7955.0 28 25 36 16 11 116
7960.0 29 28 35 16 10 118
7965.0 29 27 34 17 9 116
7970.0 27 24 38 18 12 119
7975.0 28 23 40 18 11 120
7980.0 25 24 36 19 10 114
7985.0 26 23 34 18 10 111
7990.0 24 23 36 18 10 111
7995.0 26 24 35 17 10 112
8000.0 25 26 33 20 10 114
8005.0 26 34 34 22 11 127
8010.0 27 36 33 22 11 129
8015.0 28 38 35 22 12 135
8020.0 31 42 36 18 13 140
8025.0 38 41 37 14 11 141
8030.0 37 37 37 14 11 136
8035.0 32 36 39 16 13 136
8040.0 32 38 36 17 14 137
8045.0 29 41 36 23 15 144
8050.0 32 33 36 26 16 143
8055.0 33 35 36 25 15 144
8060.0 36 37 39 21 15 148
8065.0 35 32 42 21 14 144
8070.0 36 33 40 22 15 146
8075.0 35 31 40 19 17 142
8080.0 36 29 44 23 18 150
8085.0 32 28 48 24 16 148
8090.0 33 33 46 23 16 151
8095.0 27 29 49 23 17 145
8100.0 26 28 57 24 17 152
8105.0 26 34 59 22 18 159
8110.0 27 38 56 25 18 164
8115.0 33 36 52 25 19 165
8120.0 34 38 52 26 16 166
8125.0 33 40 56 26 18 173
8130.0 37 43 58 25 18 181
8135.0 39 38 63 27 17 184
8140.0 38 37 68 25 18 186
8145.0 39 34 62 28 21 184
8150.0 36 34 64 33 22 189
8155.0 35 32 57 36 22 182
8160.0 38 32 52 33 24 179
8165.0 41 37 49 32 23 182
8170.0 38 38 46 36 21 179
8175.0 40 36 46 38 19 179
8180.0 46 32 48 37 20 183
8185.0 44 34 44 35 18 175
8190.0 47 33 44 34 17 175
8195.0 46 39 46 28 18 177
8200.0 48 43 50 33 18 192
8205.0 50 43 54 34 18 199
8210.0 51 46 55 30 17 199
8215.0 48 49 57 30 17 201
8220.0 43 55 54 28 17 197
8225.0 46 55 50 29 18 198
8230.0 44 62 49 23 19 197
8235.0 41 63 55 22 24 205
8240.0 42 59 56 22 24 203
8245.0 39 57 55 24 21 196
8250.0 38 60 52 23 21 194
8255.0 43 60 52 21 21 197
8260.0 45 60 50 22 21 198
8265.0 43 62 49 25 21 200
8270.0 43 65 48 25 22 203
8275.0 44 62 52 27 23 208
8280.0 42 67 52 29 22 212
8285.0 42 60 50 30 20 202
8290.0 39 58 49 34 18 198
8295.0 38 61 50 34 20 203
8300.0 41 71 43 38 23 216
8305.0 46 74 46 36 23 225
8310.0 45 75 42 38 24 224
8315.0 47 69 44 36 26 222
8320.0 50 70 51 33 25 229
8325.0 55 66 50 29 23 223
8330.0 53 67 61 23 24 228
8335.0 51 65 62 25 25 228
8340.0 46 64 59 26 20 215
8345.0 48 63 56 24 20 211
8350.0 51 64 54 30 19 218
8355.0 43 58 60 33 22 216
8360.0 37 56 61 32 21 207
8365.0 43 48 66 34 23 214
8370.0 45 46 68 30 24 213
8375.0 45 44 64 28 22 203
8380.0 47 45 64 27 21 204
8385.0 44 44 58 24 22 192
8390.0 40 47 52 25 20 184
8395.0 43 46 51 23 16 179
8400.0 43 41 53 24 17 178
8405.0 41 37 61 20 17 176
8410.0 43 34 51 17 15 160
8415.0 40 35 48 14 19 156
8420.0 40 32 42 11 21 146
8425.0 32 29 37 9 22 129
8430.0 34 25 38 9 18 124
8435.0 35 24 38 8 15 120
8440.0 34 24 39 6 13 116
8445.0 30 27 36 10 13 116
8450.0 27 24 37 8 14 110
8455.0 30 21 33 7 12 103
8460.0 26 17 31 10 8 92
8465.0 23 18 24 13 8 86
8470.0 19 16 18 11 9 73
8475.0 19 13 15 10 7 64
8480.0 16 13 14 9 6 58
8485.0 13 12 12 8 2 47
8490.0 13 10 12 8 2 45
8495.0 13 10 16 6 2 47
8500.0 12 11 14 6 2 45
8505.0 12 8 14 6 2 42
8510.0 6 8 10 7 1 32
8515.0 4 9 10 7 2 32
8520.0 3 6 11 5 2 27
8525.0 2 4 13 4 2 25
8530.0 3 3 12 4 1 23
8535.0 3 3 10 1 1 18
8540.0 4 5 9 0 1 19
8545.0 4 6 7 0 1 18
8550.0 4 5 7 1 1 18
8555.0 3 4 5 1 1 14
8560.0 4 5 5 1 1 16
8565.0 4 4 4 0 1 13
8570.0 2 4 4 0 1 11
8575.0 2 2 3 0 2 9
8580.0 3 1 2 0 1 7
8585.0 2 1 2 0 0 5
8590.0 2 2 1 0 0 5
8595.0 2 1 0 1 0 4
8600.0 0 1 2 1 1 5
8605.0 0 1 2 1 1 5
8610.0 1 1 2 0 1 5
8615.0 0 0 2 0 1 3
8620.0 0 0 2 0 1 3
8625.0 0 1 1 0 0 2
8630.0 0 1 0 0 0 1
8635.0 0 1 0 0 0 1
8640.0 0 0 0 0 0 0
8645.0 0 0 0 0 0 0
8650.0 0 0 0 0 0 0
8655.0 0 0 0 0 0 0
8660.0 0 0 0 0 0 0
8665.0 0 0 0 0 0 0
8670.0 0 0 0 0 0 0
8675.0 0 0 0 0 0 0
8680.0 0 0 0 0 0 0
8685.0 0 0 0 0 0 0
8690.0 0 0 0 0 0 0
8695.0 0 0 0 0 0 0
8700.0 0 0 0 0 0 0
8705.0 0 0 0 0 0 0
8710.0 0 0 0 0 0 0
8715.0 0 0 0 0 0 0
8720.0 0 0 0 0 0 0
8725.0 0 0 0 0 0 0
8730.0 0 0 0 0 0 0
8735.0 0 0 0 0 0 0
8740.0 0 0 0 0 0 0
8745.0 0 0 0 0 0 0
8750.0 0 0 0 0 0 0
8755.0 0 0 0 0 0 0
8760.0 0 0 0 0 0 0
8765.0 0 0 0 0 0 0
8770.0 0 0 0 0 0 0
8775.0 0 0 0 0 0 0
8780.0 0 0 0 0 0 0
8785.0 0 0 0 0 0 0
8790.0 0 0 0 0 0 0
8795.0 0 0 0 0 0 0
8800.0 0 0 0 0 0 0
8805.0 0 0 0 0 0 0
8810.0 0 0 0 0 0 0
8815.0 0 0 0 0 0 0
8820.0 0 0 0 0 0 0
8825.0 0 0 0 0 0 0
8830.0 0 0 0 0 0 0
8835.0 0 0 0 0 0 0
8840.0 0 0 0 0 0 0
8845.0 0 0 0 0 0 0
8850.0 0 0 0 0 0 0
8855.0 0 0 0 0 0 0
8860.0 0 0 0 0 0 0
8865.0 0 0 0 0 0 0
8870.0 0 0 0 0 0 0
8875.0 0 0 0 0 0 0
8880.0 0 0 0 0 0 0
8885.0 0 0 0 0 0 0
8890.0 0 0 0 0 0 0
8895.0 0 0 0 0 0 0
8900.0 0 0 0 0 0 0
8905.0 0 0 0 0 0 0
8910.0 0 0 0 0 0 0
8915.0 0 0 0 0 0 0
8920.0 0 0 0 0 0 0
8925.0 0 0 0 0 0 0
8930.0 0 0 0 0 0 0
8935.0 0 0 0 0 0 0
8940.0 0 0 0 0 0 0
8945.0 0 0 0 0 0 0
8950.0 0 0 0 0 0 0
8955.0 0 1 0 0 0 1
8960.0 0 1 1 0 0 2
8965.0 1 2 2 0 0 5
8970.0 1 2 3 0 0 6
8975.0 1 2 3 0 0 6
8980.0 1 2 1 0 0 4
8985.0 1 2 1 0 0 4
8990.0 3 1 1 0 0 5
8995.0 5 1 1 0 0 7
9000.0 4 2 2 0 0 8
9005.0 4 3 1 0 0 8
9010.0 3 4 1 0 0 8
9015.0 3 4 0 0 0 7
9020.0 2 3 0 0 1 6
9025.0 2 3 2 0 1 8
9030.0 2 3 2 2 1 10
9035.0 4 6 2 4 1 17
9040.0 4 6 2 5 1 18
9045.0 9 8 4 3 1 25
9050.0 10 7 5 3 1 26
9055.0 10 7 5 2 1 25
9060.0 10 8 5 3 1 27
9065.0 11 7 6 3 1 28
9070.0 12 9 6 3 1 31
9075.0 12 8 6 5 1 32
9080.0 10 7 10 5 2 34
9085.0 9 9 11 9 4 42
9090.0 13 8 8 8 4 41
9095.0 12 12 7 10 4 45
9100.0 13 14 7 10 5 49
9105.0 14 11 8 11 5 49
9110.0 11 12 8 14 6 51
9115.0 14 12 9 12 6 53
9120.0 15 14 10 10 5 54
9125.0 13 16 15 12 5 61
9130.0 16 17 16 11 5 65
9135.0 17 17 18 13 7 72
9140.0 18 20 20 17 8 83
9145.0 20 23 17 15 8 83
9150.0 21 21 19 17 11 89
9155.0 23 23 15 18 11 90
9160.0 22 19 17 20 12 90
9165.0 20 23 24 22 11 100
9170.0 19 27 23 21 11 101
9175.0 19 27 22 21 13 102
9180.0 20 29 22 20 12 103
9185.0 21 30 25 21 11 108
9190.0 20 35 31 22 12 120
9195.0 22 39 35 15 13 124
9200.0 24 38 40 16 15 133
9205.0 25 35 39 21 15 135
9210.0 23 35 36 22 14 130
9215.0 23 35 36 23 13 130
9220.0 24 42 34 23 14 137
9225.0 25 41 37 21 16 140
9230.0 33 39 39 21 17 149
9235.0 36 38 44 21 16 155
9240.0 37 39 45 22 16 159
9245.0 38 43 47 21 16 165
9250.0 35 46 48 19 15 163
9255.0 42 50 51 20 16 179
9260.0 39 46 47 19 18 169
9265.0 37 46 48 16 20 167
9270.0 39 45 47 17 20 168
9275.0 45 45 54 18 23 185
9280.0 43 44 58 20 24 189
9285.0 39 55 58 23 27 202
9290.0 38 57 52 27 25 199
9295.0 35 59 51 25 24 194
9300.0 36 57 51 24 20 188
9305.0 34 55 45 22 20 176
9310.0 38 53 50 20 19 180
9315.0 39 53 49 18 20 179
9320.0 35 50 53 23 21 182
9325.0 35 50 56 21 23 185
9330.0 37 46 54 24 23 184
9335.0 40 45 49 19 20 173
9340.0 32 43 49 20 20 164
9345.0 28 45 47 18 19 157
9350.0 30 39 46 17 20 152
9355.0 28 36 42 17 19 142
9360.0 27 36 46 18 17 144
9365.0 25 34 51 19 20 149
9370.0 27 32 45 23 20 147
9375.0 31 26 40 22 19 138
9380.0 35 25 42 18 19 139
9385.0 29 29 40 16 17 131
9390.0 25 27 42 20 16 130
9395.0 23 29 41 18 15 126
9400.0 22 33 42 20 13 130
9405.0 23 31 45 17 15 131
9410.0 25 30 43 19 15 132
9415.0 26 28 42 18 13 127
9420.0 29 26 37 22 14 128
9425.0 31 26 35 20 14 126
9430.0 36 24 40 17 16 133
9435.0 36 25 43 16 14 134
9440.0 34 28 50 16 17 145
9445.0 27 28 52 19 17 143
9450.0 25 31 50 20 17 143
9455.0 26 29 52 20 16 143
9460.0 26 29 49 20 16 140
9465.0 31 36 48 17 16 148
9470.0 30 38 44 17 16 145
9475.0 27 37 44 18 14 140
9480.0 30 34 43 21 16 144
9485.0 33 37 42 23 16 151
9490.0 35 31 46 21 14 147
9495.0 38 33 41 24 14 150
9500.0 35 32 47 27 13 154
9505.0 37 33 44 24 14 152
9510.0 33 34 43 24 15 149
9515.0 33 33 45 27 17 155
9520.0 36 33 43 26 18 156
9525.0 37 36 45 29 18 165
9530.0 36 46 45 30 18 175
9535.0 35 46 44 30 18 173
9540.0 33 43 44 33 18 171
9545.0 32 45 46 31 19 173
9550.0 31 47 46 32 16 172
9555.0 33 47 37 30 13 160
9560.0 38 53 34 24 12 161
9565.0 42 50 34 24 13 163
9570.0 41 51 37 26 14 169
9575.0 46 48 44 27 15 180
9580.0 48 53 40 28 17 186
9585.0 43 46 37 31 18 175
9590.0 44 46 43 32 18 183
9595.0 46 46 45 31 20 188
9600.0 49 45 46 28 20 188
9605.0 48 39 55 27 23 192
9610.0 47 40 57 26 22 192
9615.0 43 36 59 25 21 184
9620.0 41 39 56 26 22 184
9625.0 49 34 56 22 23 184
9630.0 47 39 63 22 21 192
9635.0 42 42 65 24 22 195
9640.0 40 48 67 25 20 200
9645.0 47 42 64 22 20 195
9650.0 45 45 62 26 22 200
9655.0 43 41 60 32 24 200
9660.0 39 40 56 33 24 192
9665.0 39 41 57 33 23 193
9670.0 45 42 55 33 25 200
9675.0 41 44 58 29 27 199
9680.0 43 44 57 26 26 196
9685.0 42 48 60 26 23 199
9690.0 41 59 56 26 21 203
9695.0 36 61 50 28 19 194
9700.0 34 66 50 29 19 198
9705.0 33 61 53 31 20 198
9710.0 36 56 52 33 22 199
9715.0 33 58 52 33 21 197
9720.0 37 54 59 29 25 204
9725.0 41 47 61 26 24 199
9730.0 41 51 66 24 25 207
9735.0 41 47 64 23 24 199
9740.0 37 41 63 24 23 188
9745.0 40 50 54 20 25 189
9750.0 50 55 55 19 22 201
9755.0 55 54 56 22 21 208
9760.0 54 55 57 24 21 211
9765.0 56 54 51 24 20 205
9770.0 55 52 53 25 20 205
9775.0 56 51 57 26 19 209
9780.0 52 48 62 26 20 208
9785.0 49 49 60 24 19 201
9790.0 41 54 59 26 19 199
9795.0 38 52 57 30 20 197
9800.0 41 49 50 29 18 187
9805.0 45 46 53 28 19 191
9810.0 47 44 55 26 17 189
9815.0 49 44 53 23 17 186
9820.0 44 45 54 23 15 181
9825.0 38 41 52 22 16 169
9830.0 38 40 51 21 18 168
9835.0 39 38 47 21 16 161
9840.0 44 35 50 19 15 163
9845.0 47 36 47 19 15 164
9850.0 48 38 44 19 13 162
9855.0 40 37 46 21 15 159
9860.0 34 34 43 21 12 144
9865.0 31 34 42 26 14 147
9870.0 27 35 38 25 12 137
9875.0 25 35 35 21 10 126
9880.0 22 33 37 18 8 118
9885.0 19 31 36 16 8 110
9890.0 22 34 33 10 8 107
9895.0 23 29 33 11 7 103
9900.0 21 29 31 10 7 98
9905.0 18 27 31 13 8 97
9910.0 21 25 30 12 7 95
9915.0 19 21 20 13 8 81
9920.0 20 23 18 12 7 80
9925.0 21 22 10 11 6 70
9930.0 16 18 8 8 6 56
9935.0 10 15 9 6 6 46
9940.0 8 14 10 6 6 44
9945.0 7 13 10 5 4 39
9950.0 7 14 9 5 4 39
9955.0 8 15 9 2 5 39
9960.0 4 14 7 2 6 33
9965.0 4 10 8 3 6 31
9970.0 3 8 6 3 5 25
9975.0 1 6 5 3 4 19
9980.0 1 7 6 2 4 20
9985.0 1 7 5 2 2 17
9990.0 3 6 3 2 1 15
9995.0 2 5 3 1 1 12
10000.0 2 4 4 1 1 12
10005.0 3 3 4 1 1 12
10010.0 2 3 5 1 1 12
10015.0 1 4 5 1 1 12
10020.0 1 3 4 1 1 10
10025.0 1 3 3 1 1 9
10030.0 2 3 3 1 1 10
10035.0 2 1 3 1 1 8
10040.0 2 0 2 1 1 6
10045.0 1 0 1 1 1 4
10050.0 1 0 1 1 1 4
10055.0 1 0 1 1 0 3
10060.0 1 1 1 1 0 4
10065.0 1 1 1 0 0 3
10070.0 1 1 1 0 0 3
10075.0 1 1 1 0 0 3
10080.0 0 0 1 0 0 1
10085.0 0 0 0 0 0 0
10090.0 0 0 0 0 0 0
10095.0 0 0 0 0 0 0
10100.0 0 0 0 0 0 0
10105.0 0 0 0 0 0 0
10110.0 0 0 0 0 0 0
10115.0 0 0 0 0 0 0
10120.0 0 0 0 0 0 0
10125.0 0 0 0 0 0 0
10130.0 0 0 0 0 0 0
10135.0 0 0 0 0 0 0
10140.0 0 0 0 0 0 0
10145.0 0 0 0 0 0 0
10150.0 0 0 0 0 0 0
10155.0 0 0 0 0 0 0
10160.0 0 0 0 0 0 0
10165.0 0 0 0 0 0 0
10170.0 0 0 0 0 0 0
10175.0 0 0 0 0 0 0
10180.0 0 0 0 0 0 0
10185.0 0 0 0 0 0 0
10190.0 0 0 0 0 0 0
10195.0 0 0 0 0 0 0
10200.0 0 0 0 0 0 0
10205.0 0 0 0 0 0 0
10210.0 0 0 0 0 0 0
10215.0 0 0 0 0 0 0
10220.0 0 0 0 0 0 0
10225.0 0 0 0 0 0 0
10230.0 0 0 0 0 0 0
10235.0 0 0 0 0 0 0
10240.0 0 0 0 0 0 0
10245.0 0 0 0 0 0 0
10250.0 0 0 0 0 0 0
10255.0 0 0 0 0 0 0
10260.0 0 0 0 0 0 0
10265.0 0 0 0 0 0 0
10270.0 0 0 0 0 0 0
10275.0 0 0 0 0 0 0
10280.0 0 0 0 0 0 0
10285.0 0 0 0 0 0 0
10290.0 0 0 0 0 0 0
10295.0 0 0 0 0 0 0
10300.0 0 0 0 0 0 0
10305.0 0 0 0 0 0 0
10310.0 0 0 0 0 0 0
10315.0 0 0 0 0 0 0
10320.0 0 0 0 0 0 0
10325.0 0 0 0 0 0 0
10330.0 0 0 0 0 0 0
10335.0 0 0 0 0 0 0
10340.0 0 0 0 0 0 0
10345.0 0 0 0 0 0 0
10350.0 0 0 0 0 0 0
10355.0 0 0 0 0 0 0
10360.0 0 0 1 0 0 1
10365.0 0 0 1 0 0 1
10370.0 1 0 0 0 0 1
10375.0 1 0 0 0 0 1
10380.0 1 0 1 0 0 2
10385.0 1 0 1 0 0 2
10390.0 2 0 0 0 0 2
10395.0 1 0 1 0 0 2
10400.0 1 0 1 0 0 2
10405.0 1 0 1 0 1 3
10410.0 1 1 1 0 1 4
10415.0 1 1 0 0 1 3
10420.0 1 1 0 0 1 3
10425.0 1 1 0 0 1 3
10430.0 2 1 0 0 1 4
10435.0 2 2 0 0 2 6
10440.0 2 2 1 1 2 8
10445.0 2 2 1 1 3 9
10450.0 1 3 4 2 3 13
10455.0 1 3 4 3 3 14
10460.0 2 3 4 3 3 15
10465.0 2 2 5 4 3 16
10470.0 4 2 3 4 1 14
10475.0 6 4 1 3 2 16
10480.0 6 4 5 3 2 20
10485.0 6 4 4 2 4 20
10490.0 5 4 5 2 4 20
10495.0 5 3 6 2 4 20
10500.0 5 3 7 3 4 22
10505.0 5 3 7 6 4 25
10510.0 3 3 7 5 4 22
10515.0 2 5 8 5 4 24
10520.0 4 4 10 4 4 26
10525.0 6 3 11 1 5 26
10530.0 6 3 12 0 4 25
10535.0 9 3 13 2 4 31
10540.0 12 3 17 2 4 38
10545.0 10 6 18 2 4 40
10550.0 12 8 22 5 4 51
10555.0 12 11 21 5 5 54
10560.0 15 12 21 6 5 59
10565.0 18 15 19 9 6 67
10570.0 17 15 21 9 6 68
10575.0 18 16 22 10 7 73
10580.0 19 18 23 11 8 79
10585.0 17 19 22 11 11 80
10590.0 18 20 23 13 10 84
10595.0 19 27 22 13 12 93
10600.0 18 31 22 18 12 101
10605.0 19 34 23 17 14 107
10610.0 23 34 27 14 14 112
10615.0 26 39 34 16 14 129
10620.0 27 40 33 14 14 128
10625.0 26 42 36 13 14 131
10630.0 27 41 33 18 14 133
10635.0 26 43 33 19 13 134
10640.0 30 44 38 21 13 146
10645.0 33 47 33 20 15 148
10650.0 31 48 35 23 17 154
10655.0 32 49 41 20 18 160
10660.0 30 40 52 21 20 163
10665.0 33 37 56 23 19 168
10670.0 31 34 55 23 19 162
10675.0 28 39 54 24 20 165
10680.0 29 36 53 20 19 157
10685.0 25 35 54 22 20 156
10690.0 23 37 54 23 20 157
10695.0 25 38 56 19 20 158
10700.0 25 36 51 22 20 154
10705.0 30 33 55 22 20 160
10710.0 30 35 51 19 16 151
10715.0 34 33 49 20 15 151
10720.0 36 33 55 21 18 163
10725.0 33 34 56 22 19 164
10730.0 35 43 59 19 19 175
10735.0 32 46 54 17 21 170
10740.0 30 42 56 15 23 166
10745.0 37 41 53 14 25 170
10750.0 40 36 51 16 25 168
10755.0 39 37 49 16 22 163
10760.0 36 40 48 14 19 157
10765.0 39 47 49 13 17 165
10770.0 40 44 45 14 17 160
10775.0 37 41 43 18 14 153
10780.0 33 37 44 19 14 147
10785.0 27 34 41 20 14 136
10790.0 24 32 38 20 15 129
10795.0 21 31 36 20 18 126
10800.0 20 32 33 17 17 119
10805.0 24 33 34 14 19 124
10810.0 25 37 31 17 20 130
10815.0 21 40 32 17 22 132
10820.0 20 35 37 20 21 133
10825.0 24 36 37 18 21 136
10830.0 18 39 36 18 18 129
10835.0 16 40 36 15 19 126
10840.0 20 40 35 15 21 131
10845.0 19 39 38 14 20 130
10850.0 22 33 41 15 19 130
10855.0 24 33 40 14 18 129
10860.0 23 38 39 12 16 128
10865.0 23 40 41 11 15 130
10870.0 25 37 38 12 14 126
10875.0 24 40 40 13 14 131
10880.0 27 40 39 14 12 132
10885.0 28 41 42 15 13 139
10890.0 31 37 40 17 13 138
10895.0 29 40 39 19 12 139
10900.0 29 39 46 15 11 140
10905.0 32 43 42 19 11 147
10910.0 36 42 39 19 11 147
10915.0 32 46 40 21 11 150
10920.0 31 50 44 24 13 162
10925.0 30 53 44 25 13 165
10930.0 27 46 49 28 12 162
10935.0 31 44 46 31 13 165
10940.0 24 41 45 31 14 155
10945.0 25 36 45 28 15 149
10950.0 23 44 40 26 17 150
10955.0 23 46 43 27 18 157
10960.0 29 45 43 29 18 164
10965.0 30 45 49 30 19 173
10970.0 28 44 50 31 21 174
10975.0 31 45 59 30 18 183
10980.0 31 44 56 29 19 179
10985.0 33 44 55 26 20 178
10990.0 32 48 49 24 20 173
10995.0 35 50 46 24 20 175
11000.0 36 41 51 26 22 176
11005.0 32 42 46 30 23 173
11010.0 36 44 47 34 22 183
11015.0 37 40 46 34 20 177
11020.0 40 40 40 30 21 171
11025.0 36 36 43 33 19 167
11030.0 35 35 46 33 19 168
11035.0 35 36 46 32 16 165
11040.0 38 42 48 28 17 173
11045.0 42 38 53 25 21 179
11050.0 41 41 58 18 22 180
11055.0 42 45 55 15 22 179
11060.0 43 44 56 18 23 184
11065.0 46 43 54 20 25 188
11070.0 48 40 50 18 24 180
11075.0 49 42 50 19 20 180
11080.0 43 42 51 19 21 176
11085.0 45 42 51 16 20 174
11090.0 44 38 52 15 20 169
11095.0 41 41 50 19 21 172
11100.0 41 47 44 24 20 176
11105.0 43 50 49 28 19 189
11110.0 49 50 50 27 19 195
11115.0 45 51 47 31 19 193
11120.0 45 57 47 29 19 197
11125.0 45 57 48 28 20 198
11130.0 44 53 49 35 20 201
11135.0 46 50 50 33 19 198
11140.0 47 51 48 35 20 201
11145.0 40 60 45 35 19 199
11150.0 34 53 48 35 21 191
11155.0 38 52 50 32 23 195
11160.0 39 45 54 31 25 194
11165.0 42 44 59 30 27 202
11170.0 45 45 57 30 29 206
11175.0 46 49 56 27 26 204
11180.0 44 48 58 26 23 199
11185.0 50 49 56 32 24 211
11190.0 55 44 65 35 23 222
11195.0 60 44 66 32 22 224
11200.0 63 41 62 28 22 216
11205.0 61 45 63 29 22 220
11210.0 57 45 63 30 21 216
11215.0 49 45 63 30 20 207
11220.0 48 45 59 31 19 202
11225.0 43 49 58 30 17 197
11230.0 47 52 54 30 19 202
11235.0 46 48 49 29 21 193
11240.0 43 51 44 31 20 189
11245.0 47 52 45 26 18 188
11250.0 41 47 54 26 21 189
11255.0 42 43 54 24 23 186
11260.0 41 47 54 24 20 186
11265.0 41 46 54 23 18 182
11270.0 38 45 53 24 14 174
11275.0 40 40 50 22 15 167
11280.0 41 42 53 20 14 170
11285.0 40 39 48 22 15 164
11290.0 39 38 45 19 18 159
11295.0 38 35 45 19 18 155
11300.0 37 32 36 19 18 142
11305.0 42 32 28 15 20 137
11310.0 34 31 26 16 20 127
11315.0 29 32 24 17 18 120
11320.0 24 37 26 15 17 119
11325.0 21 37 24 17 16 115
11330.0 24 31 25 17 14 111
11335.0 28 25 26 16 12 107
11340.0 26 25 29 14 10 104
11345.0 26 26 23 8 11 94
11350.0 24 20 18 9 12 83
11355.0 23 15 15 8 12 73
11360.0 23 17 13 9 10 72
11365.0 21 15 12 4 8 60
11370.0 15 13 10 5 6 49
11375.0 16 10 9 7 7 49
11380.0 14 8 9 6 6 43
11385.0 12 8 10 6 5 41
11390.0 11 9 11 5 3 39
11395.0 12 7 13 4 2 38
11400.0 8 6 10 5 2 31
11405.0 7 5 11 5 3 31
11410.0 6 4 11 3 2 26
11415.0 7 4 9 2 2 24
11420.0 9 4 7 1 2 23
11425.0 6 1 5 1 3 16
11430.0 3 1 5 1 2 12
11435.0 1 1 5 1 2 10
11440.0 1 1 6 0 0 8
11445.0 1 1 4 0 0 6
11450.0 1 1 4 0 0 6
11455.0 1 1 4 0 0 6
11460.0 1 2 2 1 0 6
11465.0 0 2 0 1 0 3
11470.0 0 2 0 0 0 2
11475.0 0 2 1 0 0 3
11480.0 0 2 1 0 0 3
11485.0 0 2 1 0 0 3
11490.0 0 1 0 0 0 1
11495.0 0 1 0 0 0 1
11500.0 0 1 0 0 0 1
11505.0 0 1 0 0 0 1
11510.0 0 1 0 0 0 1
11515.0 0 1 0 0 0 1
11520.0 0 0 0 0 0 0
11525.0 0 0 0 0 0 0
11530.0 0 0 0 0 0 0
11535.0 0 0 0 0 0 0
11540.0 0 0 0 0 0 0
11545.0 0 0 0 0 0 0
11550.0 0 0 0 0 0 0
11555.0 0 0 0 0 0 0
11560.0 0 0 0 0 0 0
11565.0 0 0 0 0 0 0
11570.0 0 0 0 0 0 0
11575.0 0 0 0 0 0 0
11580.0 0 0 0 0 0 0
11585.0 0 0 0 0 0 0
11590.0 0 0 0 0 0 0
11595.0 0 0 0 0 0 0
11600.0 0 0 0 0 0 0
11605.0 0 0 0 0 0 0
11610.0 0 0 0 0 0 0
11615.0 0 0 0 0 0 0
11620.0 0 0 0 0 0 0
11625.0 0 0 0 0 0 0
11630.0 0 0 0 0 0 0
11635.0 0 0 0 0 0 0
11640.0 0 0 0 0 0 0
11645.0 0 0 0 0 0 0
11650.0 0 0 0 0 0 0
11655.0 0 0 0 0 0 0
11660.0 0 0 0 0 0 0
11665.0 0 0 0 0 0 0
11670.0 0 0 0 0 0 0
11675.0 0 0 0 0 0 0
11680.0 0 0 0 0 0 0
11685.0 0 0 0 0 0 0
11690.0 0 0 0 0 0 0
11695.0 0 0 0 0 0 0
11700.0 0 0 0 0 0 0
11705.0 0 0 0 0 0 0
11710.0 0 0 0 0 0 0
11715.0 0 0 0 0 0 0
11720.0 0 0 0 0 0 0
11725.0 0 0 0 0 0 0
11730.0 0 0 0 0 0 0
11735.0 0 0 0 0 0 0
11740.0 0 0 0 0 0 0
11745.0 0 0 0 0 0 0
11750.0 0 0 0 0 0 0
11755.0 0 0 0 0 0 0
11760.0 0 0 0 0 0 0
11765.0 0 0 0 0 0 0
11770.0 0 0 0 0 0 0
11775.0 0 0 0 0 0 0
11780.0 0 0 0 0 0 0
11785.0 0 0 0 0 0 0
11790.0 0 0 1 0 0 1
11795.0 0 0 1 0 0 1
11800.0 0 0 1 0 0 1
11805.0 0 0 1 0 0 1
11810.0 0 1 0 0 0 1
11815.0 0 1 0 0 0 1
11820.0 0 1 0 0 0 1
11825.0 0 1 0 0 0 1
11830.0 0 1 0 1 0 2
11835.0 0 1 0 1 0 2
11840.0 0 1 0 1 0 2
11845.0 0 1 0 1 1 3
11850.0 0 1 1 1 1 4
11855.0 0 0 2 1 1 4
11860.0 0 1 2 0 1 4
11865.0 0 1 2 0 1 4
11870.0 0 0 1 1 1 3
11875.0 0 0 1 1 1 3
11880.0 0 0 2 1 1 4
11885.0 0 0 2 1 1 4
11890.0 0 0 2 2 1 5
11895.0 0 0 2 2 2 6
11900.0 0 0 2 2 2 6
11905.0 0 0 3 2 2 7
11910.0 1 1 3 2 2 9
11915.0 1 1 3 2 2 9
11920.0 2 2 4 2 2 12
11925.0 4 3 6 0 1 14
11930.0 5 4 7 2 0 18
11935.0 5 4 9 2 0 20
11940.0 7 5 8 3 0 23
11945.0 4 8 8 4 0 24
11950.0 4 9 8 4 0 25
11955.0 5 7 7 3 1 23
11960.0 6 6 12 3 1 28
11965.0 5 8 12 3 1 29
11970.0 7 12 10 4 0 33
11975.0 9 15 10 5 0 39
11980.0 10 16 10 5 0 41
11985.0 11 17 11 4 1 44
11990.0 13 17 15 2 2 49
11995.0 12 16 17 2 3 50
12000.0 15 14 17 2 3 51
12005.0 20 16 14 4 3 57
12010.0 17 19 22 4 4 66
12015.0 18 20 22 3 4 67
12020.0 18 22 21 6 6 73
12025.0 22 25 18 3 5 73
12030.0 20 27 18 6 5 76
12035.0 24 27 21 9 6 87
12040.0 24 27 27 10 7 95
12045.0 26 29 28 9 8 100
12050.0 29 28 27 15 9 108
12055.0 30 33 32 16 9 120
12060.0 30 33 34 17 10 124
12065.0 29 36 32 18 11 126
12070.0 27 39 38 19 10 133
12075.0 30 41 41 18 12 142
12080.0 33 38 43 15 11 140
12085.0 35 39 42 16 12 144
12090.0 34 44 42 17 13 150
12095.0 35 46 43 18 12 154
12100.0 34 43 40 23 15 155
12105.0 32 44 38 24 16 154
12110.0 30 47 37 21 17 152
12115.0 29 57 41 19 16 162
12120.0 30 61 46 19 16 172
12125.0 31 61 52 20 19 183
12130.0 32 56 53 20 19 180
12135.0 27 57 54 23 19 180
12140.0 30 55 57 23 19 184
12145.0 30 50 61 24 17 182
12150.0 34 45 57 25 17 178
12155.0 33 44 55 27 18 177
12160.0 38 44 57 27 20 186
12165.0 38 41 53 25 19 176
12170.0 39 42 56 19 18 174
12175.0 41 38 50 19 19 167
12180.0 37 42 53 20 20 172
12185.0 41 39 45 22 19 166
12190.0 37 42 41 24 17 161
12195.0 38 39 41 27 17 162
12200.0 34 41 42 32 18 167
12205.0 38 36 39 31 18 162
12210.0 35 36 38 28 15 152
12215.0 35 35 36 24 15 145
12220.0 33 38 35 25 16 147
12225.0 34 36 34 23 18 145
12230.0 35 39 37 21 17 149
12235.0 35 39 33 21 16 144
12240.0 34 37 37 19 17 144
12245.0 31 39 43 17 17 147
12250.0 31 35 47 16 18 147
12255.0 36 33 49 14 17 149
12260.0 34 28 42 17 16 137
12265.0 33 28 42 18 16 137
12270.0 30 27 41 19 16 133
12275.0 31 28 42 19 14 134
12280.0 38 31 42 18 9 138
12285.0 34 32 41 20 11 138
12290.0 35 31 39 21 10 136
12295.0 33 30 38 20 10 131
12300.0 35 30 39 20 9 133
12305.0 36 27 35 17 7 122
12310.0 31 27 38 16 7 119
12315.0 27 29 37 15 8 116
12320.0 26 27 43 15 11 122
12325.0 25 29 47 15 14 130
12330.0 24 27 51 18 15 135
12335.0 23 27 55 19 14 138
12340.0 24 24 48 18 12 126
12345.0 30 26 48 12 11 127
12350.0 29 27 51 12 13 132
12355.0 26 28 52 13 14 133
12360.0 21 25 51 19 15 131
12365.0 25 28 48 16 12 129
12370.0 26 25 47 16 11 125
12375.0 23 24 48 18 11 124
12380.0 27 28 50 15 12 132
12385.0 27 31 52 12 12 134
12390.0 35 37 52 13 12 149
12395.0 34 36 46 17 12 145
12400.0 34 39 48 17 11 149
12405.0 35 42 47 21 11 156
12410.0 33 45 49 22 13 162
12415.0 37 44 53 20 16 170
12420.0 36 40 54 20 16 166
12425.0 34 38 59 19 16 166
12430.0 32 31 68 20 14 165
12435.0 36 27 65 17 16 161
12440.0 38 28 72 11 15 164
12445.0 39 32 71 17 14 173
12450.0 40 30 73 23 16 182
12455.0 38 30 73 27 16 184
12460.0 41 36 67 29 18 191
12465.0 39 38 62 28 21 188
12470.0 39 38 64 26 19 186
12475.0 39 39 63 22 18 181
12480.0 43 37 57 20 19 176
12485.0 50 39 50 19 18 176
12490.0 54 40 55 17 15 181
12495.0 51 43 56 21 16 187
12500.0 49 42 65 25 17 198
12505.0 45 43 58 27 18 191
12510.0 43 43 56 29 18 189
12515.0 47 46 46 29 19 187
12520.0 50 44 43 29 18 184
12525.0 43 45 44 31 15 178
12530.0 47 43 37 31 18 176
12535.0 49 44 38 28 18 177
12540.0 48 45 45 29 20 187
12545.0 47 43 47 27 19 183
12550.0 48 42 49 28 17 184
12555.0 53 41 48 27 18 187
12560.0 55 40 51 27 18 191
12565.0 48 41 50 27 19 185
12570.0 44 43 47 30 19 183
12575.0 48 40 48 29 22 187
12580.0 47 40 52 29 20 188
12585.0 47 41 47 29 20 184
12590.0 51 48 44 29 22 194
12595.0 49 51 46 30 23 199
12600.0 47 59 51 26 22 205
12605.0 49 59 52 24 20 204
12610.0 49 51 54 24 19 197
12615.0 52 50 57 25 20 204
12620.0 52 48 56 26 18 200
12625.0 50 47 57 26 17 197
12630.0 49 47 57 24 18 195
12635.0 52 44 60 24 17 197
12640.0 49 42 61 22 19 193
12645.0 48 41 66 26 19 200
12650.0 49 44 63 31 19 206
12655.0 46 42 56 28 19 191
12660.0 42 40 55 33 19 189
12665.0 45 40 56 40 19 200
12670.0 47 39 61 39 19 205
12675.0 45 40 60 39 20 204
12680.0 50 44 61 43 19 217
12685.0 48 44 63 39 21 215
12690.0 48 47 63 36 24 218
12695.0 42 44 66 32 25 209
12700.0 43 44 61 29 25 202
12705.0 43 35 64 24 24 190
12710.0 34 34 62 25 22 177
12715.0 34 36 55 27 21 173
12720.0 32 37 48 28 19 164
12725.0 29 36 43 31 17 156
12730.0 24 36 43 28 18 149
12735.0 19 39 45 25 18 146
12740.0 18 36 43 23 17 137
12745.0 21 31 45 22 17 136
12750.0 24 33 44 22 16 139
12755.0 18 33 40 24 15 130
12760.0 19 30 42 21 16 128
12765.0 16 24 41 23 15 119
12770.0 21 21 34 21 13 110
12775.0 25 18 31 17 11 102
12780.0 20 15 35 13 11 94
12785.0 18 19 30 13 12 92
12790.0 17 19 25 12 12 85
12795.0 17 19 26 8 13 83
12800.0 19 12 26 8 13 78
12805.0 15 11 22 7 10 65
12810.0 10 11 20 9 11 61
12815.0 9 12 19 9 7 56
12820.0 7 10 18 6 6 47
12825.0 6 7 19 9 5 46
12830.0 6 5 17 8 5 41
12835.0 5 6 15 8 5 39
12840.0 5 3 12 9 6 35
12845.0 2 4 11 9 6 32
12850.0 2 4 9 8 4 27
12855.0 1 1 9 5 5 21
12860.0 2 1 6 3 4 16
12865.0 1 0 6 3 4 14
12870.0 2 0 3 2 3 10
12875.0 1 0 2 2 3 8
12880.0 1 0 3 1 2 7
12885.0 1 0 2 1 2 6
12890.0 1 0 0 2 2 5
12895.0 1 0 0 2 2 5
12900.0 1 0 1 1 2 5
12905.0 1 0 2 1 1 5
12910.0 0 1 1 1 1 4
12915.0 0 2 1 1 1 5
12920.0 0 3 1 0 1 5
12925.0 1 2 1 0 1 5
12930.0 1 2 1 0 1 5
12935.0 0 0 1 0 1 2
12940.0 0 0 0 0 0 0
12945.0 0 0 0 0 0 0
12950.0 0 0 0 0 0 0
12955.0 0 0 0 0 0 0
12960.0 0 0 0 0 0 0
12965.0 0 0 0 0 0 0
12970.0 0 0 0 0 0 0
12975.0 0 0 0 0 0 0
12980.0 0 0 0 0 0 0
12985.0 0 0 0 0 0 0
12990.0 0 0 0 0 0 0
12995.0 0 0 0 0 0 0
13000.0 0 0 0 0 0 0
13005.0 0 0 0 0 0 0
13010.0 0 0 0 0 0 0
13015.0 0 0 0 0 0 0
13020.0 0 0 0 0 0 0
13025.0 0 0 0 0 0 0
13030.0 0 0 0 0 0 0
13035.0 0 0 0 0 0 0
13040.0 0 0 0 0 0 0
13045.0 0 0 0 0 0 0
13050.0 0 0 0 0 0 0
13055.0 0 0 0 0 0 0
13060.0 0 0 0 0 0 0
13065.0 0 0 0 0 0 0
13070.0 0 0 0 0 0 0
13075.0 0 0 0 0 0 0
13080.0 0 0 0 0 0 0
13085.0 0 0 0 0 0 0
13090.0 0 0 0 0 0 0
13095.0 0 0 0 0 0 0
13100.0 0 0 0 0 0 0
13105.0 0 0 0 0 0 0
13110.0 0 0 0 0 0 0
13115.0 0 0 0 0 0 0
13120.0 0 0 0 0 0 0
13125.0 0 0 0 0 0 0
13130.0 0 0 0 0 0 0
13135.0 0 0 0 0 0 0
13140.0 0 0 0 0 0 0
13145.0 0 0 0 0 0 0
13150.0 0 0 0 0 0 0
13155.0 0 0 0 0 0 0
13160.0 0 0 0 0 0 0
13165.0 0 0 0 0 0 0
13170.0 0 1 0 0 0 1
13175.0 0 1 0 0 0 1
13180.0 0 1 0 0 0 1
13185.0 0 1 0 0 0 1
13190.0 0 1 0 0 0 1
13195.0 0 1 0 0 0 1
13200.0 0 1 0 0 0 1
13205.0 0 1 0 0 0 1
13210.0 0 1 0 0 0 1
13215.0 0 1 0 0 0 1
13220.0 0 1 0 0 0 1
13225.0 1 1 0 0 0 2
13230.0 1 1 0 0 0 2
13235.0 1 1 0 0 0 2
13240.0 1 1 0 0 0 2
13245.0 1 1 0 0 0 2
13250.0 0 1 0 0 0 1
13255.0 0 1 0 0 0 1
13260.0 0 1 0 0 0 1
13265.0 0 3 0 0 0 3
13270.0 0 3 1 0 0 4
13275.0 1 3 1 0 0 5
13280.0 1 3 1 0 0 5
13285.0 1 4 1 0 0 6
13290.0 1 3 1 0 1 6
13295.0 1 2 1 0 1 5
13300.0 2 2 1 0 2 7
13305.0 2 2 1 0 2 7
13310.0 3 1 1 0 2 7
13315.0 3 2 1 0 2 8
13320.0 4 3 1 0 2 10
13325.0 3 3 2 1 2 11
13330.0 3 3 2 1 2 11
13335.0 2 4 3 1 2 12
13340.0 1 3 4 2 2 12
13345.0 2 3 5 3 2 15
13350.0 3 4 6 3 2 18
13355.0 4 4 6 3 2 19
13360.0 4 4 6 2 2 18
13365.0 3 4 7 2 2 18
13370.0 3 5 11 1 2 22
13375.0 3 4 12 2 2 23
13380.0 3 5 14 2 2 26
13385.0 6 5 18 2 3 34
13390.0 8 4 18 2 4 36
13395.0 8 5 16 3 4 36
13400.0 7 6 16 3 3 35
13405.0 7 10 16 3 4 40
13410.0 7 12 17 3 4 43
13415.0 10 11 17 2 4 44
13420.0 8 11 20 4 4 47
13425.0 8 11 21 4 4 48
13430.0 9 14 21 5 4 53
13435.0 6 12 21 6 5 50
13440.0 9 12 21 7 4 53
13445.0 15 13 23 6 4 61
13450.0 16 15 25 6 4 66
13455.0 17 15 28 7 5 72
13460.0 14 15 30 11 5 75
13465.0 16 17 28 11 6 78
13470.0 17 20 30 13 8 88
13475.0 17 27 32 13 8 97
13480.0 20 26 35 12 10 103
13485.0 22 28 35 12 10 107
13490.0 25 34 33 12 10 114
13495.0 26 31 35 13 10 115
13500.0 23 28 38 14 10 113
13505.0 22 32 39 21 11 125
13510.0 26 37 42 23 12 140
13515.0 34 33 41 21 14 143
13520.0 30 30 44 21 17 142
13525.0 27 28 45 21 15 136
13530.0 27 25 51 21 16 140
13535.0 29 26 49 20 17 141
13540.0 29 26 50 18 15 138
13545.0 32 25 50 21 16 144
13550.0 35 28 55 20 16 154
13555.0 38 26 57 23 17 161
13560.0 40 24 60 25 14 163
13565.0 46 26 56 27 12 167
13570.0 46 30 59 27 13 175
13575.0 43 29 61 28 12 173
13580.0 44 34 57 32 15 182
13585.0 39 39 57 34 14 183
13590.0 34 44 53 34 15 180
13595.0 31 45 53 34 15 178
13600.0 36 44 55 31 15 181
13605.0 36 46 53 33 15 183
13610.0 38 45 52 33 16 184
13615.0 36 44 52 32 16 180
13620.0 36 40 54 35 17 182
13625.0 37 38 49 34 17 175
13630.0 35 45 50 25 17 172
13635.0 36 45 50 24 17 172
13640.0 41 48 46 24 18 177
13645.0 41 47 45 23 17 173
13650.0 40 48 47 19 14 168
13655.0 38 48 42 21 13 162
13660.0 35 45 42 22 13 157
13665.0 36 43 46 20 13 158
13670.0 35 43 45 19 13 155
13675.0 37 38 43 20 9 147
13680.0 39 40 45 17 9 150
13685.0 36 36 47 15 13 147
13690.0 35 33 46 17 13 144
13695.0 37 34 50 15 13 149
13700.0 38 39 48 12 13 150
13705.0 34 36 50 10 12 142
13710.0 32 35 45 9 14 135
13715.0 31 35 42 12 13 133
13720.0 30 35 41 13 14 133
13725.0 39 34 36 13 15 137
13730.0 38 32 42 14 15 141
13735.0 37 31 41 15 16 140
13740.0 35 30 34 16 17 132
13745.0 34 28 30 15 19 126
13750.0 36 25 31 19 18 129
13755.0 36 28 33 21 16 134
13760.0 33 25 32 19 17 126
13765.0 27 31 33 21 19 131
13770.0 26 34 31 23 17 131
13775.0 27 36 28 21 17 129
13780.0 28 36 29 22 14 129
13785.0 30 40 29 17 12 128
13790.0 30 38 33 17 12 130
13795.0 32 35 35 14 14 130
13800.0 31 37 41 14 14 137
13805.0 32 37 42 15 13 139
13810.0 28 35 44 15 15 137
13815.0 25 35 41 17 16 134
13820.0 25 35 37 20 17 134
13825.0 25 39 37 22 16 139
13830.0 26 43 35 21 17 142
13835.0 31 46 37 26 18 158
13840.0 30 46 40 24 17 157
13845.0 31 44 42 26 18 161
13850.0 31 38 44 29 18 160
13855.0 37 37 43 28 18 163
13860.0 38 41 43 26 16 164
13865.0 44 41 44 23 17 169
13870.0 41 43 46 21 19 170
13875.0 43 43 48 24 19 177
13880.0 41 46 47 26 19 179
13885.0 44 46 50 26 18 184
13890.0 46 43 49 25 20 183
13895.0 46 43 52 21 20 182
13900.0 44 43 50 23 19 179
13905.0 39 42 52 21 19 173
13910.0 38 41 52 20 19 170
13915.0 38 46 50 20 20 174
13920.0 38 46 48 23 19 174
13925.0 34 43 49 27 21 174
13930.0 33 48 50 30 24 185
13935.0 37 48 48 30 26 189
13940.0 38 46 51 30 25 190
13945.0 37 49 50 29 26 191
13950.0 39 52 50 27 28 196
13955.0 37 48 46 24 24 179
13960.0 35 48 53 26 24 186
13965.0 35 49 52 30 20 186
13970.0 33 46 51 30 19 179
13975.0 30 43 50 33 19 175
13980.0 32 47 50 33 19 181
13985.0 38 51 51 34 21 195
13990.0 40 50 54 30 19 193
13995.0 40 48 51 27 20 186
14000.0 43 46 46 27 22 184
14005.0 45 48 47 25 18 183
14010.0 45 49 47 25 18 184
14015.0 42 44 47 25 20 178
14020.0 45 43 47 22 22 179
14025.0 48 43 49 21 21 182
14030.0 44 42 49 22 21 178
14035.0 44 44 51 20 21 180
14040.0 40 45 54 23 23 185
14045.0 44 47 53 23 21 188
14050.0 45 39 59 26 23 192
14055.0 47 44 61 30 22 204
14060.0 53 43 52 28 22 198
14065.0 54 44 55 28 20 201
14070.0 49 44 54 28 21 196
14075.0 47 45 51 28 21 192
14080.0 46 47 58 27 21 199
14085.0 38 58 59 31 22 208
14090.0 42 57 56 27 23 205
14095.0 44 54 52 25 24 199
14100.0 42 56 51 26 25 200
14105.0 40 55 52 27 26 200
14110.0 36 53 55 26 24 194
14115.0 37 54 53 23 22 189
14120.0 35 58 58 23 24 198
14125.0 42 57 63 23 26 211
14130.0 43 54 61 21 23 202
14135.0 45 48 68 20 21 202
14140.0 51 46 69 18 20 204
14145.0 51 42 62 18 19 192
14150.0 46 46 58 17 18 185
14155.0 41 41 56 18 16 172
14160.0 36 42 53 19 14 164
14165.0 40 39 53 19 11 162
14170.0 42 41 51 19 11 164
14175.0 39 42 44 15 12 152
14180.0 40 39 39 16 13 147
14185.0 35 32 36 16 12 131
14190.0 27 32 30 19 14 122
14195.0 33 30 30 21 15 129
14200.0 34 26 34 19 14 127
14205.0 35 23 33 13 14 118
14210.0 35 21 34 11 14 115
14215.0 35 19 26 10 13 103
14220.0 37 17 23 8 11 96
14225.0 34 16 17 9 9 85
14230.0 27 16 17 10 8 78
14235.0 23 16 18 12 8 77
14240.0 21 13 16 14 8 72
14245.0 18 12 15 12 8 65
14250.0 14 9 16 10 7 56
14255.0 13 9 15 8 7 52
14260.0 13 10 12 6 7 48
14265.0 8 11 10 6 6 41
14270.0 6 10 9 7 5 37
14275.0 9 9 8 5 4 35
14280.0 5 12 4 4 4 29
14285.0 5 8 2 3 3 21
14290.0 2 9 2 4 2 19
14295.0 1 11 2 4 1 19
14300.0 1 11 4 4 1 21
14305.0 1 9 4 3 2 19
14310.0 3 6 4 2 0 15
14315.0 3 6 3 1 0 13
14320.0 3 3 4 0 0 10
14325.0 3 2 3 0 0 8
14330.0 3 2 3 0 0 8
14335.0 2 1 2 0 1 6
14340.0 1 1 1 0 2 5
14345.0 0 1 1 1 2 5
14350.0 0 1 1 1 2 5
14355.0 0 1 1 1 2 5
14360.0 0 1 2 0 1 4
14365.0 0 1 2 0 1 4
14370.0 0 1 2 0 1 4
14375.0 0 0 2 0 1 3
14380.0 0 0 2 0 1 3
14385.0 0 0 2 0 1 3
14390.0 0 0 0 0 1 1
14395.0 0 0 0 0 1 1
