5.0 0 0 0 0 0 0
10.0 0 0 0 0 0 0
15.0 0 0 0 0 0 0
20.0 0 0 0 0 0 0
25.0 0 0 0 0 0 0
30.0 0 0 0 0 0 0
35.0 0 0 0 0 0 0
40.0 0 0 0 0 0 0
45.0 0 0 0 0 0 0
50.0 0 0 0 0 0 0
55.0 0 0 0 0 0 0
60.0 0 0 0 0 0 0
65.0 0 0 0 0 0 0
70.0 0 0 0 0 0 0
75.0 0 0 0 0 0 0
80.0 0 0 0 0 0 0
85.0 0 0 0 0 0 0
90.0 0 0 0 0 0 0
95.0 0 0 0 0 0 0
100.0 0 0 0 0 0 0
105.0 0 0 0 0 0 0
110.0 0 0 0 0 0 0
115.0 0 0 0 0 0 0
120.0 0 0 0 0 0 0
125.0 0 0 0 0 0 0
130.0 0 0 0 0 0 0
135.0 0 0 0 0 0 0
140.0 0 0 0 0 0 0
145.0 0 0 0 0 0 0
150.0 0 0 0 0 0 0
155.0 0 0 0 0 0 0
160.0 0 0 0 0 0 0
165.0 0 0 0 0 0 0
170.0 0 0 0 0 0 0
175.0 0 0 0 0 0 0
180.0 0 0 0 0 0 0
185.0 0 0 0 0 0 0
190.0 0 0 0 0 0 0
195.0 0 0 0 0 0 0
200.0 0 0 0 0 0 0
205.0 0 0 0 0 0 0
210.0 0 0 0 0 0 0
215.0 0 0 0 0 0 0
220.0 0 0 0 0 0 0
225.0 0 0 0 0 0 0
230.0 0 0 0 0 0 0
235.0 0 0 0 0 0 0
240.0 0 0 0 0 0 0
245.0 0 0 0 0 0 0
250.0 0 0 0 0 0 0
255.0 0 0 0 0 0 0
260.0 0 0 0 0 0 0
265.0 0 0 0 0 0 0
270.0 0 0 0 0 0 0
275.0 0 0 0 0 0 0
280.0 0 0 0 0 0 0
285.0 0 1 0 0 0 1
290.0 1 1 0 0 0 2
295.0 1 2 0 0 0 3
300.0 1 3 0 0 0 4
305.0 1 3 1 0 0 5
310.0 1 3 1 0 1 6
315.0 1 3 1 1 1 7
320.0 1 3 1 1 1 7
325.0 2 4 1 1 1 9
330.0 3 6 1 0 1 11
335.0 3 7 1 0 1 12
340.0 3 7 1 0 1 12
345.0 1 6 1 0 1 9
350.0 2 8 1 0 1 12
355.0 4 7 1 0 2 14
360.0 4 7 1 4 2 18
365.0 5 9 3 4 3 24
370.0 5 9 4 4 3 25
375.0 5 10 4 3 3 25
380.0 4 10 5 3 3 25
385.0 7 8 8 4 3 30
390.0 9 10 8 3 4 34
395.0 10 7 13 5 5 40
400.0 10 10 12 5 4 41
405.0 11 13 14 5 4 47
410.0 12 14 16 6 4 52
415.0 13 16 20 6 4 59
420.0 12 18 21 9 4 64
425.0 15 18 21 9 4 67
430.0 17 21 22 9 5 74
435.0 16 16 23 10 7 72
440.0 13 18 29 11 9 80
445.0 18 19 28 12 11 88
450.0 23 18 29 13 12 95
455.0 26 22 29 15 11 103
460.0 32 19 31 18 12 112
465.0 36 18 33 18 15 120
470.0 35 23 38 19 16 131
475.0 33 28 40 22 18 141
480.0 33 34 40 22 19 148
485.0 33 36 47 24 21 161
490.0 37 41 47 27 22 174
495.0 36 41 51 26 26 180
500.0 36 47 56 30 26 195
505.0 41 45 69 28 26 209
510.0 44 45 68 30 29 216
515.0 50 47 69 26 31 223
520.0 56 46 70 30 33 235
525.0 58 47 74 28 35 242
530.0 69 49 73 26 36 253
535.0 71 53 77 28 34 263
540.0 66 59 86 31 33 275
545.0 69 61 86 31 34 281
550.0 68 53 91 36 37 285
555.0 68 51 99 42 41 301
560.0 67 57 97 41 44 306
565.0 72 63 95 43 42 315
570.0 68 67 100 44 41 320
575.0 77 71 97 43 38 326
580.0 81 72 94 49 38 334
585.0 80 70 94 51 31 326
590.0 83 71 106 51 29 340
595.0 77 74 114 47 28 340
600.0 79 82 111 45 25 342
605.0 83 90 115 43 28 359
610.0 86 90 118 45 27 366
615.0 87 86 117 46 33 369
620.0 95 88 124 41 31 379
625.0 95 89 122 42 29 377
630.0 92 92 126 40 30 380
635.0 99 87 127 38 34 385
640.0 101 84 132 41 34 392
645.0 104 86 137 36 34 397
650.0 101 89 144 40 35 409
655.0 102 89 138 43 34 406
660.0 97 88 132 41 39 397
665.0 91 81 119 43 43 377
670.0 99 73 114 37 41 364
675.0 100 79 109 42 41 371
680.0 92 82 109 45 40 368
685.0 87 80 109 48 40 364
690.0 93 74 111 46 41 365
695.0 87 74 110 48 35 354
700.0 79 73 107 45 34 338
705.0 80 68 99 41 33 321
710.0 74 72 94 41 31 312
715.0 75 70 87 44 28 304
720.0 75 65 88 49 29 306
725.0 77 63 87 48 30 305
730.0 77 63 81 47 30 298
735.0 68 62 82 48 30 290
740.0 60 62 80 46 33 281
745.0 69 73 76 41 32 291
750.0 72 74 78 41 28 293
755.0 63 72 90 41 26 292
760.0 57 71 89 44 25 286
765.0 58 63 86 43 26 276
770.0 59 59 92 38 30 278
775.0 63 61 86 33 29 272
780.0 58 69 79 34 27 267
785.0 57 70 77 33 27 264
790.0 59 66 75 31 27 258
795.0 61 63 80 30 31 265
800.0 65 64 89 27 31 276
805.0 69 75 88 26 27 285
810.0 71 64 94 22 26 277
815.0 79 64 89 19 26 277
820.0 77 61 94 18 26 276
825.0 78 58 90 20 24 270
830.0 81 63 91 22 23 280
835.0 82 67 92 27 23 291
840.0 80 68 91 25 22 286
845.0 87 69 85 30 25 296
850.0 83 69 82 29 25 288
855.0 74 74 96 30 26 300
860.0 73 75 97 35 29 309
865.0 66 74 94 34 30 298
870.0 70 80 98 34 30 312
875.0 68 80 104 35 29 316
880.0 66 87 108 33 27 321
885.0 68 93 108 40 28 337
890.0 69 95 108 39 30 341
895.0 73 92 113 39 29 346
900.0 65 93 110 50 25 343
905.0 69 94 107 45 25 340
910.0 65 97 103 42 27 334
915.0 68 100 107 42 30 347
920.0 67 103 103 42 30 345
925.0 71 98 103 45 29 346
930.0 71 93 110 45 32 351
935.0 67 96 105 44 36 348
940.0 70 94 100 48 35 347
945.0 76 86 99 43 36 340
950.0 80 78 94 50 35 337
955.0 79 76 88 51 34 328
960.0 83 75 86 50 36 330
965.0 91 72 87 48 33 331
970.0 86 74 95 47 33 335
975.0 82 73 94 42 35 326
980.0 79 78 101 39 34 331
985.0 84 77 100 35 32 328
990.0 86 83 106 36 32 343
995.0 87 74 114 33 32 340
1000.0 87 75 113 34 31 340
1005.0 77 77 115 37 31 337
1010.0 78 72 112 36 30 328
1015.0 81 73 114 36 26 330
1020.0 73 71 110 40 27 321
1025.0 71 66 104 46 30 317
1030.0 71 69 99 48 32 319
1035.0 74 73 91 50 31 319
1040.0 76 73 94 49 31 323
1045.0 84 79 97 45 31 336
1050.0 83 86 97 44 32 342
1055.0 87 82 87 45 31 332
1060.0 94 88 93 42 31 348
1065.0 81 83 96 46 33 339
1070.0 85 83 99 40 34 341
1075.0 82 81 105 39 35 342
1080.0 82 83 106 42 36 349
1085.0 93 86 111 40 35 365
1090.0 91 88 103 45 38 365
1095.0 94 91 111 39 37 372
1100.0 91 94 105 37 42 369
1105.0 93 95 113 32 43 376
1110.0 96 96 118 31 47 388
1115.0 100 93 111 34 49 387
1120.0 95 94 119 37 45 390
1125.0 97 100 121 38 47 403
1130.0 96 100 117 43 43 399
1135.0 94 109 114 47 46 410
1140.0 95 110 119 54 46 424
1145.0 95 113 125 57 43 433
1150.0 97 116 120 52 44 429
1155.0 98 113 122 42 42 417
1160.0 93 114 111 35 42 395
1165.0 91 107 111 40 38 387
1170.0 79 100 103 44 37 363
1175.0 79 90 102 44 35 350
1180.0 73 95 100 40 35 343
1185.0 79 92 105 37 35 348
1190.0 85 85 105 40 33 348
1195.0 92 80 99 41 32 344
1200.0 83 84 98 48 28 341
1205.0 79 81 101 49 27 337
1210.0 72 72 94 51 26 315
1215.0 66 68 96 46 24 300
1220.0 64 68 93 39 24 288
1225.0 60 66 85 34 23 268
1230.0 60 62 80 29 18 249
1235.0 59 57 75 31 17 239
1240.0 52 51 76 30 17 226
1245.0 53 54 71 29 17 224
1250.0 46 47 68 27 16 204
1255.0 43 43 67 25 16 194
1260.0 38 42 57 23 15 175
1265.0 35 39 55 25 13 167
1270.0 31 38 49 21 11 150
1275.0 28 37 43 17 10 135
1280.0 26 34 42 16 9 127
1285.0 18 30 38 12 8 106
1290.0 21 20 37 11 9 98
1295.0 18 20 35 12 10 95
1300.0 19 16 32 11 9 87
1305.0 17 12 29 10 7 75
1310.0 11 18 24 11 7 71
1315.0 15 18 24 7 4 68
1320.0 14 19 21 6 4 64
1325.0 15 15 19 7 5 61
1330.0 16 11 13 6 4 50
1335.0 17 12 9 4 3 45
1340.0 13 12 7 3 2 37
1345.0 11 11 5 3 1 31
1350.0 7 10 5 3 0 25
1355.0 7 11 5 3 0 26
1360.0 5 11 3 1 0 20
1365.0 4 12 2 1 0 19
1370.0 4 7 0 1 0 12
1375.0 2 7 0 2 0 11
1380.0 0 5 0 2 0 7
1385.0 0 3 0 2 0 5
1390.0 0 3 0 2 0 5
1395.0 0 5 0 1 0 6
1400.0 0 4 1 0 0 5
1405.0 0 4 1 0 0 5
1410.0 0 3 1 1 0 5
1415.0 0 1 1 1 0 3
1420.0 1 0 1 1 0 3
1425.0 1 0 1 0 0 2
1430.0 1 0 1 0 0 2
1435.0 1 0 1 0 0 2
