5.0 0 0 0 0 0 0
10.0 0 0 0 0 0 0
15.0 0 0 0 0 0 0
20.0 0 0 0 0 0 0
25.0 0 0 0 0 0 0
30.0 0 0 0 0 0 0
35.0 0 0 0 0 0 0
40.0 0 0 0 0 0 0
45.0 0 0 0 0 0 0
50.0 0 0 0 0 0 0
55.0 0 0 0 0 0 0
60.0 0 0 0 0 0 0
65.0 0 0 0 0 0 0
70.0 0 0 0 0 0 0
75.0 0 0 0 0 0 0
80.0 0 0 0 0 0 0
85.0 0 0 0 0 0 0
90.0 0 0 0 0 0 0
95.0 0 0 0 0 0 0
100.0 0 0 0 0 0 0
105.0 0 0 0 0 0 0
110.0 0 0 0 0 0 0
115.0 0 0 0 0 0 0
120.0 0 0 0 0 0 0
125.0 0 0 0 0 0 0
130.0 0 0 0 0 0 0
135.0 0 0 0 0 0 0
140.0 0 0 0 0 0 0
145.0 0 0 0 0 0 0
150.0 0 0 0 0 0 0
155.0 0 0 0 0 0 0
160.0 0 0 0 0 0 0
165.0 0 0 0 0 0 0
170.0 0 0 0 0 0 0
175.0 0 0 0 0 0 0
180.0 0 0 0 0 0 0
185.0 0 0 0 0 0 0
190.0 0 0 0 0 0 0
195.0 0 0 0 0 0 0
200.0 0 0 0 0 0 0
205.0 0 0 0 0 0 0
210.0 0 0 0 0 0 0
215.0 0 0 0 0 0 0
220.0 0 0 0 0 0 0
225.0 0 0 0 0 0 0
230.0 0 0 0 0 0 0
235.0 0 0 0 0 0 0
240.0 0 0 0 0 0 0
245.0 0 0 0 0 0 0
250.0 0 0 0 0 0 0
255.0 0 0 0 0 0 0
260.0 0 0 0 0 0 0
265.0 0 0 0 0 0 0
270.0 0 0 0 0 0 0
275.0 0 0 0 0 0 0
280.0 0 0 0 0 0 0
285.0 0 0 0 0 0 0
290.0 0 0 0 0 0 0
295.0 0 0 0 0 0 0
300.0 0 0 0 0 0 0
305.0 0 0 0 0 0 0
310.0 0 0 0 0 0 0
315.0 0 0 0 0 0 0
320.0 0 0 0 0 0 0
325.0 0 0 0 0 0 0
330.0 1 0 0 0 0 1
335.0 1 0 0 0 0 1
340.0 1 0 0 0 0 1
345.0 1 0 0 0 0 1
350.0 1 0 0 0 0 1
355.0 0 0 1 0 0 1
360.0 0 0 1 0 0 1
365.0 0 0 1 0 0 1
370.0 0 0 1 0 0 1
375.0 0 0 1 0 0 1
380.0 0 0 1 0 0 1
385.0 0 0 1 0 0 1
390.0 0 1 0 0 0 1
395.0 0 1 0 0 0 1
400.0 0 1 0 0 0 1
405.0 0 2 0 0 0 2
410.0 0 3 0 0 0 3
415.0 0 3 0 0 0 3
420.0 0 3 0 0 0 3
425.0 0 3 0 0 0 3
430.0 0 2 0 0 0 2
435.0 0 2 0 1 0 3
440.0 0 1 0 1 0 2
445.0 0 1 0 1 1 3
450.0 0 1 0 1 1 3
455.0 0 1 0 1 1 3
460.0 2 0 0 1 2 5
465.0 2 0 1 1 2 6
470.0 2 0 2 1 2 7
475.0 2 0 2 1 2 7
480.0 2 0 4 1 2 9
485.0 1 0 4 2 2 9
490.0 1 0 5 1 2 9
495.0 2 1 4 1 2 10
500.0 2 2 3 1 2 10
505.0 2 2 3 2 3 12
510.0 2 2 4 2 3 13
515.0 3 2 3 2 3 13
520.0 3 2 4 2 2 13
525.0 3 1 4 2 2 12
530.0 2 0 6 3 2 13
535.0 3 0 6 3 2 14
540.0 4 0 6 3 2 15
545.0 4 0 6 3 2 15
550.0 4 0 5 3 2 14
555.0 4 1 7 2 3 17
560.0 4 1 8 3 3 19
565.0 5 1 8 3 3 20
570.0 6 3 7 3 2 21
575.0 7 3 7 2 2 21
580.0 8 3 7 2 2 22
585.0 6 3 7 3 1 20
590.0 6 3 8 3 1 21
595.0 5 4 6 4 1 20
600.0 5 4 7 3 1 20
605.0 3 4 9 3 1 20
610.0 4 3 9 3 1 20
615.0 4 3 9 3 1 20
620.0 3 4 7 2 1 17
625.0 3 4 7 1 1 16
630.0 4 5 6 1 1 17
635.0 1 7 5 0 1 14
640.0 2 7 4 0 1 14
645.0 2 6 3 0 1 12
650.0 1 5 4 0 1 11
655.0 2 4 4 0 1 11
660.0 1 4 3 1 2 11
665.0 1 5 3 1 2 12
670.0 1 5 5 1 2 14
675.0 3 4 5 1 1 14
680.0 4 4 3 0 1 12
685.0 4 6 3 1 1 15
690.0 6 6 5 1 1 19
695.0 7 5 6 1 1 20
700.0 6 5 5 1 1 18
705.0 7 4 4 1 1 17
710.0 6 3 2 1 1 13
715.0 6 3 1 1 3 14
720.0 6 2 1 2 3 14
725.0 5 1 2 3 3 14
730.0 5 1 3 3 3 15
735.0 5 1 4 3 3 16
740.0 5 2 4 3 3 17
745.0 5 3 3 3 3 17
750.0 4 3 3 3 3 16
755.0 3 2 4 2 3 14
760.0 1 1 5 4 3 14
765.0 2 2 4 4 4 16
770.0 3 2 2 4 3 14
775.0 3 2 2 2 5 14
780.0 3 3 2 2 5 15
785.0 2 3 2 3 4 14
790.0 2 3 1 4 4 14
795.0 2 6 1 3 3 15
800.0 2 7 1 2 3 15
805.0 1 6 1 2 3 13
810.0 0 5 2 3 3 13
815.0 0 5 4 3 3 15
820.0 0 4 3 3 3 13
825.0 0 4 4 3 3 14
830.0 0 5 4 2 3 14
835.0 0 6 4 2 4 16
840.0 0 6 2 0 4 12
845.0 2 7 1 0 4 14
850.0 4 7 2 0 4 17
855.0 3 7 2 0 4 16
860.0 3 7 3 0 4 17
865.0 3 7 4 0 3 17
870.0 3 8 4 0 3 18
875.0 2 10 5 0 3 20
880.0 3 11 3 0 3 20
885.0 2 10 3 0 4 19
890.0 2 9 3 0 4 18
895.0 4 6 4 0 4 18
900.0 4 7 3 0 3 17
905.0 4 9 2 0 3 18
910.0 3 9 2 0 3 17
915.0 3 7 3 0 3 16
920.0 4 9 3 1 2 19
925.0 4 8 4 1 2 19
930.0 3 9 4 2 3 21
935.0 3 8 3 2 3 19
940.0 3 6 7 2 3 21
945.0 4 5 7 2 3 21
950.0 4 4 7 2 4 21
955.0 2 5 6 3 4 20
960.0 3 5 5 3 4 20
965.0 2 10 4 3 3 22
970.0 2 10 3 3 3 21
975.0 2 11 2 3 3 21
980.0 2 9 3 3 3 20
985.0 2 10 5 4 3 24
990.0 4 9 4 4 3 24
995.0 5 9 5 5 3 27
1000.0 7 8 4 5 3 27
1005.0 7 7 4 5 2 25
1010.0 5 7 4 6 2 24
1015.0 4 6 5 5 2 22
1020.0 4 6 5 3 3 21
1025.0 4 7 5 3 2 21
1030.0 5 8 5 1 2 21
1035.0 5 7 4 1 3 20
1040.0 5 6 3 2 2 18
1045.0 4 4 3 2 2 15
1050.0 2 3 5 1 2 13
1055.0 2 2 5 1 2 12
1060.0 3 4 3 2 3 15
1065.0 3 5 3 2 4 17
1070.0 2 5 4 1 5 17
1075.0 2 5 5 1 5 18
1080.0 0 5 5 2 3 15
1085.0 0 4 6 2 2 14
1090.0 0 4 8 2 2 16
1095.0 1 3 10 2 2 18
1100.0 3 4 9 0 2 18
1105.0 3 5 8 0 2 18
1110.0 3 5 9 0 2 19
1115.0 2 5 10 0 2 19
1120.0 2 6 11 0 2 21
1125.0 1 6 10 2 2 21
1130.0 1 4 11 2 2 20
1135.0 2 1 9 2 2 16
1140.0 2 2 8 2 1 15
1145.0 3 2 7 2 1 15
1150.0 3 2 7 2 1 15
1155.0 3 2 6 2 1 14
1160.0 3 2 6 2 1 14
1165.0 2 2 6 3 1 14
1170.0 1 4 7 3 1 16
1175.0 3 4 6 1 2 16
1180.0 3 5 6 2 2 18
1185.0 5 6 5 2 2 20
1190.0 3 6 4 2 3 18
1195.0 3 5 5 2 3 18
1200.0 3 5 4 2 2 16
1205.0 2 4 3 3 2 14
1210.0 3 4 3 2 2 14
1215.0 3 4 2 1 2 12
1220.0 3 4 2 1 1 11
1225.0 3 5 2 1 1 12
1230.0 2 5 2 2 1 12
1235.0 2 5 2 2 0 11
1240.0 2 3 1 2 0 8
1245.0 2 3 2 1 0 8
1250.0 1 3 3 0 0 7
1255.0 0 3 2 1 0 6
1260.0 0 2 3 1 0 6
1265.0 1 4 2 1 0 8
1270.0 1 5 2 2 0 10
1275.0 1 4 3 2 0 10
1280.0 0 4 2 2 0 8
1285.0 0 4 2 1 0 7
1290.0 0 3 0 1 0 4
1295.0 0 2 1 0 0 3
1300.0 0 2 1 0 0 3
1305.0 0 2 1 1 0 4
1310.0 0 1 1 1 0 3
1315.0 0 1 1 1 0 3
1320.0 0 1 1 0 1 3
1325.0 0 1 1 0 1 3
1330.0 0 0 1 0 1 2
1335.0 0 0 1 0 1 2
1340.0 0 0 1 0 1 2
1345.0 0 0 1 0 1 2
1350.0 0 0 1 0 1 2
1355.0 0 1 1 0 1 3
1360.0 0 1 1 0 1 3
1365.0 0 1 0 0 1 2
1370.0 0 1 0 0 0 1
1375.0 0 1 0 0 0 1
1380.0 0 0 0 0 0 0
1385.0 0 0 0 0 0 0
1390.0 0 0 0 0 0 0
1395.0 0 0 0 0 0 0
1400.0 0 0 0 0 0 0
1405.0 0 0 0 0 0 0
1410.0 0 0 0 0 0 0
1415.0 0 0 0 0 0 0
1420.0 0 0 0 0 0 0
1425.0 0 0 0 0 0 0
1430.0 0 0 0 0 0 0
1435.0 0 0 0 0 0 0
