5.0 0 0 0 0 0 0
10.0 0 0 0 0 0 0
15.0 0 0 0 0 0 0
20.0 0 0 0 0 0 0
25.0 0 0 0 0 0 0
30.0 0 0 0 0 0 0
35.0 0 0 0 0 0 0
40.0 0 0 0 0 0 0
45.0 0 0 0 0 0 0
50.0 0 0 0 0 0 0
55.0 0 0 0 0 0 0
60.0 0 0 0 0 0 0
65.0 0 0 0 0 0 0
70.0 0 0 0 0 0 0
75.0 0 0 0 0 0 0
80.0 0 0 0 0 0 0
85.0 0 0 0 0 0 0
90.0 0 0 0 0 0 0
95.0 0 0 0 0 0 0
100.0 0 0 0 0 0 0
105.0 0 0 0 0 0 0
110.0 0 0 0 0 0 0
115.0 0 0 0 0 0 0
120.0 0 0 0 0 0 0
125.0 0 0 0 0 0 0
130.0 0 0 0 0 0 0
135.0 0 0 0 0 0 0
140.0 0 0 0 0 0 0
145.0 0 0 0 0 0 0
150.0 0 0 0 0 0 0
155.0 0 0 0 0 0 0
160.0 0 0 0 0 0 0
165.0 0 0 0 0 0 0
170.0 0 0 0 0 0 0
175.0 0 0 0 0 0 0
180.0 0 0 0 0 0 0
185.0 0 0 0 0 0 0
190.0 0 0 0 0 0 0
195.0 0 0 0 0 0 0
200.0 0 0 0 0 0 0
205.0 0 0 0 0 0 0
210.0 0 0 0 1 0 1
215.0 0 0 0 1 0 1
220.0 0 0 0 1 0 1
225.0 0 0 0 1 0 1
230.0 0 0 0 1 0 1
235.0 0 0 0 1 0 1
240.0 0 0 0 1 0 1
245.0 0 0 0 1 0 1
250.0 0 0 0 1 0 1
255.0 0 0 0 1 0 1
260.0 1 0 0 0 0 1
265.0 1 0 0 0 0 1
270.0 1 0 0 0 0 1
275.0 1 0 0 0 0 1
280.0 1 0 0 0 0 1
285.0 1 0 0 0 0 1
290.0 1 0 0 0 0 1
295.0 0 0 0 0 0 0
300.0 0 0 0 0 0 0
305.0 0 0 1 0 0 1
310.0 1 0 2 0 0 3
315.0 1 0 2 0 0 3
320.0 1 1 1 0 0 3
325.0 2 1 2 0 0 5
330.0 2 1 1 0 0 4
335.0 2 2 1 0 0 5
340.0 2 2 1 0 0 5
345.0 2 1 1 0 0 4
350.0 2 1 1 0 1 5
355.0 2 0 2 1 3 8
360.0 2 0 4 3 3 12
365.0 3 0 9 3 3 18
370.0 5 1 11 3 2 22
375.0 6 4 13 3 2 28
380.0 8 7 14 3 2 34
385.0 8 8 13 4 2 35
390.0 9 7 12 5 5 38
395.0 10 9 11 5 5 40
400.0 12 10 12 6 5 45
405.0 13 11 14 8 5 51
410.0 12 13 14 10 6 55
415.0 11 19 18 8 6 62
420.0 13 16 23 9 4 65
425.0 18 15 25 11 4 73
430.0 19 17 25 10 4 75
435.0 22 18 30 11 6 87
440.0 21 20 30 14 7 92
445.0 30 18 35 13 7 103
450.0 32 19 35 12 9 107
455.0 27 21 38 15 11 112
460.0 35 21 40 16 12 124
465.0 44 21 42 16 15 138
470.0 44 27 44 18 18 151
475.0 40 37 50 19 19 165
480.0 41 41 53 23 20 178
485.0 44 43 60 29 18 194
490.0 53 43 63 27 18 204
495.0 54 54 62 31 19 220
500.0 58 64 63 31 20 236
505.0 57 72 63 32 24 248
510.0 52 73 70 38 26 259
515.0 51 75 80 38 27 271
520.0 61 71 87 40 25 284
525.0 59 68 91 41 31 290
530.0 68 70 89 45 31 303
535.0 71 73 95 42 30 311
540.0 71 84 102 43 32 332
545.0 77 85 109 44 32 347
550.0 77 85 117 46 35 360
555.0 84 81 119 49 32 365
560.0 93 88 121 52 32 386
565.0 96 103 119 50 31 399
570.0 103 105 121 44 32 405
575.0 100 111 121 51 37 420
580.0 100 107 120 57 37 421
585.0 99 104 117 61 39 420
590.0 102 104 124 62 38 430
595.0 108 108 129 61 39 445
600.0 104 106 132 66 39 447
605.0 108 110 140 71 43 472
610.0 118 109 147 68 48 490
615.0 118 104 150 68 51 491
620.0 113 110 163 70 51 507
625.0 113 116 165 67 53 514
630.0 120 108 160 66 51 505
635.0 121 108 142 69 48 488
640.0 121 111 146 69 48 495
645.0 118 117 150 72 47 504
650.0 116 107 141 70 45 479
655.0 113 104 141 76 44 478
660.0 110 104 138 79 49 480
665.0 105 106 136 76 48 471
670.0 110 108 139 71 53 481
675.0 113 103 140 68 57 481
680.0 115 97 131 63 52 458
685.0 110 104 123 61 50 448
690.0 109 112 111 59 53 444
695.0 113 112 114 61 53 453
700.0 113 109 117 65 50 454
705.0 113 102 113 65 47 440
710.0 99 104 122 67 47 439
715.0 92 113 119 59 45 428
720.0 95 117 115 58 45 430
725.0 96 117 109 56 47 425
730.0 96 104 104 62 43 409
735.0 94 113 102 60 43 412
740.0 90 119 93 58 43 403
745.0 94 112 99 50 40 395
750.0 90 108 98 48 40 384
755.0 89 102 106 46 43 386
760.0 91 99 112 42 43 387
765.0 85 97 111 39 40 372
770.0 74 100 112 40 39 365
775.0 72 91 112 40 41 356
780.0 67 92 113 40 41 353
785.0 73 89 102 42 42 348
790.0 71 83 108 40 41 343
795.0 71 81 102 38 39 331
800.0 70 86 97 39 40 332
805.0 72 88 91 41 42 334
810.0 81 88 78 42 39 328
815.0 82 93 73 45 40 333
820.0 84 93 77 45 38 337
825.0 82 95 80 42 38 337
830.0 77 92 80 45 38 332
835.0 76 93 86 44 37 336
840.0 78 88 94 45 38 343
845.0 80 91 101 46 42 360
850.0 81 89 102 53 42 367
855.0 79 101 102 56 38 376
860.0 78 98 111 52 41 380
865.0 77 101 109 55 41 383
870.0 75 102 110 54 43 384
875.0 79 109 99 59 40 386
880.0 80 115 98 50 41 384
885.0 86 121 93 50 48 398
890.0 83 114 91 51 46 385
895.0 89 113 97 53 47 399
900.0 92 112 93 49 51 397
905.0 83 111 101 51 49 395
910.0 82 106 99 51 56 394
915.0 88 106 97 47 56 394
920.0 91 102 104 52 59 408
925.0 84 101 114 50 59 408
930.0 78 101 116 51 59 405
935.0 73 101 122 55 55 406
940.0 73 100 128 55 52 408
945.0 78 113 126 55 52 424
950.0 82 112 121 55 55 425
955.0 86 111 128 53 57 435
960.0 84 112 123 53 58 430
965.0 90 111 124 49 57 431
970.0 95 113 123 55 56 442
975.0 93 112 121 58 54 438
980.0 94 110 121 54 56 435
985.0 96 111 119 50 57 433
990.0 92 117 126 57 57 449
995.0 91 121 133 53 52 450
1000.0 91 115 134 51 53 444
1005.0 88 117 127 56 51 439
1010.0 88 117 133 54 48 440
1015.0 85 110 142 57 41 435
1020.0 90 107 142 57 41 437
1025.0 92 115 138 60 41 446
1030.0 99 114 150 56 42 461
1035.0 100 117 145 68 43 473
1040.0 109 124 138 65 40 476
1045.0 114 128 136 66 45 489
1050.0 111 125 141 70 45 492
1055.0 113 139 147 68 44 511
1060.0 110 141 142 69 44 506
1065.0 107 137 146 77 41 508
1070.0 104 137 139 79 41 500
1075.0 103 134 140 74 42 493
1080.0 102 135 139 77 45 498
1085.0 103 136 136 79 47 501
1090.0 111 134 131 81 54 511
1095.0 109 135 137 75 57 513
1100.0 111 136 130 75 59 511
1105.0 112 137 128 77 57 511
1110.0 107 138 132 81 57 515
1115.0 105 135 128 80 56 504
1120.0 98 137 131 85 57 508
1125.0 98 138 138 87 55 516
1130.0 104 132 137 84 54 511
1135.0 106 126 135 85 56 508
1140.0 114 124 129 82 55 504
1145.0 111 131 135 83 53 513
1150.0 110 125 122 84 51 492
1155.0 113 124 126 79 51 493
1160.0 119 122 127 77 48 493
1165.0 109 124 119 75 46 473
1170.0 106 117 125 71 46 465
1175.0 103 113 126 73 46 461
1180.0 96 107 122 75 42 442
1185.0 94 99 125 73 37 428
1190.0 88 92 122 68 31 401
1195.0 86 87 125 62 30 390
1200.0 81 84 124 57 33 379
1205.0 75 79 121 58 35 368
1210.0 73 77 114 53 36 353
1215.0 81 72 103 52 41 349
1220.0 77 76 101 54 39 347
1225.0 72 75 100 46 37 330
1230.0 69 80 88 43 38 318
1235.0 70 66 78 38 35 287
1240.0 69 57 77 35 35 273
1245.0 68 44 77 38 33 260
1250.0 58 41 75 39 33 246
1255.0 50 41 70 40 32 233
1260.0 51 43 67 35 27 223
1265.0 47 40 59 33 27 206
1270.0 41 43 54 28 25 191
1275.0 33 38 46 24 26 167
1280.0 30 33 40 19 22 144
1285.0 18 34 40 21 17 130
1290.0 19 34 37 19 14 123
1295.0 16 35 32 15 14 112
1300.0 18 28 24 16 14 100
1305.0 23 23 18 17 9 90
1310.0 21 22 16 15 7 81
1315.0 19 21 15 15 6 76
1320.0 18 20 14 12 5 69
1325.0 16 18 14 12 6 66
1330.0 15 19 13 10 6 63
1335.0 10 16 13 10 3 52
1340.0 8 14 10 8 2 42
1345.0 7 13 11 7 2 40
1350.0 6 12 10 7 2 37
1355.0 5 9 11 7 2 34
1360.0 5 8 10 3 2 28
1365.0 6 8 10 2 2 28
1370.0 6 8 9 3 2 28
1375.0 6 8 8 3 2 27
1380.0 6 6 8 4 2 26
1385.0 5 4 8 4 2 23
1390.0 4 3 6 3 2 18
1395.0 5 3 5 1 2 16
1400.0 5 2 5 0 1 13
1405.0 4 1 2 0 1 8
1410.0 3 3 1 0 1 8
1415.0 0 3 0 0 1 4
1420.0 0 4 0 0 1 5
1425.0 0 3 1 0 1 5
1430.0 0 2 2 0 0 4
1435.0 0 0 2 1 0 3
