5.0 0 0 0 0 0 0
10.0 0 0 0 0 0 0
15.0 0 0 0 0 0 0
20.0 0 0 0 0 0 0
25.0 0 0 0 0 0 0
30.0 0 0 0 0 0 0
35.0 0 0 0 0 0 0
40.0 0 0 0 0 0 0
45.0 0 0 0 0 0 0
50.0 0 0 0 0 0 0
55.0 0 0 0 0 0 0
60.0 0 0 0 0 0 0
65.0 0 0 0 0 0 0
70.0 0 0 0 0 0 0
75.0 0 0 0 0 0 0
80.0 0 0 0 0 0 0
85.0 0 0 0 0 0 0
90.0 0 0 0 0 0 0
95.0 0 0 0 0 0 0
100.0 0 0 0 0 0 0
105.0 0 0 0 0 0 0
110.0 0 0 0 0 0 0
115.0 0 0 0 0 0 0
120.0 0 0 0 0 0 0
125.0 0 0 0 0 0 0
130.0 0 0 0 0 0 0
135.0 0 0 0 0 0 0
140.0 0 0 0 0 0 0
145.0 0 0 0 0 0 0
150.0 0 0 0 0 0 0
155.0 0 0 0 0 0 0
160.0 0 0 0 0 0 0
165.0 0 0 0 0 0 0
170.0 0 0 0 0 0 0
175.0 0 0 0 0 0 0
180.0 0 0 0 0 0 0
185.0 0 0 0 0 0 0
190.0 0 0 0 0 0 0
195.0 0 0 0 0 0 0
200.0 0 0 0 0 0 0
205.0 0 0 0 0 0 0
210.0 0 0 0 0 0 0
215.0 0 0 0 0 0 0
220.0 0 0 0 0 0 0
225.0 0 0 0 0 0 0
230.0 0 0 0 0 0 0
235.0 0 0 0 0 0 0
240.0 0 0 0 0 0 0
245.0 0 0 0 0 0 0
250.0 0 0 0 0 0 0
255.0 0 0 0 0 0 0
260.0 0 1 0 0 0 1
265.0 0 1 0 0 0 1
270.0 0 1 0 0 0 1
275.0 0 1 0 0 0 1
280.0 0 1 0 0 0 1
285.0 1 1 0 0 0 2
290.0 1 1 0 0 0 2
295.0 0 1 0 0 0 1
300.0 0 1 0 0 0 1
305.0 0 1 0 1 0 2
310.0 0 2 0 1 0 3
315.0 0 1 1 1 0 3
320.0 0 1 1 0 0 2
325.0 0 1 1 0 0 2
330.0 0 1 1 0 0 2
335.0 1 1 0 0 0 2
340.0 1 1 1 0 0 3
345.0 1 2 1 0 0 4
350.0 1 3 1 0 0 5
355.0 1 3 2 0 0 6
360.0 1 3 3 0 0 7
365.0 1 4 3 0 0 8
370.0 1 4 3 0 0 8
375.0 1 4 3 0 0 8
380.0 1 2 3 1 0 7
385.0 2 2 2 2 0 8
390.0 4 2 2 2 0 10
395.0 4 3 2 2 0 11
400.0 5 4 2 1 0 12
405.0 4 3 4 3 0 14
410.0 5 3 4 3 0 15
415.0 7 3 4 4 0 18
420.0 7 2 4 4 0 17
425.0 6 2 6 4 0 18
430.0 7 2 8 2 0 19
435.0 3 2 11 5 0 21
440.0 3 2 10 5 0 20
445.0 3 3 10 6 1 23
450.0 3 4 10 5 2 24
455.0 3 3 11 6 2 25
460.0 2 2 17 5 2 28
465.0 2 2 17 7 2 30
470.0 3 4 18 6 3 34
475.0 5 8 15 7 4 39
480.0 8 9 15 8 5 45
485.0 9 9 16 8 5 47
490.0 12 9 15 8 5 49
495.0 10 10 18 7 5 50
500.0 12 11 17 7 5 52
505.0 13 14 17 8 4 56
510.0 12 14 19 6 4 55
515.0 12 12 23 6 3 56
520.0 12 13 24 6 3 58
525.0 14 14 22 6 6 62
530.0 12 15 26 6 7 66
535.0 11 15 28 9 7 70
540.0 12 19 27 9 7 74
545.0 16 16 26 10 7 75
550.0 18 21 25 10 6 80
555.0 22 22 25 10 4 83
560.0 25 22 24 9 4 84
565.0 26 19 25 10 3 83
570.0 28 18 27 8 4 85
575.0 26 17 29 9 5 86
580.0 28 20 32 12 5 97
585.0 29 22 33 13 5 102
590.0 30 24 27 15 6 102
595.0 30 22 26 16 8 102
600.0 32 22 24 16 9 103
605.0 30 22 24 17 9 102
610.0 29 25 28 19 8 109
615.0 30 26 29 23 10 118
620.0 28 24 31 21 12 116
625.0 29 28 27 22 13 119
630.0 26 29 26 27 14 122
635.0 26 27 27 24 15 119
640.0 27 26 26 26 13 118
645.0 29 23 27 22 11 112
650.0 22 23 33 23 10 111
655.0 19 23 33 21 10 106
660.0 20 22 34 18 7 101
665.0 21 24 37 18 9 109
670.0 21 26 35 15 10 107
675.0 21 24 38 14 10 107
680.0 19 23 38 13 11 104
685.0 20 22 40 13 12 107
690.0 22 21 37 14 12 106
695.0 22 20 37 11 12 102
700.0 22 17 31 12 13 95
705.0 16 21 32 14 11 94
710.0 16 23 31 12 11 93
715.0 17 21 31 10 12 91
720.0 14 18 34 10 13 89
725.0 17 19 38 10 13 97
730.0 17 21 34 9 14 95
735.0 14 22 31 10 14 91
740.0 13 25 30 8 13 89
745.0 12 23 30 8 13 86
750.0 14 23 31 7 12 87
755.0 14 22 28 8 12 84
760.0 14 23 27 10 11 85
765.0 17 23 22 11 11 84
770.0 19 24 21 13 12 89
775.0 17 21 24 11 12 85
780.0 17 21 23 13 12 86
785.0 18 24 20 15 10 87
790.0 15 23 21 14 9 82
795.0 15 23 19 13 10 80
800.0 16 25 18 11 9 79
805.0 16 21 24 11 8 80
810.0 19 25 25 9 9 87
815.0 16 24 26 12 9 87
820.0 20 26 28 11 9 94
825.0 18 26 25 11 9 89
830.0 21 22 28 11 7 89
835.0 14 19 31 15 7 86
840.0 11 19 27 13 6 76
845.0 10 18 29 14 9 80
850.0 10 20 27 14 9 80
855.0 13 21 26 14 9 83
860.0 13 24 24 13 8 82
865.0 14 28 25 11 9 87
870.0 14 26 24 12 8 84
875.0 19 25 22 10 8 84
880.0 23 24 24 10 9 90
885.0 22 27 24 8 10 91
890.0 19 29 29 9 9 95
895.0 22 30 32 12 10 106
900.0 24 28 36 13 11 112
905.0 25 32 38 12 12 119
910.0 22 26 36 15 11 110
915.0 24 23 38 19 13 117
920.0 25 21 38 16 13 113
925.0 22 23 38 14 15 112
930.0 19 23 33 12 14 101
935.0 25 27 30 15 15 112
940.0 28 27 29 15 14 113
945.0 31 27 26 14 13 111
950.0 25 26 28 16 14 109
955.0 25 25 29 16 14 109
960.0 26 25 27 17 12 107
965.0 24 27 23 21 15 110
970.0 28 28 29 17 14 116
975.0 26 26 31 13 15 111
980.0 20 29 24 14 14 101
985.0 22 29 29 12 15 107
990.0 20 31 30 12 14 107
995.0 24 31 30 8 16 109
1000.0 26 30 29 8 15 108
1005.0 23 29 31 12 15 110
1010.0 28 26 35 12 13 114
1015.0 27 29 31 17 15 119
1020.0 26 26 30 17 14 113
1025.0 30 24 30 18 12 114
1030.0 26 25 31 16 13 111
1035.0 22 27 29 16 11 105
1040.0 26 31 24 17 10 108
1045.0 27 27 24 16 10 104
1050.0 27 27 22 20 9 105
1055.0 25 30 22 19 8 104
1060.0 28 31 19 18 8 104
1065.0 29 34 20 17 10 110
1070.0 32 34 21 17 11 115
1075.0 35 33 25 16 12 121
1080.0 31 34 29 22 12 128
1085.0 26 37 33 21 12 129
1090.0 23 36 37 24 12 132
1095.0 27 33 37 21 14 132
1100.0 25 36 42 22 16 141
1105.0 24 39 43 22 15 143
1110.0 31 41 41 21 15 149
1115.0 28 35 43 24 15 145
1120.0 35 38 48 15 14 150
1125.0 35 34 47 15 11 142
1130.0 31 34 44 15 12 136
1135.0 28 31 49 14 12 134
1140.0 28 31 46 15 11 131
1145.0 27 28 44 14 12 125
1150.0 29 28 38 14 14 123
1155.0 31 27 37 13 13 121
1160.0 32 27 35 11 14 119
1165.0 27 26 34 10 14 111
1170.0 26 26 33 9 14 108
1175.0 27 25 33 11 13 109
1180.0 25 25 28 10 11 99
1185.0 25 28 29 13 12 107
1190.0 26 31 28 10 11 106
1195.0 25 27 28 10 11 101
1200.0 22 27 27 9 12 97
1205.0 21 25 27 10 13 96
1210.0 19 26 28 12 12 97
1215.0 16 20 29 12 15 92
1220.0 14 16 31 13 12 86
1225.0 10 17 30 9 12 78
1230.0 10 19 28 10 12 79
1235.0 11 19 27 8 14 79
1240.0 10 19 27 9 13 78
1245.0 11 18 26 9 10 74
1250.0 7 16 26 7 9 65
1255.0 6 14 19 6 6 51
1260.0 7 13 17 6 6 49
1265.0 5 11 17 6 6 45
1270.0 7 12 16 3 5 43
1275.0 6 8 16 4 5 39
1280.0 6 9 17 4 4 40
1285.0 7 6 15 5 5 38
1290.0 7 7 13 5 7 39
1295.0 6 6 11 6 7 36
1300.0 7 4 10 6 6 33
1305.0 6 3 8 5 6 28
1310.0 6 3 11 5 3 28
1315.0 5 4 10 4 2 25
1320.0 4 4 11 4 2 25
1325.0 3 4 11 4 2 24
1330.0 2 4 11 3 2 22
1335.0 3 3 8 1 2 17
1340.0 3 4 6 1 1 15
1345.0 2 5 3 1 1 12
1350.0 2 2 3 1 1 9
1355.0 2 2 4 0 0 8
1360.0 3 3 2 0 0 8
1365.0 5 4 2 0 0 11
1370.0 5 2 3 0 0 10
1375.0 4 2 3 0 0 9
1380.0 3 2 1 0 0 6
1385.0 3 2 0 0 0 5
1390.0 1 2 0 0 0 3
1395.0 1 2 0 0 0 3
1400.0 1 0 0 0 0 1
1405.0 1 0 0 0 0 1
1410.0 1 0 0 0 0 1
1415.0 1 0 0 0 0 1
1420.0 0 1 0 1 0 2
1425.0 0 2 0 1 0 3
1430.0 0 2 0 1 0 3
1435.0 0 0 0 1 1 2
