5.0 0 0 0 0 0 0
10.0 0 0 0 0 0 0
15.0 0 0 0 0 0 0
20.0 0 0 0 0 0 0
25.0 0 0 0 0 0 0
30.0 0 0 0 0 0 0
35.0 0 0 0 0 0 0
40.0 0 0 0 0 0 0
45.0 0 0 0 0 0 0
50.0 0 0 0 0 0 0
55.0 0 0 0 0 0 0
60.0 0 0 0 0 0 0
65.0 0 0 0 0 0 0
70.0 0 0 0 0 0 0
75.0 0 0 0 0 0 0
80.0 0 0 0 0 0 0
85.0 0 0 0 0 0 0
90.0 0 0 0 0 0 0
95.0 0 0 0 0 0 0
100.0 0 0 0 0 0 0
105.0 0 0 0 0 0 0
110.0 0 0 0 0 0 0
115.0 0 0 0 0 0 0
120.0 0 0 0 0 0 0
125.0 0 0 0 0 0 0
130.0 0 0 0 0 0 0
135.0 0 0 0 0 0 0
140.0 0 0 0 0 0 0
145.0 0 0 0 0 0 0
150.0 0 0 0 0 0 0
155.0 0 0 0 0 0 0
160.0 0 0 0 0 0 0
165.0 0 0 0 0 0 0
170.0 0 0 0 0 0 0
175.0 0 0 0 0 0 0
180.0 0 0 0 0 0 0
185.0 0 0 0 0 0 0
190.0 0 0 0 0 0 0
195.0 0 0 0 0 0 0
200.0 0 0 0 0 0 0
205.0 0 0 0 0 0 0
210.0 0 0 0 0 0 0
215.0 0 0 0 0 0 0
220.0 0 0 0 0 0 0
225.0 0 0 0 0 0 0
230.0 0 0 0 0 0 0
235.0 0 0 0 0 0 0
240.0 0 0 0 0 0 0
245.0 0 0 0 0 0 0
250.0 0 0 0 0 0 0
255.0 0 0 0 0 0 0
260.0 0 0 0 0 0 0
265.0 0 0 0 0 0 0
270.0 0 0 0 0 0 0
275.0 0 0 0 0 0 0
280.0 0 0 0 0 0 0
285.0 0 0 0 0 0 0
290.0 0 0 0 0 0 0
295.0 0 0 0 0 0 0
300.0 0 0 0 0 0 0
305.0 0 0 0 0 0 0
310.0 0 0 0 0 0 0
315.0 0 0 0 0 0 0
320.0 0 0 0 0 0 0
325.0 0 0 0 0 0 0
330.0 0 0 0 0 0 0
335.0 0 0 0 0 0 0
340.0 0 0 0 0 0 0
345.0 0 0 0 0 0 0
350.0 0 0 0 0 0 0
355.0 0 0 0 0 0 0
360.0 0 0 0 0 0 0
365.0 0 0 0 0 0 0
370.0 0 0 0 0 0 0
375.0 0 0 0 0 0 0
380.0 0 0 0 0 0 0
385.0 0 0 1 0 1 2
390.0 0 0 1 0 1 2
395.0 0 0 1 0 1 2
400.0 0 0 1 0 1 2
405.0 0 1 1 0 1 3
410.0 0 1 1 0 1 3
415.0 0 1 1 0 1 3
420.0 0 1 2 0 1 4
425.0 0 1 2 0 1 4
430.0 0 2 2 0 1 5
435.0 0 2 2 0 1 5
440.0 0 2 2 0 2 6
445.0 0 2 2 1 2 7
450.0 0 2 2 1 2 7
455.0 0 2 2 1 2 7
460.0 0 2 3 0 1 6
465.0 0 2 3 0 1 6
470.0 0 1 6 0 1 8
475.0 0 1 6 0 1 8
480.0 1 2 5 0 1 9
485.0 1 3 4 0 1 9
490.0 1 3 4 0 1 9
495.0 1 2 5 2 1 11
500.0 2 3 4 2 2 13
505.0 2 3 4 3 2 14
510.0 4 4 4 2 2 16
515.0 3 5 4 2 1 15
520.0 3 4 6 1 1 15
525.0 3 4 6 2 1 16
530.0 3 4 7 2 1 17
535.0 3 3 7 2 2 17
540.0 3 3 8 2 2 18
545.0 3 4 9 1 2 19
550.0 2 4 10 2 2 20
555.0 3 5 8 3 2 21
560.0 5 4 8 2 2 21
565.0 5 3 8 2 3 21
570.0 4 2 8 3 3 20
575.0 3 3 9 3 3 21
580.0 3 3 9 3 3 21
585.0 3 4 8 3 4 22
590.0 3 3 6 3 4 19
595.0 4 3 6 3 3 19
600.0 4 4 6 3 3 20
605.0 4 3 6 3 3 19
610.0 3 5 5 3 3 19
615.0 2 6 3 3 3 17
620.0 2 6 3 3 4 18
625.0 3 6 4 2 4 19
630.0 3 7 5 2 4 21
635.0 2 6 6 2 3 19
640.0 2 6 7 1 2 18
645.0 4 6 6 1 2 19
650.0 2 7 6 2 2 19
655.0 1 7 5 3 2 18
660.0 2 5 3 3 2 15
665.0 1 4 3 4 2 14
670.0 2 4 3 3 2 14
675.0 2 5 3 3 1 14
680.0 5 5 4 0 1 15
685.0 7 6 4 0 1 18
690.0 7 7 4 1 1 20
695.0 7 6 3 1 1 18
700.0 7 5 4 1 1 18
705.0 6 4 4 1 1 16
710.0 5 6 3 1 1 16
715.0 5 5 4 3 1 18
720.0 4 5 3 4 1 17
725.0 4 6 3 4 2 19
730.0 3 6 3 4 2 18
735.0 3 6 4 4 2 19
740.0 5 5 4 3 3 20
745.0 4 5 4 3 3 19
750.0 4 5 5 3 3 20
755.0 4 3 5 3 3 18
760.0 3 3 5 3 3 17
765.0 3 3 5 2 2 15
770.0 3 5 3 2 2 15
775.0 3 6 2 2 2 15
780.0 4 4 4 2 1 15
785.0 3 4 4 2 1 14
790.0 4 4 4 1 1 14
795.0 3 4 4 2 1 14
800.0 4 2 4 2 1 13
805.0 3 3 4 3 1 14
810.0 3 2 3 2 1 11
815.0 4 2 2 2 1 11
820.0 4 2 2 2 1 11
825.0 4 2 2 2 2 12
830.0 7 2 2 1 1 13
835.0 7 3 1 2 2 15
840.0 7 2 0 3 3 15
845.0 6 1 1 4 3 15
850.0 5 1 1 4 3 14
855.0 5 1 1 4 3 14
860.0 3 1 1 4 3 12
865.0 2 1 4 3 3 13
870.0 2 1 4 2 3 12
875.0 4 1 4 1 3 13
880.0 4 3 4 1 3 15
885.0 2 2 3 1 3 11
890.0 3 2 3 0 3 11
895.0 4 2 3 1 2 12
900.0 3 2 5 1 2 13
905.0 2 1 5 2 3 13
910.0 3 0 4 2 3 12
915.0 3 1 2 3 3 12
920.0 1 1 2 4 3 11
925.0 1 1 2 5 3 12
930.0 1 2 1 6 2 12
935.0 1 3 2 5 2 13
940.0 1 3 3 5 3 15
945.0 1 2 3 5 4 15
950.0 2 4 3 4 4 17
955.0 2 5 5 3 5 20
960.0 2 6 5 4 4 21
965.0 2 5 6 4 3 20
970.0 1 6 6 3 3 19
975.0 1 4 8 3 3 19
980.0 1 3 8 3 3 18
985.0 1 4 8 2 3 18
990.0 2 4 7 3 2 18
995.0 4 3 7 3 2 19
1000.0 6 2 5 2 2 17
1005.0 3 3 4 3 2 15
1010.0 2 3 2 2 2 11
1015.0 1 3 2 3 2 11
1020.0 1 2 2 3 2 10
1025.0 2 2 3 2 2 11
1030.0 2 3 3 3 1 12
1035.0 2 2 4 3 1 12
1040.0 3 2 6 1 1 13
1045.0 3 2 7 2 1 15
1050.0 5 2 6 2 1 16
1055.0 5 2 4 2 1 14
1060.0 5 4 3 2 0 14
1065.0 6 4 4 2 0 16
1070.0 5 4 3 2 2 16
1075.0 4 4 3 3 2 16
1080.0 5 4 3 2 1 15
1085.0 5 4 2 2 2 15
1090.0 6 4 1 1 2 14
1095.0 6 4 1 2 3 16
1100.0 6 5 2 2 2 17
1105.0 6 4 2 4 3 19
1110.0 4 5 4 4 3 20
1115.0 4 6 5 4 3 22
1120.0 4 6 4 3 3 20
1125.0 5 5 5 3 2 20
1130.0 7 3 6 2 1 19
1135.0 7 5 6 2 2 22
1140.0 6 4 4 1 3 18
1145.0 5 3 4 1 5 18
1150.0 6 3 3 1 5 18
1155.0 5 4 3 1 4 17
1160.0 4 4 4 1 3 16
1165.0 4 6 3 2 3 18
1170.0 5 5 3 2 4 19
1175.0 6 5 3 2 4 20
1180.0 6 5 3 2 4 20
1185.0 5 4 4 3 4 20
1190.0 3 4 5 3 3 18
1195.0 1 4 4 3 3 15
1200.0 0 4 1 3 2 10
1205.0 1 4 2 2 2 11
1210.0 1 4 2 2 1 10
1215.0 1 5 3 1 1 11
1220.0 1 5 3 1 1 11
1225.0 2 5 2 1 1 11
1230.0 2 3 3 1 1 10
1235.0 1 1 3 2 0 7
1240.0 1 1 2 3 0 7
1245.0 1 1 2 3 0 7
1250.0 1 0 2 4 1 8
1255.0 1 0 3 2 1 7
1260.0 0 0 4 1 1 6
1265.0 1 0 4 1 0 6
1270.0 1 0 4 1 1 7
1275.0 1 0 3 1 1 6
1280.0 1 0 3 0 1 5
1285.0 2 0 2 0 1 5
1290.0 3 0 2 0 1 6
1295.0 4 0 2 0 1 7
1300.0 4 0 2 0 1 7
1305.0 2 0 1 0 1 4
1310.0 2 0 1 0 0 3
1315.0 2 0 0 0 0 2
1320.0 1 0 0 0 0 1
1325.0 0 0 0 0 0 0
1330.0 0 0 0 0 0 0
1335.0 0 0 1 0 0 1
1340.0 1 0 0 0 0 1
1345.0 1 0 0 0 0 1
1350.0 1 0 0 0 0 1
1355.0 1 0 0 0 0 1
1360.0 1 0 0 0 0 1
1365.0 1 0 0 0 0 1
1370.0 1 0 0 0 0 1
1375.0 0 0 0 0 0 0
1380.0 0 0 0 0 0 0
1385.0 0 0 0 0 0 0
1390.0 0 0 0 0 0 0
1395.0 0 0 0 0 0 0
1400.0 0 0 0 0 0 0
1405.0 0 0 0 0 0 0
1410.0 0 0 0 0 0 0
1415.0 0 0 0 0 0 0
1420.0 0 0 0 0 0 0
1425.0 0 0 0 0 0 0
1430.0 0 0 0 0 0 0
1435.0 0 0 0 0 0 0
