5.0 0 0 0 0 0 0
10.0 0 0 0 0 0 0
15.0 0 0 0 0 0 0
20.0 0 0 0 0 0 0
25.0 0 0 0 0 0 0
30.0 0 0 0 0 0 0
35.0 0 0 0 0 0 0
40.0 0 0 0 0 0 0
45.0 0 0 0 0 0 0
50.0 0 0 0 0 0 0
55.0 0 0 0 0 0 0
60.0 0 0 0 0 0 0
65.0 0 0 0 0 0 0
70.0 0 0 0 0 0 0
75.0 0 0 0 0 0 0
80.0 0 0 0 0 0 0
85.0 0 0 0 0 0 0
90.0 0 0 0 0 0 0
95.0 0 0 0 0 0 0
100.0 0 0 0 0 0 0
105.0 0 0 0 0 0 0
110.0 0 0 0 0 0 0
115.0 0 0 0 0 0 0
120.0 0 0 0 0 0 0
125.0 0 0 0 0 0 0
130.0 0 0 0 0 0 0
135.0 0 0 0 0 0 0
140.0 0 0 0 0 0 0
145.0 0 0 0 0 0 0
150.0 0 0 0 0 0 0
155.0 0 0 0 0 0 0
160.0 0 0 0 0 0 0
165.0 0 0 0 0 0 0
170.0 0 0 0 0 0 0
175.0 0 0 0 0 0 0
180.0 0 0 0 0 0 0
185.0 0 0 0 0 0 0
190.0 0 0 0 0 0 0
195.0 0 0 0 0 0 0
200.0 0 0 0 0 0 0
205.0 0 0 0 0 0 0
210.0 0 0 0 0 0 0
215.0 0 0 0 0 0 0
220.0 0 0 0 0 0 0
225.0 0 0 0 0 0 0
230.0 0 0 0 0 0 0
235.0 0 0 0 0 0 0
240.0 0 0 0 0 0 0
245.0 0 0 0 0 0 0
250.0 0 0 0 0 0 0
255.0 0 0 0 0 0 0
260.0 0 0 0 0 0 0
265.0 0 0 0 0 0 0
270.0 0 0 0 0 0 0
275.0 0 0 0 0 0 0
280.0 0 0 0 0 0 0
285.0 0 0 0 0 0 0
290.0 0 0 0 0 0 0
295.0 0 0 0 0 0 0
300.0 0 0 0 0 0 0
305.0 0 0 0 0 0 0
310.0 0 0 0 0 0 0
315.0 0 0 0 0 0 0
320.0 0 0 0 0 0 0
325.0 0 0 0 0 0 0
330.0 0 0 0 0 0 0
335.0 0 0 0 0 0 0
340.0 0 0 0 0 0 0
345.0 0 0 0 0 0 0
350.0 0 0 0 0 0 0
355.0 0 0 0 0 0 0
360.0 0 0 0 0 0 0
365.0 0 0 0 0 0 0
370.0 0 0 1 0 0 1
375.0 0 0 1 0 0 1
380.0 0 0 1 0 0 1
385.0 0 0 0 0 0 0
390.0 0 0 1 0 0 1
395.0 0 0 1 0 0 1
400.0 1 0 2 0 1 4
405.0 1 0 2 0 1 4
410.0 1 0 2 0 1 4
415.0 0 1 1 1 0 3
420.0 0 1 1 1 0 3
425.0 2 1 1 1 0 5
430.0 3 1 1 1 0 6
435.0 4 1 1 1 0 7
440.0 4 1 1 1 0 7
445.0 4 1 1 1 0 7
450.0 5 1 1 0 0 7
455.0 5 2 2 0 0 9
460.0 4 4 2 1 0 11
465.0 3 4 3 1 0 11
470.0 2 4 4 1 0 11
475.0 3 5 4 1 0 13
480.0 3 6 4 1 0 14
485.0 3 6 3 1 0 13
490.0 5 6 4 1 0 16
495.0 4 6 4 2 0 16
500.0 4 4 6 2 0 16
505.0 3 4 5 2 0 14
510.0 6 4 5 1 0 16
515.0 8 4 6 1 0 19
520.0 8 6 7 2 0 23
525.0 10 6 8 2 0 26
530.0 9 6 9 2 0 26
535.0 10 6 8 2 0 26
540.0 7 6 10 2 0 25
545.0 8 6 9 2 0 25
550.0 9 4 12 3 0 28
555.0 7 4 11 3 0 25
560.0 7 5 11 4 0 27
565.0 8 4 8 7 0 27
570.0 8 5 8 8 1 30
575.0 10 6 7 10 1 34
580.0 8 6 9 10 1 34
585.0 6 6 10 10 1 33
590.0 5 8 10 10 1 34
595.0 4 8 12 10 1 35
600.0 5 7 11 9 1 33
605.0 5 11 11 8 1 36
610.0 5 12 13 5 1 36
615.0 6 16 13 3 1 39
620.0 6 14 13 1 2 36
625.0 7 13 13 1 2 36
630.0 9 16 12 1 3 41
635.0 8 16 12 1 3 40
640.0 7 14 11 2 4 38
645.0 8 11 12 1 4 36
650.0 8 11 12 1 4 36
655.0 9 10 13 1 4 37
660.0 9 10 13 2 4 38
665.0 9 8 15 3 4 39
670.0 8 9 13 4 4 38
675.0 6 8 10 5 4 33
680.0 6 8 9 6 5 34
685.0 7 7 11 7 5 37
690.0 10 5 10 7 6 38
695.0 12 7 10 7 6 42
700.0 14 5 9 8 6 42
705.0 14 7 10 8 6 45
710.0 11 10 10 8 7 46
715.0 15 10 8 6 6 45
720.0 14 11 8 4 5 42
725.0 12 9 10 5 4 40
730.0 8 8 11 7 5 39
735.0 9 7 10 7 5 38
740.0 9 10 8 6 5 38
745.0 10 9 7 4 5 35
750.0 11 10 7 4 5 37
755.0 11 12 10 4 5 42
760.0 12 10 11 3 5 41
765.0 12 8 11 3 7 41
770.0 9 9 11 3 7 39
775.0 9 8 9 3 6 35
780.0 8 8 8 4 6 34
785.0 10 8 7 4 6 35
790.0 10 8 7 4 4 33
795.0 12 10 8 3 4 37
800.0 12 10 10 3 4 39
805.0 13 12 9 4 4 42
810.0 11 12 8 4 4 39
815.0 7 14 8 5 5 39
820.0 7 13 8 4 5 37
825.0 6 13 8 4 6 37
830.0 7 10 7 3 6 33
835.0 8 8 9 3 6 34
840.0 6 7 10 3 7 33
845.0 7 7 10 2 7 33
850.0 7 5 10 2 7 31
855.0 5 6 12 2 6 31
860.0 6 8 13 2 5 34
865.0 6 10 13 2 5 36
870.0 6 10 10 3 6 35
875.0 7 7 12 4 5 35
880.0 7 6 11 5 5 34
885.0 8 8 12 4 5 37
890.0 9 6 10 3 5 33
895.0 11 5 12 2 5 35
900.0 11 4 12 2 5 34
905.0 11 5 12 2 5 35
910.0 13 5 12 2 4 36
915.0 12 4 12 3 4 35
920.0 13 5 12 3 4 37
925.0 14 6 14 4 4 42
930.0 12 6 13 4 4 39
935.0 14 7 13 3 4 41
940.0 15 6 12 3 4 40
945.0 16 5 13 3 4 41
950.0 16 5 12 5 4 42
955.0 13 7 12 5 4 41
960.0 14 6 12 5 4 41
965.0 13 7 12 7 3 42
970.0 11 7 10 7 3 38
975.0 9 7 10 5 3 34
980.0 9 7 11 5 2 34
985.0 8 8 10 4 2 32
990.0 6 6 11 4 3 30
995.0 8 6 11 3 3 31
1000.0 7 7 9 2 3 28
1005.0 9 6 8 1 3 27
1010.0 9 6 9 1 3 28
1015.0 10 6 11 1 3 31
1020.0 7 6 11 3 3 30
1025.0 9 7 14 3 2 35
1030.0 8 4 15 4 2 33
1035.0 7 4 16 4 0 31
1040.0 8 6 14 5 0 33
1045.0 8 8 11 7 1 35
1050.0 8 8 11 8 1 36
1055.0 10 8 9 10 1 38
1060.0 11 9 11 9 1 41
1065.0 13 9 13 8 1 44
1070.0 10 8 16 7 1 42
1075.0 10 10 16 6 1 43
1080.0 10 11 15 5 0 41
1085.0 10 12 13 5 0 40
1090.0 11 12 14 4 0 41
1095.0 10 11 14 3 1 39
1100.0 10 8 15 2 1 36
1105.0 8 9 18 2 1 38
1110.0 10 9 19 1 1 40
1115.0 11 9 18 1 1 40
1120.0 12 11 15 1 1 40
1125.0 13 12 16 1 1 43
1130.0 11 13 17 3 1 45
1135.0 10 13 15 4 3 45
1140.0 10 11 16 4 2 43
1145.0 11 12 14 3 2 42
1150.0 11 10 10 2 3 36
1155.0 12 10 9 1 2 34
1160.0 11 9 10 1 1 32
1165.0 9 9 12 3 1 34
1170.0 6 8 13 4 1 32
1175.0 6 7 12 4 1 30
1180.0 5 7 10 4 2 28
1185.0 4 5 11 4 2 26
1190.0 5 7 9 3 3 27
1195.0 3 7 7 3 4 24
1200.0 3 7 5 3 3 21
1205.0 4 8 4 3 3 22
1210.0 4 10 4 2 2 22
1215.0 4 12 6 1 2 25
1220.0 2 12 7 2 2 25
1225.0 2 11 7 2 2 24
1230.0 2 11 8 2 2 25
1235.0 3 10 9 2 2 26
1240.0 2 7 9 2 1 21
1245.0 4 5 10 2 1 22
1250.0 7 4 8 2 2 23
1255.0 6 3 8 3 1 21
1260.0 4 3 10 3 1 21
1265.0 3 4 10 3 1 21
1270.0 2 4 11 2 1 20
1275.0 2 2 10 2 1 17
1280.0 2 4 8 1 1 16
1285.0 3 4 7 0 1 15
1290.0 2 4 4 0 1 11
1295.0 2 5 4 0 2 13
1300.0 2 4 4 0 2 12
1305.0 2 3 4 0 1 10
1310.0 2 3 3 0 1 9
1315.0 2 3 4 0 1 10
1320.0 2 3 4 0 2 11
1325.0 2 4 3 0 1 10
1330.0 1 4 1 0 2 8
1335.0 1 5 1 0 2 9
1340.0 1 5 1 0 1 8
1345.0 1 5 0 0 1 7
1350.0 1 4 0 0 1 6
1355.0 1 3 1 0 1 6
1360.0 1 1 1 0 1 4
1365.0 1 1 1 0 1 4
1370.0 2 1 1 0 0 4
1375.0 2 0 0 0 0 2
1380.0 2 0 0 0 0 2
1385.0 2 0 0 0 0 2
1390.0 1 0 0 0 0 1
1395.0 1 0 0 0 0 1
1400.0 1 0 0 0 0 1
1405.0 0 0 0 0 0 0
1410.0 0 0 0 0 0 0
1415.0 0 0 0 0 0 0
1420.0 0 0 0 0 0 0
1425.0 0 0 0 0 0 0
1430.0 0 0 0 0 0 0
1435.0 0 0 0 0 0 0
