5.0 0 0 0 0 0 0
10.0 0 0 0 0 0 0
15.0 0 0 0 0 0 0
20.0 0 0 0 0 0 0
25.0 0 0 0 0 0 0
30.0 0 0 0 0 0 0
35.0 0 0 0 0 0 0
40.0 0 0 0 0 0 0
45.0 0 0 0 0 0 0
50.0 0 0 0 0 0 0
55.0 0 0 0 0 0 0
60.0 0 0 0 0 0 0
65.0 0 0 0 0 0 0
70.0 0 0 0 0 0 0
75.0 0 0 0 0 0 0
80.0 0 0 0 0 0 0
85.0 0 0 0 0 0 0
90.0 0 0 0 0 0 0
95.0 0 0 0 0 0 0
100.0 0 0 0 0 0 0
105.0 0 0 0 0 0 0
110.0 0 0 0 0 0 0
115.0 0 0 0 0 0 0
120.0 0 0 0 0 0 0
125.0 0 0 0 0 0 0
130.0 0 0 0 0 0 0
135.0 0 0 0 0 0 0
140.0 0 0 0 0 0 0
145.0 0 0 0 0 0 0
150.0 0 0 0 0 0 0
155.0 0 0 0 0 0 0
160.0 0 0 0 0 0 0
165.0 0 0 0 0 0 0
170.0 0 0 0 0 0 0
175.0 0 0 0 0 0 0
180.0 0 0 0 0 0 0
185.0 0 0 0 0 0 0
190.0 0 0 0 0 0 0
195.0 0 0 0 0 0 0
200.0 0 0 0 0 0 0
205.0 0 0 0 0 0 0
210.0 0 0 0 0 0 0
215.0 0 0 0 0 0 0
220.0 0 0 0 0 0 0
225.0 0 0 0 0 0 0
230.0 0 0 0 0 0 0
235.0 0 0 0 0 0 0
240.0 0 0 0 0 0 0
245.0 0 0 0 0 0 0
250.0 0 0 0 0 0 0
255.0 0 0 0 0 0 0
260.0 0 0 0 0 0 0
265.0 0 0 1 0 0 1
270.0 0 0 1 0 0 1
275.0 0 0 1 1 0 2
280.0 0 0 1 1 0 2
285.0 0 0 2 1 0 3
290.0 0 0 2 1 0 3
295.0 0 0 2 1 0 3
300.0 0 0 2 1 0 3
305.0 1 0 1 1 0 3
310.0 1 0 2 1 1 5
315.0 1 0 3 0 1 5
320.0 1 0 4 0 1 6
325.0 1 0 3 0 1 5
330.0 1 0 3 0 1 5
335.0 1 0 3 0 1 5
340.0 1 1 3 0 1 6
345.0 1 1 4 0 1 7
350.0 1 1 4 0 1 7
355.0 1 2 4 0 1 8
360.0 2 3 5 0 1 11
365.0 3 3 4 0 1 11
370.0 5 4 3 1 1 14
375.0 5 3 5 1 0 14
380.0 6 3 6 3 0 18
385.0 5 5 11 3 0 24
390.0 7 6 11 3 0 27
395.0 6 8 11 4 0 29
400.0 6 7 13 4 1 31
405.0 5 10 15 5 2 37
410.0 6 10 17 5 3 41
415.0 6 9 17 5 3 40
420.0 6 12 22 5 3 48
425.0 6 13 20 8 5 52
430.0 7 13 18 8 7 53
435.0 10 14 21 8 7 60
440.0 9 13 28 8 6 64
445.0 12 14 29 7 7 69
450.0 14 19 28 7 7 75
455.0 13 23 34 6 8 84
460.0 14 22 36 7 10 89
465.0 19 26 38 6 11 100
470.0 25 25 39 6 11 106
475.0 26 28 39 6 12 111
480.0 26 35 46 7 14 128
485.0 34 38 50 6 13 141
490.0 32 40 49 10 12 143
495.0 35 41 50 10 11 147
500.0 40 45 50 11 15 161
505.0 51 45 52 13 16 177
510.0 52 47 59 14 21 193
515.0 52 48 64 17 24 205
520.0 55 44 73 29 24 225
525.0 54 45 76 32 25 232
530.0 55 46 76 33 25 235
535.0 62 44 68 38 28 240
540.0 66 51 78 38 27 260
545.0 73 58 82 35 27 275
550.0 69 59 87 38 28 281
555.0 70 67 95 43 29 304
560.0 75 71 93 45 30 314
565.0 77 75 100 48 33 333
570.0 74 77 97 50 37 335
575.0 74 84 100 50 38 346
580.0 77 86 110 51 41 365
585.0 76 84 113 52 41 366
590.0 80 84 113 53 40 370
595.0 85 87 118 53 39 382
600.0 78 86 123 55 40 382
605.0 78 85 114 59 39 375
610.0 80 84 110 54 38 366
615.0 84 82 108 54 38 366
620.0 86 80 101 57 42 366
625.0 88 84 105 55 40 372
630.0 86 96 114 54 41 391
635.0 84 102 112 50 44 392
640.0 81 98 114 50 44 387
645.0 82 98 118 50 40 388
650.0 84 100 117 44 40 385
655.0 83 104 112 55 40 394
660.0 88 100 115 53 41 397
665.0 78 102 119 47 40 386
670.0 72 109 111 48 39 379
675.0 80 110 100 48 38 376
680.0 86 108 96 48 39 377
685.0 83 108 94 42 38 365
690.0 83 102 97 41 34 357
695.0 80 96 95 44 34 349
700.0 77 92 98 45 35 347
705.0 86 87 93 45 36 347
710.0 83 81 96 45 35 340
715.0 75 75 96 40 37 323
720.0 71 71 94 39 37 312
725.0 69 69 87 46 38 309
730.0 71 69 80 44 37 301
735.0 72 64 77 42 38 293
740.0 70 68 77 40 40 295
745.0 66 65 75 42 37 285
750.0 70 71 78 40 31 290
755.0 65 68 76 44 27 280
760.0 66 63 72 46 26 273
765.0 64 59 68 38 28 257
770.0 56 65 75 36 29 261
775.0 56 70 76 33 30 265
780.0 57 70 71 35 31 264
785.0 55 71 69 36 33 264
790.0 52 71 70 33 30 256
795.0 49 78 68 41 29 265
800.0 52 80 67 38 27 264
805.0 53 90 71 40 26 280
810.0 46 85 70 41 29 271
815.0 46 80 72 41 31 270
820.0 43 85 85 40 30 283
825.0 44 81 87 39 28 279
830.0 44 78 89 34 28 273
835.0 49 76 91 32 31 279
840.0 57 79 95 27 35 293
845.0 58 74 97 29 32 290
850.0 63 75 99 29 32 298
855.0 62 73 98 33 28 294
860.0 70 73 97 28 28 296
865.0 76 76 103 32 28 315
870.0 75 78 100 27 30 310
875.0 77 81 92 34 30 314
880.0 76 80 98 34 30 318
885.0 76 87 96 37 33 329
890.0 82 87 98 39 32 338
895.0 81 86 100 38 33 338
900.0 75 88 105 36 34 338
905.0 77 87 103 37 35 339
910.0 83 89 106 41 37 356
915.0 88 94 108 45 35 370
920.0 92 91 101 45 32 361
925.0 88 85 114 51 30 368
930.0 76 85 114 51 31 357
935.0 81 85 112 52 34 364
940.0 80 92 110 52 31 365
945.0 89 87 110 54 33 373
950.0 90 87 105 48 34 364
955.0 91 87 105 44 36 363
960.0 94 84 106 41 34 359
965.0 97 77 111 39 37 361
970.0 87 83 105 40 35 350
975.0 85 89 105 42 32 353
980.0 80 96 104 42 31 353
985.0 72 95 98 43 34 342
990.0 71 91 105 43 33 343
995.0 74 85 109 44 33 345
1000.0 66 83 106 41 36 332
1005.0 65 84 107 46 34 336
1010.0 61 89 102 49 34 335
1015.0 64 86 109 41 32 332
1020.0 62 86 115 47 31 341
1025.0 69 90 113 48 32 352
1030.0 80 90 114 47 33 364
1035.0 85 91 107 43 29 355
1040.0 88 94 105 47 28 362
1045.0 85 95 107 50 27 364
1050.0 84 98 107 49 24 362
1055.0 82 100 103 46 25 356
1060.0 76 100 107 52 27 362
1065.0 79 102 100 47 30 358
1070.0 73 98 104 50 29 354
1075.0 81 95 110 50 33 369
1080.0 81 95 114 47 32 369
1085.0 83 94 114 53 33 377
1090.0 89 102 113 53 31 388
1095.0 86 113 115 58 35 407
1100.0 82 114 112 54 36 398
1105.0 89 122 114 50 35 410
1110.0 87 113 120 56 34 410
1115.0 88 114 122 61 37 422
1120.0 90 110 113 55 40 408
1125.0 86 106 122 49 40 403
1130.0 85 103 135 49 45 417
1135.0 91 103 128 49 46 417
1140.0 92 105 128 45 44 414
1145.0 93 109 124 46 42 414
1150.0 90 113 123 46 43 415
1155.0 86 109 121 42 43 401
1160.0 92 108 116 41 42 399
1165.0 90 101 114 49 42 396
1170.0 86 108 111 50 38 393
1175.0 83 106 114 48 34 385
1180.0 86 102 108 51 33 380
1185.0 73 92 106 59 36 366
1190.0 71 91 106 56 32 356
1195.0 72 87 103 54 31 347
1200.0 73 93 87 51 29 333
1205.0 66 94 87 41 29 317
1210.0 61 91 82 42 30 306
1215.0 60 83 83 39 29 294
1220.0 53 77 79 34 31 274
1225.0 52 71 75 32 29 259
1230.0 48 74 76 31 30 259
1235.0 42 75 81 29 28 255
1240.0 42 74 76 30 26 248
1245.0 43 68 76 32 23 242
1250.0 39 55 68 30 22 214
1255.0 40 55 57 24 17 193
1260.0 40 50 52 26 17 185
1265.0 38 43 52 23 13 169
1270.0 33 43 49 19 14 158
1275.0 27 40 51 19 12 149
1280.0 26 39 45 17 10 137
1285.0 23 31 38 16 10 118
1290.0 25 28 35 16 6 110
1295.0 23 25 33 15 5 101
1300.0 17 24 31 12 5 89
1305.0 14 25 23 11 6 79
1310.0 17 23 21 9 6 76
1315.0 13 20 19 8 6 66
1320.0 8 18 20 6 6 58
1325.0 7 16 17 6 6 52
1330.0 7 8 19 6 5 45
1335.0 9 5 17 4 5 40
1340.0 8 2 14 4 4 32
1345.0 7 2 12 3 3 27
1350.0 6 1 13 2 1 23
1355.0 5 2 11 4 1 23
1360.0 5 3 8 5 1 22
1365.0 3 4 5 4 1 17
1370.0 3 3 4 2 2 14
1375.0 4 4 3 2 2 15
1380.0 4 7 2 0 1 14
1385.0 3 6 2 0 2 13
1390.0 3 5 2 0 2 12
1395.0 2 3 3 0 1 9
1400.0 1 3 2 0 1 7
1405.0 0 3 2 1 1 7
1410.0 0 3 2 0 1 6
1415.0 0 2 2 0 1 5
1420.0 1 2 1 0 1 5
1425.0 2 1 1 0 0 4
1430.0 1 0 2 0 0 3
1435.0 1 0 2 0 0 3
