5.0 0 0 0 0 0 0
10.0 0 0 0 0 0 0
15.0 0 0 0 0 0 0
20.0 0 0 0 0 0 0
25.0 0 0 0 0 0 0
30.0 0 0 0 0 0 0
35.0 0 0 0 0 0 0
40.0 0 0 0 0 0 0
45.0 0 0 0 0 0 0
50.0 0 0 0 0 0 0
55.0 0 0 0 0 0 0
60.0 0 0 0 0 0 0
65.0 0 0 0 0 0 0
70.0 0 0 0 0 0 0
75.0 0 0 0 0 0 0
80.0 0 0 0 0 0 0
85.0 0 0 0 0 0 0
90.0 0 0 0 0 0 0
95.0 0 0 0 0 0 0
100.0 0 0 0 0 0 0
105.0 0 0 0 0 0 0
110.0 0 0 0 0 0 0
115.0 0 0 0 0 0 0
120.0 0 0 0 0 0 0
125.0 0 0 0 0 0 0
130.0 0 0 0 0 0 0
135.0 0 0 0 0 0 0
140.0 0 0 0 0 0 0
145.0 0 0 0 0 0 0
150.0 0 0 0 0 0 0
155.0 0 0 0 0 0 0
160.0 0 0 0 0 0 0
165.0 0 0 0 0 0 0
170.0 0 0 0 0 0 0
175.0 0 0 0 0 0 0
180.0 0 0 0 0 0 0
185.0 0 0 0 0 0 0
190.0 0 0 0 0 0 0
195.0 0 0 0 0 0 0
200.0 0 0 0 0 0 0
205.0 0 0 0 0 0 0
210.0 0 0 0 0 0 0
215.0 0 0 0 0 0 0
220.0 0 0 0 0 0 0
225.0 0 0 0 0 0 0
230.0 0 0 0 0 0 0
235.0 0 0 0 0 0 0
240.0 0 0 0 0 0 0
245.0 0 0 0 0 0 0
250.0 0 0 0 0 0 0
255.0 0 0 0 0 0 0
260.0 0 0 0 0 0 0
265.0 0 0 0 0 0 0
270.0 0 0 0 0 0 0
275.0 0 0 0 0 0 0
280.0 0 0 0 0 0 0
285.0 0 0 0 0 0 0
290.0 0 0 0 0 0 0
295.0 0 0 0 0 0 0
300.0 0 0 0 0 0 0
305.0 0 0 0 0 0 0
310.0 0 0 0 0 0 0
315.0 0 0 0 0 0 0
320.0 0 0 0 0 0 0
325.0 0 0 0 0 0 0
330.0 0 0 0 0 0 0
335.0 0 0 0 0 0 0
340.0 0 0 0 0 0 0
345.0 0 0 0 0 0 0
350.0 0 0 0 0 0 0
355.0 0 0 0 0 0 0
360.0 0 0 0 0 0 0
365.0 0 0 0 0 0 0
370.0 0 0 0 0 0 0
375.0 0 0 0 0 0 0
380.0 0 0 0 0 0 0
385.0 0 1 0 0 0 1
390.0 0 1 0 0 0 1
395.0 0 1 0 0 0 1
400.0 0 1 0 0 0 1
405.0 0 1 0 0 0 1
410.0 0 0 0 0 0 0
415.0 0 0 0 0 0 0
420.0 0 0 0 0 0 0
425.0 1 0 0 0 0 1
430.0 1 0 0 0 0 1
435.0 1 0 1 0 0 2
440.0 1 0 1 0 0 2
445.0 1 0 1 0 0 2
450.0 1 0 0 0 0 1
455.0 1 0 0 0 0 1
460.0 1 0 0 0 0 1
465.0 1 0 0 0 0 1
470.0 1 1 0 0 0 2
475.0 1 1 0 0 0 2
480.0 1 1 0 0 0 2
485.0 1 1 0 0 0 2
490.0 1 1 0 0 0 2
495.0 1 2 0 0 0 3
500.0 1 2 0 0 0 3
505.0 0 2 0 0 0 2
510.0 1 2 0 0 0 3
515.0 4 2 0 0 0 6
520.0 4 1 1 0 0 6
525.0 4 0 1 1 0 6
530.0 3 1 1 1 0 6
535.0 2 1 3 1 0 7
540.0 1 2 3 1 0 7
545.0 1 2 3 1 0 7
550.0 2 4 3 1 1 11
555.0 2 5 3 1 1 12
560.0 2 5 3 1 1 12
565.0 2 1 4 1 1 9
570.0 1 2 3 1 1 8
575.0 2 2 3 1 1 9
580.0 2 2 3 1 0 8
585.0 2 0 4 1 0 7
590.0 4 1 3 1 0 9
595.0 4 1 3 1 0 9
600.0 5 1 4 1 0 11
605.0 6 1 4 2 0 13
610.0 7 2 4 2 0 15
615.0 9 2 4 1 0 16
620.0 8 1 5 1 0 15
625.0 6 0 4 2 0 12
630.0 7 0 3 2 0 12
635.0 6 0 4 2 0 12
640.0 7 2 5 2 0 16
645.0 4 2 7 4 0 17
650.0 4 2 9 4 0 19
655.0 4 4 10 5 0 23
660.0 5 4 10 4 0 23
665.0 5 5 7 5 0 22
670.0 3 5 7 4 0 19
675.0 2 2 8 5 0 17
680.0 4 2 7 4 0 17
685.0 3 1 5 3 0 12
690.0 3 3 5 3 0 14
695.0 3 4 4 3 0 14
700.0 3 6 4 3 0 16
705.0 2 5 5 4 0 16
710.0 3 5 6 3 0 17
715.0 1 6 5 2 1 15
720.0 1 5 5 2 1 14
725.0 2 6 4 1 1 14
730.0 2 5 5 1 1 14
735.0 3 2 5 2 2 14
740.0 2 2 4 2 0 10
745.0 3 2 4 2 0 11
750.0 5 3 4 2 0 14
755.0 5 4 4 4 0 17
760.0 5 4 4 4 0 17
765.0 5 2 5 2 0 14
770.0 6 2 5 2 0 15
775.0 5 3 6 2 0 16
780.0 5 3 6 0 0 14
785.0 5 4 4 0 0 13
790.0 8 5 2 1 0 16
795.0 7 5 2 2 0 16
800.0 8 4 1 2 0 15
805.0 7 4 1 2 0 14
810.0 8 2 2 2 1 15
815.0 8 2 1 3 1 15
820.0 8 2 1 3 1 15
825.0 5 2 2 4 1 14
830.0 3 2 3 4 1 13
835.0 4 2 4 3 1 14
840.0 4 2 5 4 1 16
845.0 4 2 6 2 1 15
850.0 4 2 6 2 1 15
855.0 3 2 6 2 1 14
860.0 2 3 6 3 1 15
865.0 3 3 8 2 1 17
870.0 2 3 8 3 2 18
875.0 2 2 7 3 2 16
880.0 2 3 6 3 2 16
885.0 2 2 5 3 2 14
890.0 3 2 6 3 2 16
895.0 3 4 5 3 2 17
900.0 2 4 5 4 2 17
905.0 2 4 6 5 2 19
910.0 4 4 5 4 2 19
915.0 4 3 7 3 2 19
920.0 4 4 9 3 2 22
925.0 4 3 7 3 2 19
930.0 5 3 7 3 2 20
935.0 5 3 6 3 3 20
940.0 5 4 6 3 3 21
945.0 2 4 6 5 3 20
950.0 1 3 6 6 3 19
955.0 0 2 8 5 3 18
960.0 1 2 6 5 3 17
965.0 2 2 5 5 3 17
970.0 3 1 5 3 3 15
975.0 3 1 4 3 3 14
980.0 5 1 4 3 3 16
985.0 6 2 3 3 3 17
990.0 6 2 5 3 3 19
995.0 6 4 6 2 3 21
1000.0 6 4 5 1 3 19
1005.0 6 5 4 1 3 19
1010.0 7 5 4 2 3 21
1015.0 5 5 3 2 3 18
1020.0 5 4 3 3 3 18
1025.0 6 2 3 2 3 16
1030.0 7 3 6 2 3 21
1035.0 7 3 6 2 3 21
1040.0 7 4 8 1 2 22
1045.0 7 4 6 1 2 20
1050.0 8 3 7 1 2 21
1055.0 6 3 8 1 2 20
1060.0 4 4 7 3 2 20
1065.0 3 5 6 3 3 20
1070.0 2 6 6 3 3 20
1075.0 2 6 7 3 3 21
1080.0 3 7 7 3 3 23
1085.0 3 7 7 3 3 23
1090.0 3 6 8 3 3 23
1095.0 3 4 9 3 4 23
1100.0 1 4 9 4 4 22
1105.0 3 5 8 4 4 24
1110.0 3 4 9 5 4 25
1115.0 3 6 8 4 4 25
1120.0 3 8 9 3 4 27
1125.0 6 8 8 3 4 29
1130.0 5 6 7 3 4 25
1135.0 5 6 7 3 4 25
1140.0 2 6 6 4 1 19
1145.0 3 6 7 4 1 21
1150.0 3 5 4 4 1 17
1155.0 3 6 4 4 1 18
1160.0 3 8 4 4 2 21
1165.0 2 7 4 4 2 19
1170.0 3 6 5 4 2 20
1175.0 6 6 5 4 2 23
1180.0 8 6 5 3 3 25
1185.0 8 5 5 3 3 24
1190.0 7 5 5 4 3 24
1195.0 8 4 4 4 3 23
1200.0 8 4 3 3 3 21
1205.0 6 4 2 3 3 18
1210.0 5 2 2 3 2 14
1215.0 4 1 1 2 2 10
1220.0 4 1 1 2 2 10
1225.0 2 2 2 2 2 10
1230.0 2 3 2 2 2 11
1235.0 1 2 3 2 2 10
1240.0 1 2 3 2 2 10
1245.0 1 1 3 2 2 9
1250.0 2 0 4 1 2 9
1255.0 3 0 4 0 2 9
1260.0 1 0 4 0 2 7
1265.0 1 0 4 0 2 7
1270.0 2 1 3 1 0 7
1275.0 1 1 4 1 0 7
1280.0 1 1 4 1 1 8
1285.0 1 1 3 1 1 7
1290.0 1 1 3 1 0 6
1295.0 0 1 4 1 0 6
1300.0 0 1 4 1 0 6
1305.0 0 0 1 1 0 2
1310.0 0 0 0 1 0 1
1315.0 0 0 0 1 0 1
1320.0 0 0 0 2 0 2
1325.0 0 1 1 1 0 3
1330.0 0 1 1 0 0 2
1335.0 0 1 1 0 0 2
1340.0 0 1 2 0 0 3
1345.0 0 1 2 0 0 3
1350.0 0 1 2 0 0 3
1355.0 0 0 2 0 0 2
1360.0 0 0 2 0 0 2
1365.0 0 0 1 0 0 1
1370.0 0 0 1 0 0 1
1375.0 0 0 0 0 0 0
1380.0 0 0 0 0 0 0
1385.0 0 0 0 0 0 0
1390.0 0 0 0 0 0 0
1395.0 0 0 0 0 0 0
1400.0 0 0 0 0 0 0
1405.0 0 0 0 0 0 0
1410.0 0 0 0 0 0 0
1415.0 0 0 0 0 0 0
1420.0 0 0 0 0 0 0
1425.0 0 0 0 0 0 0
1430.0 0 0 0 0 0 0
1435.0 0 0 0 0 0 0
