5.0 0 0 0 0 0 0
10.0 0 0 0 0 0 0
15.0 0 0 0 0 0 0
20.0 0 0 0 0 0 0
25.0 0 0 0 0 0 0
30.0 0 0 0 0 0 0
35.0 0 0 0 0 0 0
40.0 0 0 0 0 0 0
45.0 0 0 0 0 0 0
50.0 0 0 0 0 0 0
55.0 0 0 0 0 0 0
60.0 0 0 0 0 0 0
65.0 0 0 0 0 0 0
70.0 0 0 0 0 0 0
75.0 0 0 0 0 0 0
80.0 0 0 0 0 0 0
85.0 0 0 0 0 0 0
90.0 0 0 0 0 0 0
95.0 0 0 0 0 0 0
100.0 0 0 0 0 0 0
105.0 0 0 0 0 0 0
110.0 0 0 0 0 0 0
115.0 0 0 0 0 0 0
120.0 0 0 0 0 0 0
125.0 0 0 0 0 0 0
130.0 0 0 0 0 0 0
135.0 0 0 0 0 0 0
140.0 0 0 0 0 0 0
145.0 0 0 0 0 0 0
150.0 0 0 0 0 0 0
155.0 0 0 0 0 0 0
160.0 0 0 0 0 0 0
165.0 0 0 0 0 0 0
170.0 0 0 0 0 0 0
175.0 0 0 0 0 0 0
180.0 0 0 0 0 0 0
185.0 0 0 0 0 0 0
190.0 0 0 0 0 0 0
195.0 0 0 0 0 0 0
200.0 0 0 0 0 0 0
205.0 0 0 0 0 0 0
210.0 0 0 0 0 0 0
215.0 0 0 0 0 0 0
220.0 0 0 0 0 0 0
225.0 0 0 0 0 0 0
230.0 0 0 0 0 0 0
235.0 0 0 0 0 0 0
240.0 0 0 0 0 0 0
245.0 0 0 0 0 0 0
250.0 0 0 0 0 0 0
255.0 0 0 0 0 0 0
260.0 0 0 0 0 0 0
265.0 0 0 0 0 0 0
270.0 0 0 0 0 0 0
275.0 0 0 0 0 0 0
280.0 0 0 0 0 0 0
285.0 0 0 0 0 0 0
290.0 0 0 0 0 0 0
295.0 0 0 0 0 0 0
300.0 0 0 0 0 0 0
305.0 1 0 0 0 0 1
310.0 1 0 0 0 0 1
315.0 1 0 0 0 0 1
320.0 1 0 0 0 0 1
325.0 1 0 0 0 0 1
330.0 1 0 0 0 0 1
335.0 2 1 0 0 0 3
340.0 2 2 0 0 0 4
345.0 2 2 0 0 0 4
350.0 2 2 0 2 0 6
355.0 2 1 2 2 0 7
360.0 2 1 2 2 0 7
365.0 2 1 3 2 0 8
370.0 1 2 3 3 0 9
375.0 1 3 2 3 0 9
380.0 0 4 5 3 0 12
385.0 0 4 5 2 0 11
390.0 0 4 5 2 0 11
395.0 0 4 5 3 0 12
400.0 1 3 5 3 0 12
405.0 3 2 4 4 0 13
410.0 3 1 4 5 0 13
415.0 3 4 5 4 0 16
420.0 4 4 5 4 0 17
425.0 4 6 3 5 1 19
430.0 5 5 3 6 1 20
435.0 5 6 5 6 2 24
440.0 4 5 6 9 2 26
445.0 4 6 7 9 2 28
450.0 5 5 9 9 2 30
455.0 9 6 10 6 4 35
460.0 9 7 10 6 5 37
465.0 11 8 12 7 5 43
470.0 11 9 15 8 6 49
475.0 12 9 17 7 6 51
480.0 14 8 20 8 6 56
485.0 17 8 18 8 6 57
490.0 19 9 19 10 7 64
495.0 17 13 21 11 8 70
500.0 18 13 21 11 8 71
505.0 18 14 25 12 11 80
510.0 19 13 23 13 10 78
515.0 22 13 23 16 13 87
520.0 22 11 25 16 12 86
525.0 20 14 27 18 12 91
530.0 20 14 32 16 14 96
535.0 20 18 32 19 14 103
540.0 27 23 33 21 13 117
545.0 29 25 36 19 12 121
550.0 33 28 33 19 10 123
555.0 33 31 36 18 9 127
560.0 38 35 35 17 7 132
565.0 40 34 33 15 6 128
570.0 40 41 38 16 6 141
575.0 40 40 44 18 7 149
580.0 40 41 46 19 10 156
585.0 40 37 47 20 13 157
590.0 38 35 46 24 15 158
595.0 34 34 42 28 16 154
600.0 32 41 47 30 17 167
605.0 28 43 48 29 15 163
610.0 30 49 44 27 14 164
615.0 32 46 47 25 16 166
620.0 31 48 51 26 15 171
625.0 33 48 55 28 14 178
630.0 33 49 58 29 14 183
635.0 38 52 60 25 16 191
640.0 42 52 56 23 14 187
645.0 44 46 58 17 14 179
650.0 47 37 61 18 13 176
655.0 45 38 55 20 17 175
660.0 51 40 54 20 17 182
665.0 53 42 48 20 15 178
670.0 51 41 52 24 16 184
675.0 49 41 52 24 16 182
680.0 40 43 54 27 15 179
685.0 40 43 46 27 14 170
690.0 38 44 46 26 15 169
695.0 29 43 42 26 15 155
700.0 29 37 42 26 16 150
705.0 31 36 49 22 17 155
710.0 29 33 48 23 18 151
715.0 32 26 47 22 19 146
720.0 31 26 52 20 22 151
725.0 29 29 50 18 21 147
730.0 32 31 49 18 18 148
735.0 32 31 51 17 22 153
740.0 32 31 50 15 23 151
745.0 26 33 49 17 23 148
750.0 25 33 48 20 23 149
755.0 25 35 50 18 22 150
760.0 25 32 50 16 22 145
765.0 25 28 50 18 22 143
770.0 27 27 43 16 18 131
775.0 29 23 44 18 19 133
780.0 28 25 49 16 22 140
785.0 26 22 47 19 21 135
790.0 29 26 50 18 22 145
795.0 30 30 47 20 18 145
800.0 30 29 43 20 18 140
805.0 22 33 42 24 20 141
810.0 24 34 38 22 19 137
815.0 25 33 46 21 21 146
820.0 24 33 43 22 21 143
825.0 27 35 47 22 23 154
830.0 31 33 47 21 22 154
835.0 35 34 49 20 22 160
840.0 38 33 49 20 19 159
845.0 37 33 50 22 18 160
850.0 36 39 53 22 19 169
855.0 38 36 54 20 19 167
860.0 37 38 58 20 22 175
865.0 32 43 59 25 22 181
870.0 34 41 54 27 24 180
875.0 33 41 49 30 21 174
880.0 36 40 51 30 22 179
885.0 35 41 52 29 22 179
890.0 37 43 52 28 23 183
895.0 38 42 58 22 21 181
900.0 35 39 64 21 20 179
905.0 39 40 69 17 20 185
910.0 35 38 67 17 20 177
915.0 35 41 64 19 20 179
920.0 36 38 59 22 19 174
925.0 38 40 60 21 18 177
930.0 37 40 60 22 17 176
935.0 36 39 60 24 17 176
940.0 32 36 61 25 17 171
945.0 40 32 60 24 17 173
950.0 41 41 57 25 16 180
955.0 35 43 58 26 20 182
960.0 36 44 57 26 20 183
965.0 43 45 58 25 21 192
970.0 40 41 62 24 20 187
975.0 41 42 67 25 17 192
980.0 40 41 74 27 18 200
985.0 38 47 67 26 15 193
990.0 38 47 60 27 17 189
995.0 34 42 61 27 15 179
1000.0 30 38 61 29 14 172
1005.0 31 39 59 28 13 170
1010.0 37 39 58 26 16 176
1015.0 37 41 54 20 17 169
1020.0 30 44 59 22 19 174
1025.0 33 40 55 21 20 169
1030.0 36 35 51 20 20 162
1035.0 43 34 47 18 17 159
1040.0 48 35 47 17 18 165
1045.0 45 37 42 18 16 158
1050.0 40 39 46 19 17 161
1055.0 36 39 46 22 18 161
1060.0 33 36 46 22 17 154
1065.0 32 37 52 22 18 161
1070.0 37 35 52 26 19 169
1075.0 43 32 60 25 17 177
1080.0 38 36 65 26 18 183
1085.0 39 38 69 25 20 191
1090.0 39 43 65 23 18 188
1095.0 35 47 60 26 18 186
1100.0 38 49 60 26 20 193
1105.0 35 53 62 30 20 200
1110.0 40 51 66 27 19 203
1115.0 39 51 73 25 19 207
1120.0 51 51 66 22 18 208
1125.0 52 52 64 21 21 210
1130.0 51 55 67 21 20 214
1135.0 46 53 67 18 21 205
1140.0 42 49 62 22 20 195
1145.0 40 54 57 22 18 191
1150.0 40 54 55 23 19 191
1155.0 35 52 54 23 17 181
1160.0 27 52 54 25 18 176
1165.0 28 55 50 25 18 176
1170.0 33 54 46 22 18 173
1175.0 34 51 48 21 17 171
1180.0 35 52 49 26 16 178
1185.0 42 48 50 29 16 185
1190.0 39 46 49 30 15 179
1195.0 32 48 44 34 17 175
1200.0 33 44 49 35 16 177
1205.0 33 39 47 33 16 168
1210.0 35 40 44 29 13 161
1215.0 35 37 35 23 13 143
1220.0 32 42 30 20 12 136
1225.0 31 42 29 21 13 136
1230.0 26 35 28 15 13 117
1235.0 21 34 29 16 11 111
1240.0 22 32 30 14 10 108
1245.0 23 31 29 13 10 106
1250.0 22 29 28 12 7 98
1255.0 18 28 23 12 8 89
1260.0 14 28 25 12 8 87
1265.0 12 23 24 15 9 83
1270.0 13 18 22 15 7 75
1275.0 12 19 19 11 8 69
1280.0 15 15 18 7 9 64
1285.0 13 15 12 6 8 54
1290.0 11 12 11 5 6 45
1295.0 11 9 10 6 6 42
1300.0 9 6 11 5 5 36
1305.0 11 4 11 4 4 34
1310.0 9 4 10 5 3 31
1315.0 9 4 11 6 4 34
1320.0 5 4 13 7 4 33
1325.0 7 4 10 6 3 30
1330.0 6 4 6 5 4 25
1335.0 5 3 5 4 4 21
1340.0 3 1 6 2 4 16
1345.0 4 2 3 2 4 15
1350.0 4 2 3 1 3 13
1355.0 5 2 3 1 3 14
1360.0 5 2 2 0 2 11
1365.0 4 3 1 0 2 10
1370.0 3 2 1 0 2 8
1375.0 2 2 1 0 2 7
1380.0 3 1 1 0 2 7
1385.0 3 1 1 0 2 7
1390.0 3 1 0 0 2 6
1395.0 2 1 0 0 1 4
1400.0 1 1 0 0 1 3
1405.0 1 1 0 0 1 3
1410.0 1 0 1 0 1 3
1415.0 1 0 1 0 1 3
1420.0 1 0 1 0 1 3
1425.0 1 0 1 0 1 3
1430.0 1 0 1 0 0 2
1435.0 1 0 1 0 0 2
