[0.0, 0.23624125643394484, 0.2646166028771281, 0.31674805331925565, 0.10861818661739475, 0.07377590075227662]
[0.5507380073800738, 0.0, 0.06580565805658056, 0.14944649446494465, 0.22447724477244774, 0.009532595325953259]
[0.6558169513374154, 0.07573316145665485, 0.0, 0.16435707379954884, 0.07315501127940703, 0.030937802126973897]
[0.6578798185941043, 0.1544784580498866, 0.1354875283446712, 0.0, 0.036281179138321996, 0.015873015873015872]
[0.4510108864696734, 0.34110938310005184, 0.11560393986521514, 0.07568688439606014, 0.0, 0.01658890616899948]
[0.7516778523489933, 0.05503355704697987, 0.10738255033557047, 0.06711409395973154, 0.01879194630872483, 0.0]
{'pos': (10.0, 85.68450312717165), 'adm': (10.0, 30.919110411336348), 'inf': (10.0, 38.168689828380074), 'mul': (10.0, 38.47197106690778), None: (10.0, 35.570806387752405), 'bib': (10.0, 33.74135546334716)}
5.0 0 0 0 0 0 0
10.0 0 0 0 0 0 0
15.0 0 0 0 0 0 0
20.0 0 0 0 0 0 0
25.0 0 0 0 0 0 0
30.0 0 0 0 0 0 0
35.0 0 0 0 0 0 0
40.0 0 0 0 0 0 0
45.0 0 0 0 0 0 0
50.0 0 0 0 0 0 0
55.0 0 0 0 0 0 0
60.0 0 0 0 0 0 0
65.0 0 0 0 0 0 0
70.0 0 0 0 0 0 0
75.0 0 0 0 0 0 0
80.0 0 0 0 0 0 0
85.0 0 0 0 0 0 0
90.0 0 0 0 0 0 0
95.0 0 0 0 0 0 0
100.0 0 0 0 0 0 0
105.0 0 0 0 0 0 0
110.0 0 0 0 0 0 0
115.0 0 0 0 0 0 0
120.0 0 0 0 0 0 0
125.0 0 0 0 0 0 0
130.0 0 0 0 0 0 0
135.0 0 0 0 0 0 0
140.0 0 0 0 0 0 0
145.0 0 0 0 0 0 0
150.0 0 0 0 0 0 0
155.0 0 0 0 0 0 0
160.0 0 0 0 0 0 0
165.0 0 0 0 0 0 0
170.0 0 0 0 0 0 0
175.0 0 0 0 0 0 0
180.0 0 0 0 0 0 0
185.0 0 0 0 0 0 0
190.0 0 0 0 0 0 0
195.0 0 0 0 0 0 0
200.0 0 0 0 0 0 0
205.0 0 0 0 0 0 0
210.0 0 0 0 0 0 0
215.0 0 0 0 0 0 0
220.0 0 0 0 0 0 0
225.0 0 0 0 0 0 0
230.0 0 0 0 0 0 0
235.0 0 0 0 0 0 0
240.0 0 0 0 0 0 0
245.0 0 0 0 0 0 0
250.0 0 0 0 0 0 0
255.0 0 0 0 0 0 0
260.0 0 0 0 0 0 0
265.0 0 0 0 0 0 0
270.0 0 0 0 0 0 0
275.0 0 0 0 0 0 0
280.0 0 0 0 0 0 0
285.0 0 0 0 0 0 0
290.0 0 0 0 0 0 0
295.0 0 0 0 0 0 0
300.0 0 0 0 0 0 0
305.0 0 0 0 0 0 0
310.0 0 0 0 0 0 0
315.0 0 0 0 0 0 0
320.0 0 0 0 0 0 0
325.0 0 0 0 0 0 0
330.0 0 0 0 0 0 0
335.0 0 0 0 0 0 0
340.0 0 0 0 0 0 0
345.0 0 0 0 0 0 0
350.0 0 0 0 0 0 0
355.0 0 0 0 0 0 0
360.0 0 0 0 0 0 0
365.0 0 0 0 0 0 0
370.0 0 0 0 0 0 0
375.0 0 0 0 0 0 0
380.0 0 0 0 0 0 0
385.0 0 0 0 0 0 0
390.0 0 0 0 0 0 0
395.0 0 0 0 0 0 0
400.0 0 0 0 0 0 0
405.0 0 0 0 0 0 0
410.0 0 0 1 0 0 1
415.0 0 1 1 0 0 2
420.0 0 1 1 0 0 2
425.0 0 1 1 0 0 2
430.0 0 0 2 0 0 2
435.0 0 0 2 0 0 2
440.0 0 0 1 0 0 1
445.0 0 0 1 0 0 1
450.0 0 0 1 0 0 1
455.0 0 0 2 0 0 2
460.0 0 1 2 0 0 3
465.0 0 1 3 0 0 4
470.0 0 1 3 0 0 4
475.0 1 1 2 0 1 5
480.0 1 1 2 0 1 5
485.0 0 1 1 0 1 3
490.0 1 1 1 0 1 4
495.0 1 1 1 0 1 4
500.0 1 2 1 0 1 5
505.0 0 2 2 0 0 4
510.0 0 2 2 0 0 4
515.0 0 2 2 0 0 4
520.0 0 2 3 0 0 5
525.0 0 3 3 0 0 6
530.0 0 3 4 0 0 7
535.0 0 2 5 1 0 8
540.0 0 4 5 1 0 10
545.0 2 4 5 1 0 12
550.0 2 5 4 1 0 12
555.0 2 4 4 1 0 11
560.0 3 3 5 3 0 14
565.0 4 2 5 3 0 14
570.0 2 2 5 3 0 12
575.0 3 2 4 2 0 11
580.0 3 3 6 2 0 14
585.0 4 3 5 2 0 14
590.0 4 3 5 2 1 15
595.0 4 3 5 2 1 15
600.0 4 3 5 2 1 15
605.0 4 2 6 2 1 15
610.0 4 3 6 3 2 18
615.0 3 3 7 3 2 18
620.0 3 4 8 3 2 20
625.0 4 4 8 3 3 22
630.0 3 5 9 2 4 23
635.0 4 7 9 1 4 25
640.0 3 6 9 1 4 23
645.0 4 6 8 1 5 24
650.0 4 5 8 0 5 22
655.0 4 4 9 0 5 22
660.0 3 4 7 0 5 19
665.0 3 3 7 0 5 18
670.0 4 1 9 0 4 18
675.0 4 1 10 0 4 19
680.0 4 1 10 0 3 18
685.0 5 1 7 0 3 16
690.0 6 0 8 1 2 17
695.0 6 0 9 1 2 18
700.0 6 0 8 2 2 18
705.0 8 0 7 2 1 18
710.0 7 0 6 2 1 16
715.0 6 0 5 2 1 14
720.0 6 0 5 2 1 14
725.0 6 1 4 3 2 16
730.0 6 2 4 2 2 16
735.0 4 2 4 3 2 15
740.0 4 1 4 3 3 15
745.0 5 1 5 2 2 15
750.0 6 1 5 2 1 15
755.0 6 1 4 2 1 14
760.0 6 3 3 1 1 14
765.0 6 4 2 1 1 14
770.0 4 4 2 0 1 11
775.0 3 4 1 1 1 10
780.0 3 2 2 1 1 9
785.0 3 2 2 1 2 10
790.0 3 1 2 1 2 9
795.0 3 1 2 0 2 8
800.0 3 1 2 1 2 9
805.0 3 2 3 2 1 11
810.0 4 2 3 2 1 12
815.0 4 2 4 2 1 13
820.0 4 2 4 2 1 13
825.0 3 3 4 2 1 13
830.0 3 2 6 2 1 14
835.0 3 2 7 1 1 14
840.0 5 1 8 1 1 16
845.0 5 1 9 1 2 18
850.0 4 0 10 1 2 17
855.0 4 0 9 1 2 16
860.0 5 0 7 0 1 13
865.0 4 0 5 2 1 12
870.0 4 1 7 2 1 15
875.0 3 2 6 1 1 13
880.0 5 2 7 1 0 15
885.0 5 3 5 1 1 15
890.0 5 3 5 1 1 15
895.0 4 4 7 1 1 17
900.0 4 4 8 1 1 18
905.0 4 5 9 1 1 20
910.0 6 6 8 1 1 22
915.0 6 6 7 1 1 21
920.0 6 6 7 0 1 20
925.0 7 6 8 0 1 22
930.0 5 5 8 1 0 19
935.0 2 6 6 2 0 16
940.0 1 5 8 2 0 16
945.0 2 5 9 3 0 19
950.0 1 4 8 3 0 16
955.0 1 5 7 3 0 16
960.0 2 5 7 3 0 17
965.0 2 3 8 4 0 17
970.0 2 5 8 3 0 18
975.0 1 5 9 2 1 18
980.0 1 5 9 2 1 18
985.0 1 7 9 1 0 18
990.0 1 7 9 1 1 19
995.0 1 8 6 1 1 17
1000.0 1 9 5 2 2 19
1005.0 3 8 5 2 2 20
1010.0 3 6 5 2 1 17
1015.0 4 6 4 3 1 18
1020.0 6 6 4 3 2 21
1025.0 6 5 5 3 2 21
1030.0 4 5 6 3 2 20
1035.0 3 5 5 2 2 17
1040.0 3 3 3 0 2 11
1045.0 3 1 6 1 2 13
1050.0 3 2 6 1 1 13
1055.0 4 2 5 1 1 13
1060.0 5 2 8 1 1 17
1065.0 5 2 8 1 1 17
1070.0 6 3 7 1 1 18
1075.0 6 3 5 1 1 16
1080.0 5 3 5 1 1 15
1085.0 4 3 7 1 2 17
1090.0 7 4 6 0 2 19
1095.0 5 4 5 2 2 18
1100.0 6 3 5 2 2 18
1105.0 5 4 5 3 2 19
1110.0 5 4 5 3 2 19
1115.0 6 4 6 2 1 19
1120.0 6 4 6 3 1 20
1125.0 6 5 7 3 1 22
1130.0 7 4 8 2 2 23
1135.0 7 5 10 2 2 26
1140.0 8 4 11 2 1 26
1145.0 9 4 8 2 1 24
1150.0 8 5 7 2 1 23
1155.0 6 4 10 3 1 24
1160.0 4 5 10 3 1 23
1165.0 4 6 10 2 1 23
1170.0 5 6 9 2 0 22
1175.0 5 7 9 1 0 22
1180.0 4 8 7 1 2 22
1185.0 4 7 7 2 3 23
1190.0 4 5 6 3 3 21
1195.0 3 4 8 1 2 18
1200.0 2 4 6 1 2 15
1205.0 2 4 5 1 2 14
1210.0 1 4 5 1 2 13
1215.0 2 4 5 1 2 14
1220.0 1 4 3 0 2 10
1225.0 1 3 2 0 2 8
1230.0 2 3 2 0 2 9
1235.0 5 3 2 0 2 12
1240.0 3 2 1 1 2 9
1245.0 2 3 2 1 2 10
1250.0 2 3 2 1 2 10
1255.0 2 1 0 1 2 6
1260.0 2 1 0 1 2 6
1265.0 2 1 0 1 1 5
1270.0 1 2 0 1 1 5
1275.0 1 2 1 1 2 7
1280.0 1 1 1 1 1 5
1285.0 1 1 2 1 1 6
1290.0 2 1 2 0 1 6
1295.0 1 1 1 0 1 4
1300.0 1 0 1 0 1 3
1305.0 1 0 1 0 1 3
1310.0 1 0 1 0 1 3
1315.0 1 0 1 0 1 3
1320.0 1 0 1 0 1 3
1325.0 1 0 1 0 1 3
1330.0 1 0 1 0 0 2
1335.0 1 0 1 0 0 2
1340.0 1 1 0 0 0 2
1345.0 1 1 0 0 0 2
1350.0 1 1 0 0 0 2
1355.0 1 1 0 0 0 2
1360.0 1 1 0 0 0 2
1365.0 1 0 0 1 0 2
1370.0 1 0 0 1 0 2
1375.0 0 0 0 1 0 1
1380.0 0 0 0 1 1 2
1385.0 0 0 0 1 1 2
1390.0 0 0 0 1 1 2
1395.0 0 0 0 1 1 2
1400.0 0 0 0 0 1 1
1405.0 0 0 0 0 0 0
1410.0 0 0 0 0 0 0
1415.0 0 0 0 0 0 0
1420.0 0 0 0 0 0 0
1425.0 0 0 0 0 0 0
1430.0 0 0 0 0 0 0
1435.0 0 0 0 0 0 0
1440.0 0 0 0 0 0 0
1445.0 0 0 0 0 0 0
1450.0 0 0 0 0 0 0
1455.0 0 0 0 0 0 0
1460.0 0 0 0 0 0 0
1465.0 0 0 0 0 0 0
1470.0 0 0 0 0 0 0
1475.0 0 0 0 0 0 0
1480.0 0 0 0 0 0 0
1485.0 0 0 0 0 0 0
1490.0 0 0 0 0 0 0
1495.0 0 0 0 0 0 0
1500.0 0 0 0 0 0 0
1505.0 0 0 0 0 0 0
1510.0 0 0 0 0 0 0
1515.0 0 0 0 0 0 0
1520.0 0 0 0 0 0 0
1525.0 0 0 0 0 0 0
1530.0 0 0 0 0 0 0
1535.0 0 0 0 0 0 0
1540.0 0 0 0 0 0 0
1545.0 0 0 0 0 0 0
1550.0 0 0 0 0 0 0
1555.0 0 0 0 0 0 0
1560.0 0 0 0 0 0 0
1565.0 0 0 0 0 0 0
1570.0 0 0 0 0 0 0
1575.0 0 0 0 0 0 0
1580.0 0 0 0 0 0 0
1585.0 0 0 0 0 0 0
1590.0 0 0 0 0 0 0
1595.0 0 0 0 0 0 0
1600.0 0 0 0 0 0 0
1605.0 0 0 0 0 0 0
1610.0 0 0 0 0 0 0
1615.0 0 0 0 0 0 0
1620.0 0 0 0 0 0 0
1625.0 0 0 0 0 0 0
1630.0 0 0 0 0 0 0
1635.0 0 0 0 0 0 0
1640.0 0 0 0 0 0 0
1645.0 0 0 0 0 0 0
1650.0 0 0 0 0 0 0
1655.0 0 0 0 0 0 0
1660.0 0 0 0 0 0 0
1665.0 0 0 0 0 0 0
1670.0 0 0 0 0 0 0
1675.0 0 0 0 0 0 0
1680.0 0 0 0 0 0 0
1685.0 0 0 0 0 0 0
1690.0 0 0 0 0 0 0
1695.0 0 0 0 0 0 0
1700.0 0 0 0 0 0 0
1705.0 0 0 0 0 0 0
1710.0 0 0 0 0 0 0
1715.0 0 0 0 0 0 0
1720.0 0 0 0 0 0 0
1725.0 0 0 0 0 0 0
1730.0 0 0 0 0 0 0
1735.0 0 0 0 0 0 0
1740.0 0 0 0 0 0 0
1745.0 0 0 0 0 0 0
1750.0 0 0 0 0 0 0
1755.0 0 0 0 0 0 0
1760.0 0 0 0 0 0 0
1765.0 0 0 0 0 0 0
1770.0 0 0 0 0 0 0
1775.0 0 0 0 0 0 0
1780.0 0 0 0 0 0 0
1785.0 0 0 0 0 0 0
1790.0 0 0 0 0 0 0
1795.0 0 0 0 0 0 0
1800.0 0 0 0 0 0 0
1805.0 0 0 0 0 0 0
1810.0 0 0 0 0 0 0
1815.0 0 0 0 0 0 0
1820.0 0 0 0 0 0 0
1825.0 0 0 0 0 0 0
1830.0 0 0 1 1 0 2
1835.0 0 0 1 2 0 3
1840.0 0 1 1 2 0 4
1845.0 0 1 1 2 0 4
1850.0 0 1 1 2 0 4
1855.0 0 1 1 2 0 4
1860.0 0 2 1 1 1 5
1865.0 0 2 1 1 1 5
1870.0 0 2 1 1 1 5
1875.0 1 2 1 0 1 5
1880.0 1 1 1 0 1 4
1885.0 1 1 1 0 1 4
1890.0 1 1 1 0 1 4
1895.0 0 1 1 1 1 4
1900.0 0 1 1 1 1 4
1905.0 0 2 1 1 1 5
1910.0 0 2 2 1 1 6
1915.0 1 2 2 1 1 7
1920.0 1 1 1 1 1 5
1925.0 1 2 1 1 1 6
1930.0 1 2 0 1 1 5
1935.0 2 2 0 0 2 6
1940.0 4 1 0 0 2 7
1945.0 4 0 0 0 2 6
1950.0 4 0 1 0 2 7
1955.0 3 3 1 0 1 8
1960.0 2 3 1 2 1 9
1965.0 2 4 1 2 1 10
1970.0 1 4 2 2 1 10
1975.0 1 4 3 1 1 10
1980.0 1 4 3 1 1 10
1985.0 3 4 4 1 1 13
1990.0 5 6 4 1 1 17
1995.0 5 5 4 1 1 16
2000.0 2 6 3 1 1 13
2005.0 3 6 4 1 1 15
2010.0 4 5 6 1 2 18
2015.0 4 6 7 1 2 20
2020.0 4 8 6 2 2 22
2025.0 3 9 5 2 1 20
2030.0 3 10 6 2 1 22
2035.0 4 8 5 2 1 20
2040.0 4 9 5 3 2 23
2045.0 5 9 4 3 1 22
2050.0 4 10 3 4 0 21
2055.0 5 9 3 3 0 20
2060.0 6 8 3 3 0 20
2065.0 4 10 4 5 1 24
2070.0 4 10 4 5 1 24
2075.0 4 9 5 3 1 22
2080.0 3 8 5 3 1 20
2085.0 3 9 5 3 0 20
2090.0 4 12 4 3 2 25
2095.0 5 11 5 2 2 25
2100.0 4 10 4 3 2 23
2105.0 5 10 3 3 2 23
2110.0 4 10 3 3 2 22
2115.0 4 10 2 3 2 21
2120.0 4 10 3 2 2 21
2125.0 4 11 3 2 2 22
2130.0 2 8 5 2 2 19
2135.0 1 8 6 2 0 17
2140.0 1 6 5 3 0 15
2145.0 3 6 6 2 0 17
2150.0 3 6 6 2 0 17
2155.0 5 6 6 1 0 18
2160.0 5 5 6 1 0 17
2165.0 3 5 5 1 0 14
2170.0 3 5 4 2 0 14
2175.0 3 6 4 3 0 16
2180.0 3 4 7 3 0 17
2185.0 3 5 8 2 0 18
2190.0 3 5 8 2 0 18
2195.0 2 4 8 3 0 17
2200.0 1 3 8 3 1 16
2205.0 1 3 7 3 1 15
2210.0 2 5 6 3 1 17
2215.0 1 5 3 3 1 13
2220.0 1 6 1 3 1 12
2225.0 1 6 2 3 1 13
2230.0 2 6 2 3 1 14
2235.0 2 6 2 3 1 14
2240.0 2 5 2 3 0 12
2245.0 2 5 2 3 0 12
2250.0 2 4 1 3 1 11
2255.0 3 5 1 3 1 13
2260.0 3 4 1 4 1 13
2265.0 4 3 3 5 1 16
2270.0 4 1 3 7 1 16
2275.0 3 1 3 8 1 16
2280.0 2 1 4 8 1 16
2285.0 2 2 5 8 2 19
2290.0 2 3 4 6 2 17
2295.0 2 3 4 5 2 16
2300.0 2 3 4 5 1 15
2305.0 1 3 4 5 1 14
2310.0 1 3 4 4 1 13
2315.0 3 3 5 3 1 15
2320.0 4 1 4 3 1 13
2325.0 4 1 6 4 1 16
2330.0 5 2 5 5 1 18
2335.0 4 1 4 5 1 15
2340.0 4 1 5 5 1 16
2345.0 4 3 5 4 1 17
2350.0 4 2 7 3 1 17
2355.0 6 2 6 3 1 18
2360.0 7 3 5 3 0 18
2365.0 8 4 5 2 0 19
2370.0 8 3 5 2 0 18
2375.0 8 3 5 2 0 18
2380.0 8 4 3 3 0 18
2385.0 7 4 4 3 1 19
2390.0 7 4 3 3 1 18
2395.0 7 3 3 3 1 17
2400.0 5 2 4 3 1 15
2405.0 5 1 4 4 2 16
2410.0 5 1 4 5 2 17
2415.0 5 4 2 4 3 18
2420.0 5 7 2 3 2 19
2425.0 5 6 2 2 1 16
2430.0 5 4 2 2 1 14
2435.0 5 5 2 2 2 16
2440.0 5 5 1 2 2 15
2445.0 4 5 1 3 2 15
2450.0 4 5 1 3 2 15
2455.0 3 5 2 3 2 15
2460.0 3 5 2 3 2 15
2465.0 3 5 2 3 2 15
2470.0 4 6 2 2 2 16
2475.0 4 7 1 1 1 14
2480.0 3 8 1 1 2 15
2485.0 3 8 2 1 2 16
2490.0 2 8 3 2 5 20
2495.0 1 5 4 2 5 17
2500.0 3 7 4 1 3 18
2505.0 3 6 4 1 4 18
2510.0 3 6 7 1 4 21
2515.0 2 6 9 1 3 21
2520.0 1 6 11 1 2 21
2525.0 2 7 10 1 2 22
2530.0 3 7 8 2 2 22
2535.0 3 9 6 2 2 22
2540.0 3 8 6 2 2 21
2545.0 3 8 7 1 1 20
2550.0 2 5 7 2 1 17
2555.0 2 4 7 1 1 15
2560.0 1 5 7 1 1 15
2565.0 2 5 6 1 1 15
2570.0 3 4 6 0 1 14
2575.0 4 4 6 0 2 16
2580.0 4 1 7 2 3 17
2585.0 4 3 9 2 3 21
2590.0 4 3 10 2 3 22
2595.0 4 3 9 2 3 21
2600.0 4 3 7 1 3 18
2605.0 5 3 7 1 3 19
2610.0 5 2 9 1 4 21
2615.0 4 2 8 2 4 20
2620.0 4 3 7 3 3 20
2625.0 4 4 5 4 3 20
2630.0 3 3 4 3 3 16
2635.0 3 4 5 2 3 17
2640.0 3 4 6 2 3 18
2645.0 2 5 6 2 3 18
2650.0 2 3 5 2 3 15
2655.0 1 3 4 2 3 13
2660.0 1 2 4 2 2 11
2665.0 1 2 5 3 2 13
2670.0 1 1 5 3 2 12
2675.0 1 2 5 3 2 13
2680.0 1 3 4 2 2 12
2685.0 1 4 3 2 1 11
2690.0 1 5 3 3 1 13
2695.0 2 3 2 3 1 11
2700.0 1 1 2 3 0 7
2705.0 0 1 2 2 0 5
2710.0 0 1 1 1 0 3
2715.0 0 1 1 1 0 3
2720.0 0 1 1 1 0 3
2725.0 0 2 1 0 0 3
2730.0 0 2 1 0 0 3
2735.0 0 3 0 0 0 3
2740.0 0 3 0 0 0 3
2745.0 0 1 0 0 0 1
2750.0 0 1 0 0 0 1
2755.0 0 1 0 0 0 1
2760.0 0 1 0 0 0 1
2765.0 0 1 0 0 0 1
2770.0 0 0 0 0 0 0
2775.0 0 0 0 0 0 0
2780.0 0 0 0 0 0 0
2785.0 0 0 0 0 0 0
2790.0 0 0 0 0 0 0
2795.0 0 0 0 0 0 0
2800.0 0 0 0 0 0 0
2805.0 0 0 0 0 0 0
2810.0 0 0 0 0 0 0
2815.0 0 0 0 0 0 0
2820.0 0 0 0 0 0 0
2825.0 0 0 0 0 0 0
2830.0 0 0 0 0 0 0
2835.0 0 0 0 0 0 0
2840.0 0 0 0 0 0 0
2845.0 0 0 0 0 0 0
2850.0 0 0 0 0 0 0
2855.0 0 0 0 0 0 0
2860.0 0 0 0 0 0 0
2865.0 0 0 0 0 0 0
2870.0 0 0 0 0 0 0
2875.0 0 0 0 0 0 0
2880.0 0 0 0 0 0 0
2885.0 0 0 0 0 0 0
2890.0 0 0 0 0 0 0
2895.0 0 0 0 0 0 0
2900.0 0 0 0 0 0 0
2905.0 0 0 0 0 0 0
2910.0 0 0 0 0 0 0
2915.0 0 0 0 0 0 0
2920.0 0 0 0 0 0 0
2925.0 0 0 0 0 0 0
2930.0 0 0 0 0 0 0
2935.0 0 0 0 0 0 0
2940.0 0 0 0 0 0 0
2945.0 0 0 0 0 0 0
2950.0 0 0 0 0 0 0
2955.0 0 0 0 0 0 0
2960.0 0 0 0 0 0 0
2965.0 0 0 0 0 0 0
2970.0 0 0 0 0 0 0
2975.0 0 0 0 0 0 0
2980.0 0 0 0 0 0 0
2985.0 0 0 0 0 0 0
2990.0 0 0 0 0 0 0
2995.0 0 0 0 0 0 0
3000.0 0 0 0 0 0 0
3005.0 0 0 0 0 0 0
3010.0 0 0 0 0 0 0
3015.0 0 0 0 0 0 0
3020.0 0 0 0 0 0 0
3025.0 0 0 0 0 0 0
3030.0 0 0 0 0 0 0
3035.0 0 0 0 0 0 0
3040.0 0 0 0 0 0 0
3045.0 0 0 0 0 0 0
3050.0 0 0 0 0 0 0
3055.0 0 0 0 0 0 0
3060.0 0 0 0 0 0 0
3065.0 0 0 0 0 0 0
3070.0 0 0 0 0 0 0
3075.0 0 0 0 0 0 0
3080.0 0 0 0 0 0 0
3085.0 0 0 0 0 0 0
3090.0 0 0 0 0 0 0
3095.0 0 0 0 0 0 0
3100.0 0 0 0 0 0 0
3105.0 0 0 0 0 0 0
3110.0 0 0 0 0 0 0
3115.0 0 0 0 0 0 0
3120.0 0 0 0 0 0 0
3125.0 0 0 0 0 0 0
3130.0 0 0 0 0 0 0
3135.0 0 0 0 0 0 0
3140.0 0 0 0 0 0 0
3145.0 0 0 0 0 0 0
3150.0 0 0 0 0 0 0
3155.0 0 0 0 0 0 0
3160.0 0 0 0 0 0 0
3165.0 0 0 0 0 0 0
3170.0 0 0 0 0 0 0
3175.0 0 0 0 0 0 0
3180.0 0 0 0 0 0 0
3185.0 0 0 0 0 0 0
3190.0 0 0 0 0 0 0
3195.0 0 0 0 0 0 0
3200.0 0 0 0 0 0 0
3205.0 0 0 0 0 0 0
3210.0 0 0 0 0 0 0
3215.0 0 0 0 0 0 0
3220.0 0 0 0 0 0 0
3225.0 0 0 0 0 0 0
3230.0 0 0 0 0 0 0
3235.0 0 0 0 0 0 0
3240.0 1 0 0 0 0 1
3245.0 1 0 0 0 0 1
3250.0 1 0 0 0 0 1
3255.0 0 0 0 0 0 0
3260.0 0 0 0 0 0 0
3265.0 0 0 0 0 0 0
3270.0 0 0 0 0 0 0
3275.0 0 0 0 0 0 0
3280.0 0 0 0 0 0 0
3285.0 0 0 0 0 0 0
3290.0 0 0 0 0 0 0
3295.0 1 1 1 0 0 3
3300.0 1 1 1 0 0 3
3305.0 0 1 1 0 0 2
3310.0 0 1 1 0 0 2
3315.0 0 1 1 0 0 2
3320.0 0 1 2 0 0 3
3325.0 0 1 2 0 0 3
3330.0 0 1 2 0 0 3
3335.0 0 1 1 0 0 2
3340.0 0 1 1 0 0 2
3345.0 0 1 1 0 0 2
3350.0 1 2 1 0 0 4
3355.0 2 2 1 0 0 5
3360.0 2 2 1 2 0 7
3365.0 2 2 3 2 0 9
3370.0 2 2 3 2 0 9
3375.0 3 2 3 2 0 10
3380.0 2 2 4 3 0 11
3385.0 3 2 4 2 0 11
3390.0 3 3 4 2 0 12
3395.0 3 3 5 2 0 13
3400.0 2 1 5 2 0 10
3405.0 2 1 6 2 1 12
3410.0 1 1 6 2 2 12
3415.0 2 1 6 1 2 12
3420.0 3 1 5 1 2 12
3425.0 4 1 4 1 2 12
3430.0 4 1 5 2 1 13
3435.0 4 1 6 2 1 14
3440.0 3 1 8 2 1 15
3445.0 2 2 8 3 0 15
3450.0 2 2 8 3 0 15
3455.0 2 3 5 4 0 14
3460.0 2 4 5 4 0 15
3465.0 2 6 3 5 0 16
3470.0 2 6 4 6 0 18
3475.0 2 6 7 6 0 21
3480.0 3 5 8 6 0 22
3485.0 5 3 7 6 0 21
3490.0 5 3 7 5 1 21
3495.0 5 4 6 5 1 21
3500.0 5 4 4 5 1 19
3505.0 5 5 5 4 0 19
3510.0 7 5 5 2 0 19
3515.0 8 5 6 3 0 22
3520.0 7 6 5 4 0 22
3525.0 7 5 6 4 0 22
3530.0 6 5 6 5 1 23
3535.0 8 3 5 3 2 21
3540.0 9 3 4 3 2 21
3545.0 7 3 5 3 2 20
3550.0 5 4 7 3 2 21
3555.0 4 4 8 2 2 20
3560.0 3 5 7 1 2 18
3565.0 2 5 8 1 3 19
3570.0 2 4 7 1 2 16
3575.0 2 4 6 1 2 15
3580.0 2 4 6 1 3 16
3585.0 3 5 7 1 3 19
3590.0 4 6 5 1 3 19
3595.0 4 5 5 1 3 18
3600.0 4 5 4 1 3 17
3605.0 4 3 4 1 4 16
3610.0 3 4 3 3 3 16
3615.0 3 4 2 3 3 15
3620.0 4 4 4 2 4 18
3625.0 2 4 4 4 4 18
3630.0 3 2 5 5 4 19
3635.0 4 2 6 5 4 21
3640.0 5 3 6 4 3 21
3645.0 7 3 6 2 3 21
3650.0 6 2 7 2 4 21
3655.0 4 1 7 3 4 19
3660.0 3 1 7 3 4 18
3665.0 2 2 4 3 4 15
3670.0 2 2 3 4 3 14
3675.0 2 4 3 3 3 15
3680.0 2 4 3 2 3 14
3685.0 3 4 3 2 3 15
3690.0 3 6 3 1 3 16
3695.0 2 8 4 1 3 18
3700.0 1 7 3 2 3 16
3705.0 1 6 3 2 2 14
3710.0 1 5 4 2 2 14
3715.0 1 5 4 2 2 14
3720.0 2 3 4 2 3 14
3725.0 2 3 4 2 2 13
3730.0 3 3 3 2 2 13
3735.0 3 6 5 0 2 16
3740.0 3 6 4 0 2 15
3745.0 3 6 4 0 1 14
3750.0 3 5 5 2 1 16
3755.0 3 4 6 2 1 16
3760.0 3 5 5 2 1 16
3765.0 2 5 4 1 1 13
3770.0 4 5 3 1 1 14
3775.0 5 6 3 1 1 16
3780.0 5 6 4 4 2 21
3785.0 8 5 3 3 2 21
3790.0 8 5 4 3 2 22
3795.0 8 5 8 3 2 26
3800.0 7 3 8 3 2 23
3805.0 7 3 9 4 2 25
3810.0 6 4 9 4 2 25
3815.0 7 4 6 4 3 24
3820.0 7 4 5 4 3 23
3825.0 7 4 6 4 2 23
3830.0 7 4 6 3 2 22
3835.0 7 2 7 3 2 21
3840.0 5 2 7 2 2 18
3845.0 4 2 7 2 2 17
3850.0 4 3 7 2 2 18
3855.0 3 3 8 3 1 18
3860.0 1 4 10 4 1 20
3865.0 1 3 9 5 1 19
3870.0 1 6 7 4 1 19
3875.0 2 6 9 4 2 23
3880.0 3 7 9 4 3 26
3885.0 2 4 10 5 3 24
3890.0 2 4 9 4 3 22
3895.0 2 2 9 4 2 19
3900.0 4 2 9 4 2 21
3905.0 6 2 10 3 2 23
3910.0 6 1 9 2 2 20
3915.0 6 0 6 3 2 17
3920.0 5 1 7 2 2 17
3925.0 4 1 6 3 2 16
3930.0 3 2 5 4 2 16
3935.0 2 2 5 4 2 15
3940.0 1 0 5 5 1 12
3945.0 1 0 6 5 1 13
3950.0 0 0 5 5 2 12
3955.0 0 0 7 4 2 13
3960.0 0 0 7 4 2 13
3965.0 0 0 6 3 2 11
3970.0 0 1 6 3 2 12
3975.0 0 2 7 3 2 14
3980.0 4 3 6 1 4 18
3985.0 4 3 7 2 4 20
3990.0 5 3 7 3 3 21
3995.0 3 3 9 3 3 21
4000.0 3 4 10 3 3 23
4005.0 5 3 10 2 3 23
4010.0 6 2 10 2 2 22
4015.0 8 2 9 3 1 23
4020.0 10 2 5 2 1 20
4025.0 9 2 4 2 1 18
4030.0 8 2 4 2 1 17
4035.0 8 1 5 3 1 18
4040.0 7 1 5 3 1 17
4045.0 5 2 4 1 1 13
4050.0 5 2 5 1 1 14
4055.0 3 2 4 2 1 12
4060.0 3 3 6 2 1 15
4065.0 3 3 8 2 1 17
4070.0 2 1 9 2 1 15
4075.0 1 1 9 2 1 14
4080.0 2 1 8 2 1 14
4085.0 3 3 8 2 1 17
4090.0 4 4 6 2 1 17
4095.0 3 4 7 2 1 17
4100.0 4 4 6 2 1 17
4105.0 4 5 5 2 1 17
4110.0 3 5 4 2 2 16
4115.0 4 4 4 1 2 15
4120.0 4 3 4 1 3 15
4125.0 3 3 4 2 3 15
4130.0 3 2 5 2 1 13
4135.0 3 2 5 3 1 14
4140.0 3 2 5 3 1 14
4145.0 4 1 4 2 1 12
4150.0 4 1 3 1 1 10
4155.0 3 1 3 1 1 9
4160.0 2 1 2 1 1 7
4165.0 2 1 1 1 0 5
4170.0 3 2 1 1 0 7
4175.0 3 2 1 1 0 7
4180.0 3 1 0 1 0 5
4185.0 3 1 0 1 1 6
4190.0 2 1 0 1 1 5
4195.0 1 1 0 1 1 4
4200.0 0 2 0 1 1 4
4205.0 0 2 0 1 1 4
4210.0 0 1 0 1 1 3
4215.0 0 0 0 1 0 1
4220.0 0 0 0 1 0 1
4225.0 0 0 0 1 0 1
4230.0 0 0 0 1 0 1
4235.0 0 0 0 1 0 1
4240.0 1 0 0 1 0 2
4245.0 2 0 0 0 0 2
4250.0 2 0 0 0 0 2
4255.0 2 0 0 0 0 2
4260.0 1 0 0 0 0 1
4265.0 1 0 0 0 0 1
4270.0 1 0 0 0 0 1
4275.0 1 0 0 0 0 1
4280.0 1 0 0 0 0 1
4285.0 0 0 0 0 0 0
4290.0 0 0 0 0 0 0
4295.0 0 0 0 0 0 0
4300.0 0 0 0 0 0 0
4305.0 0 0 0 0 0 0
4310.0 0 0 0 0 0 0
4315.0 0 0 0 0 0 0
4320.0 0 0 0 0 0 0
4325.0 0 0 0 0 0 0
4330.0 0 0 0 0 0 0
4335.0 0 0 0 0 0 0
4340.0 0 0 0 0 0 0
4345.0 0 0 0 0 0 0
4350.0 0 0 0 0 0 0
4355.0 0 0 0 0 0 0
4360.0 0 0 0 0 0 0
4365.0 0 0 0 0 0 0
4370.0 0 0 0 0 0 0
4375.0 0 0 0 0 0 0
4380.0 0 0 0 0 0 0
4385.0 0 0 0 0 0 0
4390.0 0 0 0 0 0 0
4395.0 0 0 0 0 0 0
4400.0 0 0 0 0 0 0
4405.0 0 0 0 0 0 0
4410.0 0 0 0 0 0 0
4415.0 0 0 0 0 0 0
4420.0 0 0 0 0 0 0
4425.0 0 0 0 0 0 0
4430.0 0 0 0 0 0 0
4435.0 0 0 0 0 0 0
4440.0 0 0 0 0 0 0
4445.0 0 0 0 0 0 0
4450.0 0 0 0 0 0 0
4455.0 0 0 0 0 0 0
4460.0 0 0 0 0 0 0
4465.0 0 0 0 0 0 0
4470.0 0 0 0 0 0 0
4475.0 0 0 0 0 0 0
4480.0 0 0 0 0 0 0
4485.0 0 0 0 0 0 0
4490.0 0 0 0 0 0 0
4495.0 0 0 0 0 0 0
4500.0 0 0 0 0 0 0
4505.0 0 0 0 0 0 0
4510.0 0 0 0 0 0 0
4515.0 0 0 0 0 0 0
4520.0 0 0 0 0 0 0
4525.0 0 0 0 0 0 0
4530.0 0 0 0 0 0 0
4535.0 0 0 0 0 0 0
4540.0 0 0 0 0 0 0
4545.0 0 0 0 0 0 0
4550.0 0 0 0 0 0 0
4555.0 0 0 0 0 0 0
4560.0 0 0 0 0 0 0
4565.0 0 0 0 0 0 0
4570.0 0 0 0 0 0 0
4575.0 0 0 0 0 0 0
4580.0 0 0 0 0 0 0
4585.0 0 0 0 0 0 0
4590.0 0 0 0 0 0 0
4595.0 0 0 0 0 0 0
4600.0 0 0 0 0 0 0
4605.0 0 0 0 0 0 0
4610.0 0 0 0 0 0 0
4615.0 0 0 0 0 0 0
4620.0 0 0 0 0 0 0
4625.0 0 0 0 0 0 0
4630.0 0 0 0 0 0 0
4635.0 0 0 0 0 0 0
4640.0 0 0 0 0 0 0
4645.0 0 0 0 0 0 0
4650.0 0 0 0 0 0 0
4655.0 0 0 0 0 0 0
4660.0 0 0 0 0 0 0
4665.0 0 0 0 0 0 0
4670.0 0 0 0 0 0 0
4675.0 0 0 0 0 0 0
4680.0 0 0 0 0 0 0
4685.0 0 0 0 0 0 0
4690.0 0 0 0 0 0 0
4695.0 0 0 0 0 0 0
4700.0 0 0 0 0 0 0
4705.0 0 0 0 0 0 0
4710.0 0 0 0 0 0 0
4715.0 0 0 0 0 0 0
4720.0 0 0 0 0 0 0
4725.0 0 0 0 0 0 0
4730.0 0 0 0 0 0 0
4735.0 1 0 0 0 0 1
4740.0 1 1 0 0 0 2
4745.0 1 2 0 0 0 3
4750.0 1 2 0 0 0 3
4755.0 1 2 0 0 0 3
4760.0 1 2 0 0 0 3
4765.0 1 2 0 1 0 4
4770.0 1 1 0 1 0 3
4775.0 1 1 0 2 0 4
4780.0 1 2 0 2 0 5
4785.0 1 2 0 2 0 5
4790.0 1 2 0 2 0 5
4795.0 1 1 1 2 0 5
4800.0 1 1 1 1 0 4
4805.0 1 2 1 1 0 5
4810.0 1 3 1 1 0 6
4815.0 1 3 1 2 0 7
4820.0 1 3 0 3 0 7
4825.0 3 3 0 3 0 9
4830.0 4 3 0 3 0 10
4835.0 5 2 1 2 0 10
4840.0 4 4 2 1 0 11
4845.0 3 5 4 2 1 15
4850.0 2 5 5 2 1 15
4855.0 2 6 5 2 1 16
4860.0 1 5 4 1 1 12
4865.0 2 5 4 2 1 14
4870.0 2 5 7 3 1 18
4875.0 3 5 7 3 1 19
4880.0 4 4 7 3 1 19
4885.0 4 4 8 2 1 19
4890.0 3 3 8 3 1 18
4895.0 3 4 7 4 1 19
4900.0 3 5 8 3 1 20
4905.0 4 4 8 4 1 21
4910.0 4 5 8 4 2 23
4915.0 5 7 7 4 2 25
4920.0 4 6 6 4 2 22
4925.0 4 7 6 3 1 21
4930.0 4 6 6 3 1 20
4935.0 3 5 6 3 1 18
4940.0 2 7 6 3 1 19
4945.0 4 5 7 3 1 20
4950.0 4 4 6 2 1 17
4955.0 4 4 5 2 1 16
4960.0 3 5 5 2 2 17
4965.0 3 6 5 3 2 19
4970.0 4 4 3 3 2 16
4975.0 5 4 4 1 1 15
4980.0 4 3 5 1 1 14
4985.0 4 3 5 1 1 14
4990.0 4 4 4 2 1 15
4995.0 4 7 4 2 0 17
5000.0 5 7 4 2 0 18
5005.0 3 6 4 1 0 14
5010.0 2 6 4 1 0 13
5015.0 2 6 5 1 1 15
5020.0 2 6 5 1 1 15
5025.0 2 6 6 1 1 16
5030.0 2 6 4 1 1 14
5035.0 1 5 4 1 1 12
5040.0 2 5 2 0 1 10
5045.0 1 6 1 1 1 10
5050.0 1 8 0 1 1 11
5055.0 2 8 1 1 1 13
5060.0 2 6 1 1 1 11
5065.0 2 4 1 1 2 10
5070.0 1 5 2 1 2 11
5075.0 1 5 3 1 2 12
5080.0 1 3 6 1 2 13
5085.0 3 2 6 1 2 14
5090.0 3 2 6 1 1 13
5095.0 2 2 6 1 1 12
5100.0 2 2 5 2 1 12
5105.0 1 1 5 2 0 9
5110.0 2 2 5 3 0 12
5115.0 3 3 5 2 0 13
5120.0 4 3 6 2 0 15
5125.0 4 2 5 3 0 14
5130.0 4 2 4 3 0 13
5135.0 3 3 5 2 0 13
5140.0 1 3 5 3 1 13
5145.0 2 5 5 3 1 16
5150.0 2 5 6 2 2 17
5155.0 3 5 6 1 1 16
5160.0 3 5 6 0 0 14
5165.0 3 5 5 1 1 15
5170.0 3 5 4 2 1 15
5175.0 2 5 7 2 1 17
5180.0 3 5 6 2 1 17
5185.0 4 5 5 2 1 17
5190.0 4 4 5 2 2 17
5195.0 4 4 5 2 2 17
5200.0 3 5 5 3 2 18
5205.0 5 4 6 3 2 20
5210.0 5 4 4 3 1 17
5215.0 4 4 6 3 1 18
5220.0 4 4 8 3 1 20
5225.0 4 4 8 3 1 20
5230.0 5 4 6 2 2 19
5235.0 4 5 5 2 2 18
5240.0 3 6 5 2 2 18
5245.0 3 6 6 3 2 20
5250.0 3 6 6 3 2 20
5255.0 4 6 7 2 2 21
5260.0 5 6 7 1 2 21
5265.0 5 6 7 2 2 22
5270.0 4 5 7 2 1 19
5275.0 3 6 7 2 1 19
5280.0 2 6 8 2 1 19
5285.0 3 7 7 3 2 22
5290.0 3 8 5 3 2 21
5295.0 2 8 6 2 2 20
5300.0 3 8 6 3 2 22
5305.0 3 7 6 3 3 22
5310.0 4 6 6 3 3 22
5315.0 3 5 4 4 2 18
5320.0 4 5 3 4 2 18
5325.0 5 5 5 4 2 21
5330.0 6 7 4 4 2 23
5335.0 6 5 4 4 2 21
5340.0 5 5 5 4 1 20
5345.0 5 6 5 4 1 21
5350.0 3 6 3 6 1 19
5355.0 3 6 5 6 1 21
5360.0 2 6 5 6 1 20
5365.0 2 5 5 4 1 17
5370.0 2 5 5 4 1 17
5375.0 1 4 5 4 0 14
5380.0 3 3 6 4 0 16
5385.0 4 2 6 4 1 17
5390.0 5 2 5 4 1 17
5395.0 6 2 4 4 1 17
5400.0 5 3 7 3 1 19
5405.0 5 3 8 4 0 20
5410.0 7 2 6 4 1 20
5415.0 7 1 5 5 1 19
5420.0 5 1 5 6 1 18
5425.0 6 2 3 7 1 19
5430.0 8 2 3 6 1 20
5435.0 7 2 4 6 1 20
5440.0 8 4 3 4 1 20
5445.0 7 3 4 2 1 17
5450.0 9 3 4 1 1 18
5455.0 9 3 4 1 1 18
5460.0 9 2 5 2 1 19
5465.0 9 3 5 3 2 22
5470.0 7 4 5 3 2 21
5475.0 6 5 4 3 2 20
5480.0 3 4 5 3 1 16
5485.0 4 3 5 2 1 15
5490.0 4 3 5 2 1 15
5495.0 3 3 6 3 1 16
5500.0 3 2 6 3 1 15
5505.0 3 3 4 3 1 14
5510.0 3 3 4 3 1 14
5515.0 2 3 4 3 1 13
5520.0 1 3 5 3 1 13
5525.0 1 4 4 4 1 14
5530.0 1 3 4 4 1 13
5535.0 3 2 3 3 2 13
5540.0 4 2 3 3 2 14
5545.0 3 2 3 3 1 12
5550.0 2 2 3 2 1 10
5555.0 2 2 3 1 1 9
5560.0 3 2 3 1 1 10
5565.0 3 1 3 0 1 8
5570.0 3 2 3 0 1 9
5575.0 2 2 3 0 1 8
5580.0 2 2 3 0 1 8
5585.0 2 1 3 0 1 7
5590.0 1 1 3 0 1 6
5595.0 1 1 3 0 1 6
5600.0 1 2 1 0 1 5
5605.0 1 1 0 0 0 2
5610.0 1 1 0 0 0 2
5615.0 1 1 0 0 0 2
5620.0 1 1 1 0 0 3
5625.0 0 0 0 0 0 0
5630.0 0 0 0 0 0 0
5635.0 0 0 0 0 0 0
5640.0 0 0 0 0 0 0
5645.0 0 0 0 0 0 0
5650.0 0 0 0 0 0 0
5655.0 0 0 0 0 0 0
5660.0 0 0 0 0 0 0
5665.0 0 0 0 0 0 0
5670.0 0 0 0 0 0 0
5675.0 0 0 0 0 0 0
5680.0 0 0 0 0 0 0
5685.0 0 0 0 0 0 0
5690.0 0 0 0 0 0 0
5695.0 0 0 0 0 0 0
5700.0 0 0 0 0 0 0
5705.0 0 0 0 0 0 0
5710.0 0 0 0 0 0 0
5715.0 0 0 0 0 0 0
5720.0 0 0 0 0 0 0
5725.0 0 0 0 0 0 0
5730.0 0 0 0 0 0 0
5735.0 0 0 0 0 0 0
5740.0 0 0 0 0 0 0
5745.0 0 0 0 0 0 0
5750.0 0 0 0 0 0 0
5755.0 0 0 0 0 0 0
5760.0 0 0 0 0 0 0
5765.0 0 0 0 0 0 0
5770.0 0 0 0 0 0 0
5775.0 0 0 0 0 0 0
5780.0 0 0 0 0 0 0
5785.0 0 0 0 0 0 0
5790.0 0 0 0 0 0 0
5795.0 0 0 0 0 0 0
5800.0 0 0 0 0 0 0
5805.0 0 0 0 0 0 0
5810.0 0 0 0 0 0 0
5815.0 0 0 0 0 0 0
5820.0 0 0 0 0 0 0
5825.0 0 0 0 0 0 0
5830.0 0 0 0 0 0 0
5835.0 0 0 0 0 0 0
5840.0 0 0 0 0 0 0
5845.0 0 0 0 0 0 0
5850.0 0 0 0 0 0 0
5855.0 0 0 0 0 0 0
5860.0 0 0 0 0 0 0
5865.0 0 0 0 0 0 0
5870.0 0 0 0 0 0 0
5875.0 0 0 0 0 0 0
5880.0 0 0 0 0 0 0
5885.0 0 0 0 0 0 0
5890.0 0 0 0 0 0 0
5895.0 0 0 0 0 0 0
5900.0 0 0 0 0 0 0
5905.0 0 0 0 0 0 0
5910.0 0 0 0 0 0 0
5915.0 0 0 0 0 0 0
5920.0 0 0 0 0 0 0
5925.0 0 0 0 0 0 0
5930.0 0 0 0 0 0 0
5935.0 0 0 0 0 0 0
5940.0 0 0 0 0 0 0
5945.0 0 0 0 0 0 0
5950.0 0 0 0 0 0 0
5955.0 0 0 0 0 0 0
5960.0 0 0 0 0 0 0
5965.0 0 0 0 0 0 0
5970.0 0 0 0 0 0 0
5975.0 0 0 0 0 0 0
5980.0 0 0 0 0 0 0
5985.0 0 0 0 0 0 0
5990.0 0 0 0 0 0 0
5995.0 0 0 0 0 0 0
6000.0 0 0 0 0 0 0
6005.0 0 0 0 0 0 0
6010.0 0 0 0 0 0 0
6015.0 0 0 0 0 0 0
6020.0 0 0 0 0 0 0
6025.0 0 0 0 0 0 0
6030.0 0 0 0 0 0 0
6035.0 0 0 0 0 0 0
6040.0 0 0 0 0 0 0
6045.0 0 0 0 0 0 0
6050.0 0 0 0 0 0 0
6055.0 0 0 0 0 0 0
6060.0 0 0 0 0 0 0
6065.0 0 0 0 0 0 0
6070.0 0 0 0 0 0 0
6075.0 0 0 0 0 0 0
6080.0 0 0 0 0 0 0
6085.0 0 0 0 0 0 0
6090.0 0 0 0 0 0 0
6095.0 0 0 0 0 0 0
6100.0 0 0 0 0 0 0
6105.0 0 0 0 0 0 0
6110.0 0 0 0 0 0 0
6115.0 0 0 0 0 0 0
6120.0 0 0 0 0 0 0
6125.0 0 0 0 0 0 0
6130.0 0 0 0 0 0 0
6135.0 0 0 0 0 0 0
6140.0 0 0 0 0 0 0
6145.0 0 0 0 0 0 0
6150.0 0 1 0 0 0 1
6155.0 0 1 1 0 0 2
6160.0 0 1 1 0 0 2
6165.0 0 1 1 0 0 2
6170.0 0 1 1 0 0 2
6175.0 0 1 1 0 0 2
6180.0 0 1 1 0 0 2
6185.0 0 1 1 0 0 2
6190.0 0 1 0 0 0 1
6195.0 0 1 1 0 0 2
6200.0 0 1 1 0 0 2
6205.0 1 1 1 0 0 3
6210.0 1 1 1 0 0 3
6215.0 0 1 1 1 0 3
6220.0 0 1 2 1 0 4
6225.0 1 1 2 1 0 5
6230.0 2 1 1 0 0 4
6235.0 2 1 1 0 0 4
6240.0 2 1 0 0 0 3
6245.0 2 2 0 0 0 4
6250.0 2 2 1 0 0 5
6255.0 3 1 2 0 0 6
6260.0 3 1 1 0 0 5
6265.0 2 2 2 0 0 6
6270.0 2 2 2 0 0 6
6275.0 2 2 2 0 0 6
6280.0 2 3 2 1 0 8
6285.0 2 3 2 2 0 9
6290.0 2 4 3 2 0 11
6295.0 2 3 3 3 0 11
6300.0 2 3 3 3 0 11
6305.0 2 2 3 3 1 11
6310.0 1 2 4 3 1 11
6315.0 1 2 5 3 1 12
6320.0 1 3 4 3 1 12
6325.0 3 3 4 2 1 13
6330.0 3 4 3 2 1 13
6335.0 4 5 3 2 1 15
6340.0 4 6 3 4 1 18
6345.0 4 5 3 4 0 16
6350.0 5 2 4 3 0 14
6355.0 4 2 3 2 0 11
6360.0 3 2 4 2 0 11
6365.0 3 1 4 1 0 9
6370.0 3 2 4 1 0 10
6375.0 1 3 4 3 0 11
6380.0 1 3 6 4 0 14
6385.0 1 5 7 3 0 16
6390.0 0 4 7 4 0 15
6395.0 1 4 6 4 0 15
6400.0 1 2 4 4 0 11
6405.0 1 1 4 3 0 9
6410.0 3 1 4 2 0 10
6415.0 3 1 4 3 0 11
6420.0 3 1 4 3 0 11
6425.0 5 2 4 1 0 12
6430.0 8 2 4 1 0 15
6435.0 9 1 2 2 0 14
6440.0 9 1 2 2 0 14
6445.0 10 1 2 2 0 15
6450.0 7 2 3 3 0 15
6455.0 7 2 4 4 0 17
6460.0 5 2 4 4 0 15
6465.0 7 3 4 3 0 17
6470.0 6 3 6 4 0 19
6475.0 5 2 5 3 1 16
6480.0 4 2 5 2 1 14
6485.0 4 3 3 2 2 14
6490.0 3 4 2 4 2 15
6495.0 3 5 2 4 3 17
6500.0 3 4 2 5 3 17
6505.0 3 4 1 4 2 14
6510.0 5 4 1 2 1 13
6515.0 5 3 2 2 1 13
6520.0 6 2 3 2 1 14
6525.0 5 3 3 2 1 14
6530.0 4 3 2 2 1 12
6535.0 4 4 2 2 1 13
6540.0 5 5 2 2 1 15
6545.0 3 6 3 2 1 15
6550.0 3 6 3 1 1 14
6555.0 3 4 4 2 1 14
6560.0 1 3 4 3 1 12
6565.0 3 3 4 3 1 14
6570.0 4 3 4 3 1 15
6575.0 4 3 4 4 1 16
6580.0 2 4 6 3 1 16
6585.0 1 4 6 2 1 14
6590.0 2 4 6 2 1 15
6595.0 2 5 6 4 1 18
6600.0 3 3 7 3 2 18
6605.0 4 2 9 3 4 22
6610.0 4 4 7 3 4 22
6615.0 3 4 7 4 4 22
6620.0 3 4 7 4 4 22
6625.0 2 2 6 4 5 19
6630.0 2 4 7 4 6 23
6635.0 2 5 7 3 6 23
6640.0 2 3 8 3 5 21
6645.0 2 2 7 3 5 19
6650.0 2 2 6 3 5 18
6655.0 2 1 7 3 5 18
6660.0 3 1 7 3 5 19
6665.0 3 1 8 3 6 21
6670.0 3 4 7 2 6 22
6675.0 4 4 7 1 6 22
6680.0 4 4 6 1 6 21
6685.0 4 5 5 1 6 21
6690.0 2 5 7 3 5 22
6695.0 3 5 7 3 3 21
6700.0 3 5 7 3 3 21
6705.0 4 5 5 2 3 19
6710.0 4 6 4 2 3 19
6715.0 4 9 4 1 3 21
6720.0 5 8 3 1 3 20
6725.0 5 7 4 1 4 21
6730.0 4 6 3 2 4 19
6735.0 3 4 3 2 4 16
6740.0 2 4 3 2 4 15
6745.0 2 6 2 2 4 16
6750.0 3 6 2 2 4 17
6755.0 3 6 3 0 4 16
6760.0 4 8 5 0 4 21
6765.0 3 5 6 0 2 16
6770.0 3 5 5 0 2 15
6775.0 2 4 5 0 2 13
6780.0 1 5 4 1 1 12
6785.0 3 4 3 1 1 12
6790.0 3 6 3 1 1 14
6795.0 3 5 3 3 1 15
6800.0 3 3 4 3 1 14
6805.0 0 5 5 4 1 15
6810.0 0 5 5 4 1 15
6815.0 1 3 4 3 1 12
6820.0 2 3 4 3 1 13
6825.0 3 4 5 1 1 14
6830.0 4 2 7 2 1 16
6835.0 4 5 6 2 1 18
6840.0 6 6 4 1 1 18
6845.0 5 7 4 1 1 18
6850.0 5 6 5 0 1 17
6855.0 5 6 3 0 2 16
6860.0 5 5 3 0 2 15
6865.0 5 6 3 1 2 17
6870.0 5 6 3 3 2 19
6875.0 5 8 3 3 2 21
6880.0 5 9 3 3 2 22
6885.0 3 8 3 5 0 19
6890.0 3 7 4 5 0 19
6895.0 2 5 6 5 0 18
6900.0 2 5 5 2 0 14
6905.0 3 6 5 2 0 16
6910.0 2 5 4 2 0 13
6915.0 2 6 3 2 0 13
6920.0 1 5 3 4 0 13
6925.0 3 5 3 4 0 15
6930.0 3 5 3 3 0 14
6935.0 3 5 3 3 0 14
6940.0 3 5 6 3 0 17
6945.0 3 3 6 3 0 15
6950.0 3 4 5 3 0 15
6955.0 4 4 6 4 0 18
6960.0 4 4 6 1 0 15
6965.0 5 4 5 1 0 15
6970.0 5 4 4 1 0 14
6975.0 4 3 5 3 1 16
6980.0 3 3 4 2 1 13
6985.0 4 2 3 2 1 12
6990.0 5 3 2 1 1 12
6995.0 5 3 2 1 2 13
7000.0 4 3 2 1 1 11
7005.0 4 3 2 1 1 11
7010.0 4 2 1 2 1 10
7015.0 3 2 1 2 1 9
7020.0 3 2 2 1 1 9
7025.0 2 2 1 1 0 6
7030.0 2 2 1 1 0 6
7035.0 2 2 1 1 0 6
7040.0 2 2 1 2 0 7
7045.0 1 2 1 2 0 6
7050.0 1 1 1 1 0 4
7055.0 1 0 0 1 0 2
7060.0 1 0 0 1 0 2
7065.0 1 0 1 0 0 2
7070.0 1 0 1 0 0 2
7075.0 1 0 0 0 0 1
7080.0 1 0 0 0 0 1
7085.0 1 0 0 1 0 2
7090.0 0 0 0 1 0 1
7095.0 0 0 0 0 0 0
7100.0 0 0 0 0 0 0
7105.0 0 0 0 0 0 0
7110.0 0 0 0 0 0 0
7115.0 0 0 0 0 0 0
7120.0 0 0 0 0 0 0
7125.0 0 0 0 0 0 0
7130.0 0 0 0 0 0 0
7135.0 0 0 0 0 0 0
7140.0 0 0 0 0 0 0
7145.0 0 0 0 0 0 0
7150.0 0 0 0 0 0 0
7155.0 0 0 0 0 0 0
7160.0 0 0 0 0 0 0
7165.0 0 0 0 0 0 0
7170.0 0 0 0 0 0 0
7175.0 0 0 0 0 0 0
7180.0 0 0 0 0 0 0
7185.0 0 0 0 0 0 0
7190.0 0 0 0 0 0 0
7195.0 0 0 0 0 0 0
7200.0 0 0 0 0 0 0
7205.0 0 0 0 0 0 0
7210.0 0 0 0 0 0 0
7215.0 0 0 0 0 0 0
7220.0 0 0 0 0 0 0
7225.0 0 0 0 0 0 0
7230.0 0 0 0 0 0 0
7235.0 0 0 0 0 0 0
7240.0 0 0 0 0 0 0
7245.0 0 0 0 0 0 0
7250.0 0 0 0 0 0 0
7255.0 0 0 0 0 0 0
7260.0 0 0 0 0 0 0
7265.0 0 0 0 0 0 0
7270.0 0 0 0 0 0 0
7275.0 0 0 0 0 0 0
7280.0 0 0 0 0 0 0
7285.0 0 0 0 0 0 0
7290.0 0 0 0 0 0 0
7295.0 0 0 0 0 0 0
7300.0 0 0 0 0 0 0
7305.0 0 0 0 0 0 0
7310.0 0 0 0 0 0 0
7315.0 0 0 0 0 0 0
7320.0 0 0 0 0 0 0
7325.0 0 0 0 0 0 0
7330.0 0 0 0 0 0 0
7335.0 0 0 0 0 0 0
7340.0 0 0 0 0 0 0
7345.0 0 0 0 0 0 0
7350.0 0 0 0 0 0 0
7355.0 0 0 0 0 0 0
7360.0 0 0 0 0 0 0
7365.0 0 0 0 0 0 0
7370.0 0 0 0 0 0 0
7375.0 0 0 0 0 0 0
7380.0 0 0 0 0 0 0
7385.0 0 0 0 0 0 0
7390.0 0 0 0 0 0 0
7395.0 0 0 0 0 0 0
7400.0 0 0 0 0 0 0
7405.0 0 0 0 0 0 0
7410.0 0 0 0 0 0 0
7415.0 0 0 0 0 0 0
7420.0 0 0 0 0 0 0
7425.0 0 0 0 0 0 0
7430.0 0 0 0 0 0 0
7435.0 0 0 0 0 0 0
7440.0 0 0 0 0 0 0
7445.0 0 0 0 0 0 0
7450.0 0 0 0 0 0 0
7455.0 0 0 0 0 0 0
7460.0 0 0 0 0 0 0
7465.0 0 0 0 0 0 0
7470.0 0 0 0 0 0 0
7475.0 0 0 0 0 0 0
7480.0 0 0 0 0 0 0
7485.0 0 0 0 0 0 0
7490.0 0 0 0 0 0 0
7495.0 0 0 0 0 0 0
7500.0 0 0 0 0 0 0
7505.0 0 0 0 0 0 0
7510.0 0 0 0 0 0 0
7515.0 0 0 0 0 0 0
7520.0 0 0 0 0 0 0
7525.0 0 0 0 0 0 0
7530.0 0 0 0 0 0 0
7535.0 0 0 0 0 0 0
7540.0 0 0 0 0 0 0
7545.0 0 0 0 0 0 0
7550.0 0 0 0 0 0 0
7555.0 0 0 0 0 0 0
7560.0 0 0 0 0 0 0
7565.0 0 0 0 0 0 0
7570.0 0 0 0 0 0 0
7575.0 0 0 0 0 0 0
7580.0 0 0 0 0 0 0
7585.0 0 0 0 0 0 0
7590.0 0 0 0 0 0 0
7595.0 0 0 0 0 0 0
7600.0 1 0 0 0 0 1
7605.0 1 0 0 0 0 1
7610.0 1 0 0 0 0 1
7615.0 1 0 0 0 0 1
7620.0 2 0 0 0 0 2
7625.0 2 0 0 0 0 2
7630.0 1 0 0 1 0 2
7635.0 1 1 0 1 0 3
7640.0 1 2 1 1 0 5
7645.0 1 2 1 1 0 5
7650.0 1 2 1 1 0 5
7655.0 1 1 1 0 0 3
7660.0 1 1 1 0 0 3
7665.0 1 1 1 0 0 3
7670.0 1 1 1 0 0 3
7675.0 0 1 2 1 0 4
7680.0 2 1 2 1 0 6
7685.0 3 2 1 1 0 7
7690.0 3 2 2 1 0 8
7695.0 3 1 3 2 0 9
7700.0 2 1 3 2 0 8
7705.0 1 1 5 1 0 8
7710.0 1 1 5 2 0 9
7715.0 2 1 6 1 0 10
7720.0 3 2 5 1 0 11
7725.0 3 2 5 1 0 11
7730.0 3 2 5 1 0 11
7735.0 3 2 5 1 0 11
7740.0 4 1 6 1 0 12
7745.0 4 1 6 1 1 13
7750.0 4 1 5 0 1 11
7755.0 5 2 3 1 1 12
7760.0 8 4 0 1 1 14
7765.0 6 4 0 3 1 14
7770.0 4 4 1 4 1 14
7775.0 4 4 1 4 1 14
7780.0 4 3 3 4 1 15
7785.0 5 2 3 5 1 16
7790.0 4 2 4 8 1 19
7795.0 4 1 5 8 0 18
7800.0 4 3 6 7 0 20
7805.0 7 3 6 5 0 21
7810.0 7 4 6 3 1 21
7815.0 9 4 5 2 1 21
7820.0 10 3 5 2 1 21
7825.0 6 4 5 4 1 20
7830.0 5 5 7 3 0 20
7835.0 5 5 8 2 0 20
7840.0 5 5 8 2 1 21
7845.0 6 5 8 2 1 22
7850.0 6 5 9 2 1 23
7855.0 6 6 9 2 1 24
7860.0 6 7 7 2 2 24
7865.0 4 6 9 2 2 23
7870.0 5 6 8 2 4 25
7875.0 4 4 7 3 4 22
7880.0 4 4 6 3 4 21
7885.0 3 5 7 4 4 23
7890.0 2 5 7 4 4 22
7895.0 2 6 4 4 4 20
7900.0 2 6 4 5 3 20
7905.0 2 6 5 5 3 21
7910.0 3 6 4 5 3 21
7915.0 3 4 3 5 3 18
7920.0 5 3 3 3 3 17
7925.0 5 4 3 3 3 18
7930.0 5 5 4 3 4 21
7935.0 5 4 4 3 5 21
7940.0 2 4 5 4 5 20
7945.0 2 5 6 3 5 21
7950.0 3 5 5 3 4 20
7955.0 3 5 5 3 4 20
7960.0 2 4 6 4 3 19
7965.0 1 3 4 4 3 15
7970.0 1 2 3 2 3 11
7975.0 2 3 3 1 3 12
7980.0 2 4 3 1 1 11
7985.0 3 4 4 1 1 13
7990.0 4 4 7 1 1 17
7995.0 4 3 7 1 1 16
8000.0 4 3 8 2 1 18
8005.0 3 3 9 1 1 17
8010.0 2 4 9 2 1 18
8015.0 2 3 9 2 1 17
8020.0 2 4 5 2 1 14
8025.0 2 4 5 0 1 12
8030.0 2 3 6 1 0 12
8035.0 2 4 5 1 0 12
8040.0 3 6 6 1 0 16
8045.0 6 6 6 0 0 18
8050.0 8 5 6 1 0 20
8055.0 6 4 7 1 0 18
8060.0 7 4 7 1 0 19
8065.0 5 4 6 3 0 18
8070.0 4 6 6 3 0 19
8075.0 6 5 6 3 1 21
8080.0 5 3 7 2 1 18
8085.0 4 4 8 2 1 19
8090.0 4 4 8 2 1 19
8095.0 5 4 8 2 2 21
8100.0 6 4 8 2 2 22
8105.0 5 4 7 2 2 20
8110.0 4 4 8 2 3 21
8115.0 7 3 9 2 3 24
8120.0 7 5 9 2 4 27
8125.0 8 5 9 2 4 28
8130.0 10 4 10 1 4 29
8135.0 10 5 10 1 3 29
8140.0 10 4 7 1 1 23
8145.0 9 7 6 2 1 25
8150.0 6 8 7 2 2 25
8155.0 5 8 7 2 3 25
8160.0 5 8 6 2 3 24
8165.0 5 8 5 2 3 23
8170.0 6 8 5 4 2 25
8175.0 5 5 5 5 1 21
8180.0 6 3 4 6 0 19
8185.0 5 3 4 6 0 18
8190.0 5 4 5 6 1 21
8195.0 1 6 4 6 1 18
8200.0 1 6 4 7 1 19
8205.0 1 5 5 7 1 19
8210.0 1 6 4 7 1 19
8215.0 1 8 5 5 1 20
8220.0 3 7 6 3 1 20
8225.0 4 4 8 2 1 19
8230.0 4 5 8 1 0 18
8235.0 4 6 8 0 0 18
8240.0 4 3 9 0 0 16
8245.0 4 3 9 0 0 16
8250.0 6 3 10 0 0 19
8255.0 7 1 11 1 0 20
8260.0 6 0 9 1 0 16
8265.0 4 0 9 2 0 15
8270.0 3 0 10 2 1 16
8275.0 2 2 9 2 2 17
8280.0 2 3 8 0 2 15
8285.0 4 4 7 0 2 17
8290.0 6 4 7 0 1 18
8295.0 8 5 5 0 1 19
8300.0 7 5 5 0 1 18
8305.0 8 4 6 0 1 19
8310.0 8 4 5 0 1 18
8315.0 9 1 4 0 1 15
8320.0 8 4 3 1 2 18
8325.0 8 3 2 2 2 17
8330.0 9 3 2 3 2 19
8335.0 6 3 2 4 3 18
8340.0 6 3 2 4 3 18
8345.0 7 3 2 4 4 20
8350.0 6 3 1 3 4 17
8355.0 4 3 1 4 4 16
8360.0 5 4 3 3 4 19
8365.0 4 3 3 5 4 19
8370.0 3 4 2 5 2 16
8375.0 3 5 3 4 2 17
8380.0 2 5 3 5 2 17
8385.0 2 2 4 5 2 15
8390.0 2 3 5 5 1 16
8395.0 3 2 5 3 1 14
8400.0 3 2 5 2 1 13
8405.0 4 2 5 3 1 15
8410.0 3 2 4 3 1 13
8415.0 4 2 4 3 1 14
8420.0 4 2 4 4 1 15
8425.0 2 3 5 4 2 16
8430.0 3 2 4 4 2 15
8435.0 2 1 4 3 2 12
8440.0 2 1 4 2 2 11
8445.0 1 1 4 2 2 10
8450.0 1 2 3 2 2 10
8455.0 1 2 3 2 2 10
8460.0 0 1 3 3 2 9
8465.0 0 1 3 3 2 9
8470.0 0 1 1 5 2 9
8475.0 1 1 0 5 2 9
8480.0 1 0 0 5 2 8
8485.0 1 0 0 5 1 7
8490.0 1 0 0 5 1 7
8495.0 0 0 1 4 1 6
8500.0 0 0 1 4 1 6
8505.0 0 0 1 3 1 5
8510.0 0 1 0 3 1 5
8515.0 0 1 0 3 1 5
8520.0 1 1 0 1 1 4
8525.0 0 1 0 1 1 3
8530.0 0 1 0 1 0 2
8535.0 0 1 0 1 0 2
8540.0 0 1 0 1 0 2
8545.0 0 0 0 0 0 0
8550.0 0 0 0 0 0 0
8555.0 0 0 0 0 0 0
8560.0 0 0 0 0 0 0
8565.0 0 0 0 0 0 0
8570.0 0 0 0 0 0 0
8575.0 0 0 0 0 0 0
8580.0 0 0 0 0 0 0
8585.0 0 0 0 0 0 0
8590.0 0 0 0 0 0 0
8595.0 0 0 0 0 0 0
8600.0 0 0 0 0 0 0
8605.0 0 0 0 0 0 0
8610.0 0 0 0 0 0 0
8615.0 0 0 0 0 0 0
8620.0 0 0 0 0 0 0
8625.0 0 0 0 0 0 0
8630.0 0 0 0 0 0 0
8635.0 0 0 0 0 0 0
8640.0 0 0 0 0 0 0
8645.0 0 0 0 0 0 0
8650.0 0 0 0 0 0 0
8655.0 0 0 0 0 0 0
8660.0 0 0 0 0 0 0
8665.0 0 0 0 0 0 0
8670.0 0 0 0 0 0 0
8675.0 0 0 0 0 0 0
8680.0 0 0 0 0 0 0
8685.0 0 0 0 0 0 0
8690.0 0 0 0 0 0 0
8695.0 0 0 0 0 0 0
8700.0 0 0 0 0 0 0
8705.0 0 0 0 0 0 0
8710.0 0 0 0 0 0 0
8715.0 0 0 0 0 0 0
8720.0 0 0 0 0 0 0
8725.0 0 0 0 0 0 0
8730.0 0 0 0 0 0 0
8735.0 0 0 0 0 0 0
8740.0 0 0 0 0 0 0
8745.0 0 0 0 0 0 0
8750.0 0 0 0 0 0 0
8755.0 0 0 0 0 0 0
8760.0 0 0 0 0 0 0
8765.0 0 0 0 0 0 0
8770.0 0 0 0 0 0 0
8775.0 0 0 0 0 0 0
8780.0 0 0 0 0 0 0
8785.0 0 0 0 0 0 0
8790.0 0 0 0 0 0 0
8795.0 0 0 0 0 0 0
8800.0 0 0 0 0 0 0
8805.0 0 0 0 0 0 0
8810.0 0 0 0 0 0 0
8815.0 0 0 0 0 0 0
8820.0 0 0 0 0 0 0
8825.0 0 0 0 0 0 0
8830.0 0 0 0 0 0 0
8835.0 0 0 0 0 0 0
8840.0 0 0 0 0 0 0
8845.0 0 0 0 0 0 0
8850.0 0 0 0 0 0 0
8855.0 0 0 0 0 0 0
8860.0 0 0 0 0 0 0
8865.0 0 0 0 0 0 0
8870.0 0 0 0 0 0 0
8875.0 0 0 0 0 0 0
8880.0 0 0 0 0 0 0
8885.0 0 0 0 0 0 0
8890.0 0 0 0 0 0 0
8895.0 0 0 0 0 0 0
8900.0 0 0 0 0 0 0
8905.0 0 0 0 0 0 0
8910.0 0 0 0 0 0 0
8915.0 0 0 0 0 0 0
8920.0 0 0 0 0 0 0
8925.0 0 0 0 0 0 0
8930.0 0 0 0 0 0 0
8935.0 0 0 0 0 0 0
8940.0 0 0 0 0 0 0
8945.0 0 0 0 0 0 0
8950.0 0 0 0 0 0 0
8955.0 0 0 0 0 0 0
8960.0 0 0 0 0 0 0
8965.0 0 0 0 0 0 0
8970.0 0 0 0 0 0 0
8975.0 0 0 0 0 0 0
8980.0 0 0 0 0 0 0
8985.0 0 0 0 0 0 0
8990.0 0 0 0 0 0 0
8995.0 0 0 0 0 0 0
9000.0 0 0 0 0 0 0
9005.0 0 0 0 0 0 0
9010.0 0 0 0 0 0 0
9015.0 0 0 0 0 0 0
9020.0 0 0 0 0 0 0
9025.0 0 0 0 0 0 0
9030.0 0 0 0 0 0 0
9035.0 0 0 0 0 0 0
9040.0 0 0 0 0 0 0
9045.0 0 1 1 1 0 3
9050.0 0 1 1 1 0 3
9055.0 1 1 1 1 0 4
9060.0 1 1 1 1 0 4
9065.0 0 1 1 2 0 4
9070.0 0 1 1 2 0 4
9075.0 0 1 1 2 0 4
9080.0 0 1 1 1 1 4
9085.0 0 1 1 1 1 4
9090.0 0 0 1 1 1 3
9095.0 0 0 1 1 1 3
9100.0 0 0 1 1 1 3
9105.0 0 0 1 1 1 3
9110.0 0 0 1 1 3 5
9115.0 0 0 1 1 3 5
9120.0 1 0 0 1 3 5
9125.0 2 0 0 1 3 6
9130.0 2 0 0 1 3 6
9135.0 3 0 1 3 3 10
9140.0 4 0 1 3 3 11
9145.0 2 0 2 3 3 10
9150.0 1 1 2 2 3 9
9155.0 0 1 2 2 3 8
9160.0 0 1 2 2 3 8
9165.0 0 1 1 2 3 7
9170.0 0 1 1 2 3 7
9175.0 0 2 4 2 3 11
9180.0 1 2 3 2 2 10
9185.0 1 4 3 2 2 12
9190.0 1 5 2 2 2 12
9195.0 2 5 3 2 3 15
9200.0 3 4 3 2 2 14
9205.0 3 5 4 2 2 16
9210.0 3 5 3 2 2 15
9215.0 3 5 4 2 2 16
9220.0 2 7 4 2 2 17
9225.0 3 6 6 2 3 20
9230.0 2 7 7 1 4 21
9235.0 3 7 8 0 5 23
9240.0 2 6 9 1 5 23
9245.0 2 5 9 1 5 22
9250.0 3 5 6 2 5 21
9255.0 3 5 5 2 5 20
9260.0 3 5 5 2 5 20
9265.0 2 5 6 2 5 20
9270.0 2 4 6 1 4 17
9275.0 2 5 5 1 3 16
9280.0 2 6 5 1 3 17
9285.0 3 6 5 1 3 18
9290.0 3 5 6 1 3 18
9295.0 3 5 9 1 3 21
9300.0 3 6 8 1 3 21
9305.0 2 6 6 1 3 18
9310.0 1 7 5 1 3 17
9315.0 2 6 4 1 3 16
9320.0 3 6 5 1 3 18
9325.0 3 7 5 1 3 19
9330.0 2 7 5 1 2 17
9335.0 2 7 7 0 2 18
9340.0 3 6 9 0 1 19
9345.0 3 7 9 0 1 20
9350.0 4 6 7 0 1 18
9355.0 4 7 7 0 1 19
9360.0 1 8 7 2 1 19
9365.0 1 7 6 2 1 17
9370.0 3 6 7 1 1 18
9375.0 4 6 6 1 2 19
9380.0 5 5 7 0 2 19
9385.0 5 4 8 0 2 19
9390.0 4 4 9 0 2 19
9395.0 3 2 10 0 1 16
9400.0 3 2 9 0 1 15
9405.0 3 1 8 0 1 13
9410.0 4 1 7 1 1 14
9415.0 4 2 7 1 1 15
9420.0 3 2 8 1 2 16
9425.0 3 2 6 0 2 13
9430.0 2 2 5 0 2 11
9435.0 3 2 4 0 2 11
9440.0 2 3 3 2 1 11
9445.0 3 5 3 2 2 15
9450.0 2 5 3 2 2 14
9455.0 2 5 5 1 2 15
9460.0 2 4 5 1 2 14
9465.0 3 3 6 2 3 17
9470.0 3 3 5 2 4 17
9475.0 2 3 7 2 4 18
9480.0 2 4 7 2 4 19
9485.0 4 3 5 3 4 19
9490.0 5 2 2 3 2 14
9495.0 5 2 2 3 2 14
9500.0 5 3 2 4 1 15
9505.0 5 3 3 4 1 16
9510.0 4 3 2 5 1 15
9515.0 4 3 2 4 2 15
9520.0 4 4 3 5 2 18
9525.0 5 3 3 5 2 18
9530.0 5 4 3 6 2 20
9535.0 6 4 3 5 2 20
9540.0 5 4 2 6 2 19
9545.0 7 3 2 6 2 20
9550.0 7 3 2 6 2 20
9555.0 6 3 2 6 2 19
9560.0 4 4 4 5 2 19
9565.0 2 3 3 5 3 16
9570.0 2 4 3 3 3 15
9575.0 3 4 3 3 3 16
9580.0 2 5 4 3 4 18
9585.0 2 6 4 3 4 19
9590.0 2 3 4 3 5 17
9595.0 3 3 4 3 5 18
9600.0 3 3 4 3 5 18
9605.0 3 3 4 5 5 20
9610.0 2 3 5 5 5 20
9615.0 2 3 5 4 5 19
9620.0 1 3 5 3 5 17
9625.0 1 6 2 3 5 17
9630.0 1 5 3 3 5 17
9635.0 1 6 3 3 5 18
9640.0 1 6 2 3 6 18
9645.0 1 5 2 3 6 17
9650.0 2 6 2 3 7 20
9655.0 2 6 4 2 7 21
9660.0 3 7 4 3 6 23
9665.0 2 7 4 4 6 23
9670.0 2 6 6 5 6 25
9675.0 3 4 6 5 6 24
9680.0 3 5 6 3 6 23
9685.0 3 4 7 1 6 21
9690.0 4 3 6 0 6 19
9695.0 5 3 7 0 6 21
9700.0 6 2 8 0 6 22
9705.0 6 2 8 0 6 22
9710.0 6 1 8 0 6 21
9715.0 7 2 6 0 6 21
9720.0 7 3 7 0 4 21
9725.0 8 3 7 0 4 22
9730.0 7 3 8 1 3 22
9735.0 8 3 10 2 3 26
9740.0 9 3 9 2 3 26
9745.0 7 3 8 4 3 25
9750.0 5 3 6 4 5 23
9755.0 5 5 5 4 5 24
9760.0 3 6 4 3 6 22
9765.0 2 6 4 3 5 20
9770.0 2 5 2 2 5 16
9775.0 2 5 2 1 5 15
9780.0 2 5 4 3 4 18
9785.0 2 7 4 3 3 19
9790.0 2 5 5 3 3 18
9795.0 1 4 4 5 3 17
9800.0 1 4 5 4 3 17
9805.0 2 6 5 3 2 18
9810.0 1 5 7 3 1 17
9815.0 1 5 6 2 1 15
9820.0 0 3 7 3 1 14
9825.0 0 2 7 4 1 14
9830.0 1 2 6 3 1 13
9835.0 1 3 6 2 1 13
9840.0 2 3 6 2 2 15
9845.0 2 3 5 2 2 14
9850.0 3 3 4 2 2 14
9855.0 4 2 5 2 2 15
9860.0 4 3 4 2 2 15
9865.0 4 3 3 2 3 15
9870.0 2 3 2 2 2 11
9875.0 2 1 1 2 3 9
9880.0 2 1 1 2 3 9
9885.0 3 1 1 2 3 10
9890.0 3 1 2 2 1 9
9895.0 4 2 2 0 1 9
9900.0 4 0 2 0 1 7
9905.0 4 1 2 0 1 8
9910.0 2 1 2 0 1 6
9915.0 2 0 2 0 1 5
9920.0 1 0 4 0 1 6
9925.0 1 0 3 1 1 6
9930.0 1 0 3 1 1 6
9935.0 1 0 2 1 1 5
9940.0 1 0 2 1 1 5
9945.0 1 0 2 1 1 5
9950.0 1 0 2 0 1 4
9955.0 1 0 2 0 1 4
9960.0 0 0 1 0 1 2
9965.0 0 0 1 0 1 2
9970.0 0 0 0 0 2 2
9975.0 0 0 0 0 2 2
9980.0 0 0 0 0 2 2
9985.0 0 0 0 0 2 2
9990.0 0 0 0 0 1 1
9995.0 0 0 0 0 1 1
10000.0 0 0 0 0 1 1
10005.0 0 0 0 0 1 1
10010.0 0 0 0 0 1 1
10015.0 0 0 0 0 1 1
10020.0 0 0 0 0 1 1
10025.0 0 0 0 0 1 1
10030.0 0 0 0 0 1 1
10035.0 0 0 0 0 1 1
10040.0 0 0 0 0 1 1
10045.0 0 0 0 0 1 1
10050.0 0 0 0 0 1 1
10055.0 0 0 0 0 1 1
10060.0 0 0 0 0 1 1
10065.0 0 0 0 0 0 0
10070.0 0 0 0 0 0 0
10075.0 0 0 0 0 0 0
10080.0 0 0 0 0 0 0
10085.0 0 0 0 0 0 0
10090.0 0 0 0 0 0 0
10095.0 0 0 0 0 0 0
10100.0 0 0 0 0 0 0
10105.0 0 0 0 0 0 0
10110.0 0 0 0 0 0 0
10115.0 0 0 0 0 0 0
10120.0 0 0 0 0 0 0
10125.0 0 0 0 0 0 0
10130.0 0 0 0 0 0 0
10135.0 0 0 0 0 0 0
10140.0 0 0 0 0 0 0
10145.0 0 0 0 0 0 0
10150.0 0 0 0 0 0 0
10155.0 0 0 0 0 0 0
10160.0 0 0 0 0 0 0
10165.0 0 0 0 0 0 0
10170.0 0 0 0 0 0 0
10175.0 0 0 0 0 0 0
10180.0 0 0 0 0 0 0
10185.0 0 0 0 0 0 0
10190.0 0 0 0 0 0 0
10195.0 0 0 0 0 0 0
10200.0 0 0 0 0 0 0
10205.0 0 0 0 0 0 0
10210.0 0 0 0 0 0 0
10215.0 0 0 0 0 0 0
10220.0 0 0 0 0 0 0
10225.0 0 0 0 0 0 0
10230.0 0 0 0 0 0 0
10235.0 0 0 0 0 0 0
10240.0 0 0 0 0 0 0
10245.0 0 0 0 0 0 0
10250.0 0 0 0 0 0 0
10255.0 0 0 0 0 0 0
10260.0 0 0 0 0 0 0
10265.0 0 0 0 0 0 0
10270.0 0 0 0 0 0 0
10275.0 0 0 0 0 0 0
10280.0 0 0 0 0 0 0
10285.0 0 0 0 0 0 0
10290.0 0 0 0 0 0 0
10295.0 0 0 0 0 0 0
10300.0 0 0 0 0 0 0
10305.0 0 0 0 0 0 0
10310.0 0 0 0 0 0 0
10315.0 0 0 0 0 0 0
10320.0 0 0 0 0 0 0
10325.0 0 0 0 0 0 0
10330.0 0 0 0 0 0 0
10335.0 0 0 0 0 0 0
10340.0 0 0 0 0 0 0
10345.0 0 0 0 0 0 0
10350.0 0 0 0 0 0 0
10355.0 0 0 0 0 0 0
10360.0 0 0 0 0 0 0
10365.0 0 0 0 0 0 0
10370.0 0 0 0 0 0 0
10375.0 0 0 0 0 0 0
10380.0 0 0 0 0 0 0
10385.0 0 0 0 0 0 0
10390.0 0 0 0 0 0 0
10395.0 0 0 0 0 0 0
10400.0 0 0 1 0 0 1
10405.0 0 0 1 0 0 1
10410.0 0 0 1 0 0 1
10415.0 0 0 1 0 0 1
10420.0 0 0 1 0 0 1
10425.0 0 0 1 0 0 1
10430.0 0 0 1 0 0 1
10435.0 0 0 1 0 0 1
10440.0 0 0 1 0 0 1
10445.0 0 0 1 0 0 1
10450.0 0 0 1 0 0 1
10455.0 0 0 1 0 0 1
10460.0 0 1 1 0 0 2
10465.0 0 1 1 0 0 2
10470.0 0 1 1 0 0 2
10475.0 0 1 1 0 1 3
10480.0 0 1 1 0 1 3
10485.0 0 1 1 0 1 3
10490.0 0 1 1 0 1 3
10495.0 1 0 1 1 1 4
10500.0 1 0 1 1 1 4
10505.0 1 0 1 1 1 4
10510.0 1 0 1 1 1 4
10515.0 1 0 1 0 1 3
10520.0 2 0 1 0 1 4
10525.0 1 0 1 0 1 3
10530.0 1 0 1 0 1 3
10535.0 1 0 1 0 1 3
10540.0 1 1 1 0 1 4
10545.0 1 1 1 0 1 4
10550.0 1 0 2 0 1 4
10555.0 1 1 2 0 1 5
10560.0 1 1 2 0 1 5
10565.0 1 2 2 0 1 6
10570.0 1 2 2 0 1 6
10575.0 2 3 1 0 1 7
10580.0 2 2 4 1 0 9
10585.0 3 3 3 1 0 10
10590.0 4 3 3 1 0 11
10595.0 4 2 4 0 0 10
10600.0 4 2 4 1 0 11
10605.0 4 1 4 1 0 10
10610.0 3 1 4 1 0 9
10615.0 3 1 4 2 0 10
10620.0 3 1 3 2 0 9
10625.0 3 2 2 2 0 9
10630.0 2 3 2 3 0 10
10635.0 4 3 3 2 0 12
10640.0 6 3 3 2 0 14
10645.0 6 3 5 2 0 16
10650.0 4 3 5 2 1 15
10655.0 3 2 5 2 2 14
10660.0 4 2 6 2 2 16
10665.0 3 3 5 2 2 15
10670.0 3 4 4 2 2 15
10675.0 3 4 2 2 2 13
10680.0 3 6 2 2 2 15
10685.0 4 6 3 2 2 17
10690.0 3 6 2 2 1 14
10695.0 4 6 2 2 1 15
10700.0 3 7 2 2 1 15
10705.0 3 8 2 2 1 16
10710.0 2 7 2 3 1 15
10715.0 2 7 3 3 2 17
10720.0 3 8 3 3 2 19
10725.0 3 9 4 2 2 20
10730.0 4 10 4 1 2 21
10735.0 4 11 4 1 1 21
10740.0 3 11 2 1 1 18
10745.0 3 10 3 2 1 19
10750.0 2 10 3 3 1 19
10755.0 3 10 4 3 1 21
10760.0 3 9 5 2 1 20
10765.0 3 8 7 2 0 20
10770.0 3 7 7 1 1 19
10775.0 2 4 8 2 1 17
10780.0 3 5 5 2 1 16
10785.0 5 8 4 2 1 20
10790.0 6 7 4 1 0 18
10795.0 6 6 5 1 0 18
10800.0 6 6 5 1 0 18
10805.0 5 5 6 1 0 17
10810.0 5 4 4 1 1 15
10815.0 5 4 4 0 1 14
10820.0 5 2 4 1 1 13
10825.0 6 2 5 1 1 15
10830.0 4 2 4 1 1 12
10835.0 3 3 4 1 1 12
10840.0 3 3 4 1 2 13
10845.0 3 1 4 1 1 10
10850.0 0 2 4 3 2 11
10855.0 1 2 3 4 3 13
10860.0 2 2 4 4 3 15
10865.0 3 2 7 4 3 19
10870.0 2 3 7 4 2 18
10875.0 2 3 6 4 2 17
10880.0 3 4 5 3 2 17
10885.0 5 4 4 2 2 17
10890.0 5 4 5 2 2 18
10895.0 7 3 6 1 1 18
10900.0 5 1 8 2 1 17
10905.0 5 1 9 3 1 19
10910.0 7 1 11 3 1 23
10915.0 7 2 9 3 1 22
10920.0 6 3 8 3 1 21
10925.0 6 4 7 3 1 21
10930.0 7 5 8 3 1 24
10935.0 5 8 4 1 1 19
10940.0 2 8 5 2 1 18
10945.0 1 9 4 3 1 18
10950.0 1 10 5 2 1 19
10955.0 2 10 5 2 1 20
10960.0 0 9 5 3 1 18
10965.0 0 8 5 3 1 17
10970.0 0 7 6 3 1 17
10975.0 1 6 6 3 1 17
10980.0 1 5 5 4 1 16
10985.0 1 5 5 4 1 16
10990.0 1 4 3 4 1 13
10995.0 1 5 3 4 0 13
11000.0 2 4 4 3 0 13
11005.0 3 4 4 4 0 15
11010.0 3 4 3 3 0 13
11015.0 3 5 3 4 1 16
11020.0 4 6 3 3 2 18
11025.0 5 6 4 3 2 20
11030.0 7 7 4 3 2 23
11035.0 6 9 4 4 2 25
11040.0 6 8 3 4 2 23
11045.0 5 8 4 4 2 23
11050.0 5 10 6 3 2 26
11055.0 5 11 5 2 2 25
11060.0 6 9 6 2 2 25
11065.0 6 8 6 2 2 24
11070.0 6 8 7 3 2 26
11075.0 3 8 6 4 2 23
11080.0 3 9 5 4 2 23
11085.0 4 10 5 3 2 24
11090.0 5 11 5 3 2 26
11095.0 7 9 6 2 2 26
11100.0 8 9 7 2 2 28
11105.0 6 9 8 3 3 29
11110.0 9 8 7 2 3 29
11115.0 8 8 5 2 3 26
11120.0 8 10 4 2 2 26
11125.0 8 9 4 1 2 24
11130.0 9 9 4 1 2 25
11135.0 9 6 4 1 2 22
11140.0 8 5 4 2 2 21
11145.0 6 6 5 2 2 21
11150.0 5 4 6 3 2 20
11155.0 5 3 7 3 2 20
11160.0 3 1 7 4 2 17
11165.0 1 1 8 4 3 17
11170.0 3 1 8 3 3 18
11175.0 3 1 8 3 3 18
11180.0 4 0 9 3 3 19
11185.0 4 1 8 3 4 20
11190.0 5 1 8 3 4 21
11195.0 5 3 7 3 5 23
11200.0 4 4 6 1 5 20
11205.0 5 4 6 1 3 19
11210.0 7 3 5 1 3 19
11215.0 6 3 5 3 4 21
11220.0 6 4 6 3 4 23
11225.0 7 3 5 2 5 22
11230.0 7 3 5 3 6 24
11235.0 6 3 6 3 6 24
11240.0 6 2 8 1 5 22
11245.0 5 2 10 1 3 21
11250.0 4 2 7 1 4 18
11255.0 4 2 7 1 4 18
11260.0 4 4 4 1 4 17
11265.0 5 3 3 2 3 16
11270.0 4 3 4 1 3 15
11275.0 3 2 5 1 1 12
11280.0 5 4 4 1 1 15
11285.0 5 5 4 0 1 15
11290.0 4 4 3 0 1 12
11295.0 3 3 2 0 1 9
11300.0 3 3 3 0 1 10
11305.0 2 2 4 0 0 8
11310.0 2 2 4 0 0 8
11315.0 1 1 3 0 0 5
11320.0 1 1 2 0 0 4
11325.0 0 1 2 0 0 3
11330.0 0 1 2 0 0 3
11335.0 0 1 2 0 0 3
11340.0 0 2 1 0 0 3
11345.0 0 2 1 0 0 3
11350.0 0 2 2 0 0 4
11355.0 0 1 1 0 0 2
11360.0 0 0 1 0 0 1
11365.0 0 1 1 0 0 2
11370.0 0 1 1 0 0 2
11375.0 0 0 1 0 0 1
11380.0 0 0 1 0 0 1
11385.0 0 0 1 0 0 1
11390.0 0 0 2 0 0 2
11395.0 0 0 2 0 0 2
11400.0 0 0 2 0 0 2
11405.0 0 0 2 0 0 2
11410.0 0 0 2 0 0 2
11415.0 0 0 2 0 0 2
11420.0 0 0 2 0 0 2
11425.0 0 0 2 0 0 2
11430.0 0 0 2 0 0 2
11435.0 0 0 0 0 0 0
11440.0 0 0 0 0 0 0
11445.0 0 0 0 0 0 0
11450.0 0 0 0 0 0 0
11455.0 0 0 1 0 0 1
11460.0 0 0 1 0 0 1
11465.0 0 0 0 0 0 0
11470.0 0 0 0 0 0 0
11475.0 0 0 0 0 0 0
11480.0 0 0 0 0 0 0
11485.0 0 0 0 0 0 0
11490.0 0 0 0 0 0 0
11495.0 0 0 0 0 0 0
11500.0 0 0 0 0 0 0
11505.0 0 0 0 0 0 0
11510.0 0 0 0 0 0 0
11515.0 0 0 0 0 0 0
11520.0 0 0 0 0 0 0
11525.0 0 0 0 0 0 0
11530.0 0 0 0 0 0 0
11535.0 0 0 0 0 0 0
11540.0 0 0 0 0 0 0
11545.0 0 0 0 0 0 0
11550.0 0 0 0 0 0 0
11555.0 0 0 0 0 0 0
11560.0 0 0 0 0 0 0
11565.0 0 0 0 0 0 0
11570.0 0 0 0 0 0 0
11575.0 0 0 0 0 0 0
11580.0 0 0 0 0 0 0
11585.0 0 0 0 0 0 0
11590.0 0 0 0 0 0 0
11595.0 0 0 0 0 0 0
11600.0 0 0 0 0 0 0
11605.0 0 0 0 0 0 0
11610.0 0 0 0 0 0 0
11615.0 0 0 0 0 0 0
11620.0 0 0 0 0 0 0
11625.0 0 0 0 0 0 0
11630.0 0 0 0 0 0 0
11635.0 0 0 0 0 0 0
11640.0 0 0 0 0 0 0
11645.0 0 0 0 0 0 0
11650.0 0 0 0 0 0 0
11655.0 0 0 0 0 0 0
11660.0 0 0 0 0 0 0
11665.0 0 0 0 0 0 0
11670.0 0 0 0 0 0 0
11675.0 0 0 0 0 0 0
11680.0 0 0 0 0 0 0
11685.0 0 0 0 0 0 0
11690.0 0 0 0 0 0 0
11695.0 0 0 0 0 0 0
11700.0 0 0 0 0 0 0
11705.0 0 0 0 0 0 0
11710.0 0 0 0 0 0 0
11715.0 0 0 0 0 0 0
11720.0 0 0 0 0 0 0
11725.0 0 0 0 0 0 0
11730.0 0 0 0 0 0 0
11735.0 0 0 0 0 0 0
11740.0 0 0 0 0 0 0
11745.0 0 0 0 0 0 0
11750.0 0 0 0 0 0 0
11755.0 0 0 0 0 0 0
11760.0 0 0 0 0 0 0
11765.0 0 0 0 0 0 0
11770.0 0 0 0 0 0 0
11775.0 0 0 0 0 0 0
11780.0 0 0 0 0 0 0
11785.0 0 0 0 0 0 0
11790.0 0 0 0 0 0 0
11795.0 0 0 0 0 0 0
11800.0 0 0 0 0 0 0
11805.0 0 0 0 0 0 0
11810.0 0 0 0 0 0 0
11815.0 0 0 0 0 0 0
11820.0 0 0 0 0 0 0
11825.0 0 0 0 0 0 0
11830.0 0 1 0 0 0 1
11835.0 1 1 0 0 0 2
11840.0 1 1 0 0 0 2
11845.0 1 1 0 0 0 2
11850.0 1 0 1 0 0 2
11855.0 1 0 1 0 0 2
11860.0 1 1 1 0 0 3
11865.0 1 1 1 0 0 3
11870.0 1 1 1 0 0 3
11875.0 0 1 1 1 0 3
11880.0 0 1 1 1 0 3
11885.0 0 1 1 1 0 3
11890.0 0 0 2 1 0 3
11895.0 0 0 2 1 0 3
11900.0 1 0 2 1 0 4
11905.0 1 0 2 1 0 4
11910.0 1 0 2 1 0 4
11915.0 1 0 2 1 0 4
11920.0 1 0 1 1 0 3
11925.0 1 0 2 0 0 3
11930.0 1 0 2 0 0 3
11935.0 1 1 1 0 0 3
11940.0 0 1 1 1 0 3
11945.0 0 1 1 1 0 3
11950.0 0 2 1 1 0 4
11955.0 0 2 1 0 0 3
11960.0 0 2 1 0 0 3
11965.0 0 1 3 0 0 4
11970.0 0 1 4 0 0 5
11975.0 1 1 4 0 0 6
11980.0 1 1 4 0 0 6
11985.0 2 1 4 0 0 7
11990.0 2 2 4 0 0 8
11995.0 2 2 2 0 0 6
12000.0 1 1 2 0 0 4
12005.0 1 1 2 0 0 4
12010.0 1 1 2 0 0 4
12015.0 2 1 2 0 1 6
12020.0 3 1 2 0 1 7
12025.0 3 2 3 0 2 10
12030.0 2 2 3 0 2 9
12035.0 1 2 3 0 2 8
12040.0 1 2 3 0 3 9
12045.0 1 2 2 0 3 8
12050.0 1 4 2 0 3 10
12055.0 2 4 2 0 2 10
12060.0 2 5 3 0 2 12
12065.0 3 4 4 0 2 13
12070.0 2 4 5 1 2 14
12075.0 2 3 5 2 2 14
12080.0 2 4 5 2 2 15
12085.0 2 5 5 2 2 16
12090.0 2 4 6 3 3 18
12095.0 2 3 7 3 3 18
12100.0 3 3 6 3 3 18
12105.0 3 3 7 4 3 20
12110.0 2 2 8 4 3 19
12115.0 1 2 7 5 3 18
12120.0 0 1 10 5 5 21
12125.0 1 2 8 4 4 19
12130.0 3 3 8 3 3 20
12135.0 4 3 10 5 3 25
12140.0 5 4 10 5 3 27
12145.0 4 4 9 5 3 25
12150.0 4 4 9 4 3 24
12155.0 3 3 10 4 3 23
12160.0 4 4 10 5 2 25
12165.0 5 5 12 4 2 28
12170.0 6 5 11 3 3 28
12175.0 6 4 11 3 3 27
12180.0 7 3 8 3 3 24
12185.0 5 3 9 6 2 25
12190.0 4 4 8 6 2 24
12195.0 3 4 6 6 2 21
12200.0 4 3 7 6 2 22
12205.0 5 3 7 6 3 24
12210.0 5 3 6 5 2 21
12215.0 6 4 7 4 2 23
12220.0 4 4 7 4 2 21
12225.0 2 2 6 5 2 17
12230.0 3 2 5 5 2 17
12235.0 4 2 5 5 1 17
12240.0 4 2 3 6 0 15
12245.0 2 2 4 6 0 14
12250.0 3 1 5 4 1 14
12255.0 2 1 7 2 1 13
12260.0 1 1 8 2 0 12
12265.0 1 2 9 3 0 15
12270.0 2 2 7 3 0 14
12275.0 3 1 6 4 0 14
12280.0 2 1 5 4 0 12
12285.0 3 1 4 4 0 12
12290.0 4 3 3 2 0 12
12295.0 5 2 4 2 0 13
12300.0 5 2 3 3 0 13
12305.0 5 2 3 2 0 12
12310.0 5 2 3 1 0 11
12315.0 3 3 4 2 0 12
12320.0 4 2 4 3 0 13
12325.0 4 1 4 3 1 13
12330.0 3 1 4 3 2 13
12335.0 4 2 4 3 2 15
12340.0 4 3 5 4 2 18
12345.0 5 4 4 3 2 18
12350.0 3 5 4 3 1 16
12355.0 3 5 3 2 1 14
12360.0 3 5 4 1 1 14
12365.0 2 6 4 1 1 14
12370.0 2 6 5 1 1 15
12375.0 3 5 7 1 2 18
12380.0 4 5 5 1 2 17
12385.0 4 5 5 2 2 18
12390.0 4 4 5 2 2 17
12395.0 5 4 6 2 2 19
12400.0 5 5 6 3 2 21
12405.0 4 4 6 3 2 19
12410.0 5 2 6 3 2 18
12415.0 7 2 5 2 2 18
12420.0 7 2 6 2 2 19
12425.0 7 4 5 2 2 20
12430.0 6 3 5 2 2 18
12435.0 3 5 5 3 2 18
12440.0 3 5 4 3 2 17
12445.0 3 6 4 4 1 18
12450.0 3 6 5 4 1 19
12455.0 1 5 8 4 1 19
12460.0 0 4 8 4 1 17
12465.0 2 3 8 3 1 17
12470.0 2 2 7 3 1 15
12475.0 2 3 7 3 1 16
12480.0 2 2 6 3 1 14
12485.0 2 2 5 3 1 13
12490.0 4 1 5 4 1 15
12495.0 5 2 4 4 2 17
12500.0 6 2 4 2 2 16
12505.0 3 2 4 2 2 13
12510.0 4 3 5 0 2 14
12515.0 6 3 4 0 2 15
12520.0 6 4 4 0 3 17
12525.0 6 5 4 0 3 18
12530.0 4 5 6 0 3 18
12535.0 3 5 6 0 3 17
12540.0 4 7 4 0 2 17
12545.0 3 5 5 2 2 17
12550.0 3 4 6 2 2 17
12555.0 3 5 5 2 2 17
12560.0 2 6 5 3 2 18
12565.0 3 6 3 2 2 16
12570.0 5 5 2 1 1 14
12575.0 6 5 5 1 1 18
12580.0 6 6 5 1 1 19
12585.0 6 7 5 1 1 20
12590.0 6 6 4 1 1 18
12595.0 6 6 4 1 1 18
12600.0 4 6 3 1 1 15
12605.0 3 6 4 1 0 14
12610.0 3 6 4 1 0 14
12615.0 3 7 5 0 0 15
12620.0 2 6 4 0 0 12
12625.0 2 4 5 1 1 13
12630.0 2 3 7 1 1 14
12635.0 3 4 7 1 1 16
12640.0 3 5 5 2 1 16
12645.0 3 6 5 3 1 18
12650.0 2 5 6 3 1 17
12655.0 2 5 6 3 0 16
12660.0 2 4 6 4 1 17
12665.0 2 4 8 4 1 19
12670.0 2 5 7 3 2 19
12675.0 2 6 6 3 2 19
12680.0 2 6 6 2 2 18
12685.0 2 6 5 2 2 17
12690.0 1 5 6 2 2 16
12695.0 1 5 6 3 2 17
12700.0 1 5 7 3 2 18
12705.0 1 5 8 3 1 18
12710.0 3 5 7 2 1 18
12715.0 4 4 6 2 1 17
12720.0 4 4 4 2 1 15
12725.0 5 4 2 2 1 14
12730.0 4 1 2 4 2 13
12735.0 3 1 0 4 3 11
12740.0 2 2 0 3 4 11
12745.0 2 2 0 3 3 10
12750.0 1 2 1 2 3 9
12755.0 1 2 2 2 3 10
12760.0 1 2 3 2 3 11
12765.0 0 3 3 1 2 9
12770.0 0 2 4 1 1 8
12775.0 0 2 4 1 0 7
12780.0 0 2 5 1 0 8
12785.0 0 1 6 0 0 7
12790.0 0 1 5 0 0 6
12795.0 1 1 4 0 0 6
12800.0 2 1 3 1 0 7
12805.0 1 1 3 2 0 7
12810.0 1 1 3 2 0 7
12815.0 0 1 3 2 0 6
12820.0 0 0 3 2 0 5
12825.0 0 0 3 2 0 5
12830.0 0 0 4 2 0 6
12835.0 0 0 4 2 0 6
12840.0 0 0 4 2 0 6
12845.0 1 1 3 0 0 5
12850.0 1 1 3 0 0 5
12855.0 1 0 3 0 0 4
12860.0 1 0 3 0 0 4
12865.0 1 0 4 0 0 5
12870.0 1 0 3 0 0 4
12875.0 0 0 1 0 0 1
12880.0 0 0 1 0 0 1
12885.0 0 0 1 0 0 1
12890.0 0 0 1 0 0 1
12895.0 1 0 1 0 0 2
12900.0 1 0 1 0 0 2
12905.0 0 0 1 0 0 1
12910.0 0 0 1 0 0 1
12915.0 0 0 0 0 0 0
12920.0 0 0 0 0 0 0
12925.0 0 0 0 0 0 0
12930.0 0 0 0 0 0 0
12935.0 0 0 0 0 0 0
12940.0 0 0 0 0 0 0
12945.0 0 0 0 0 0 0
12950.0 0 0 0 0 0 0
12955.0 0 0 0 0 0 0
12960.0 0 0 0 0 0 0
12965.0 0 0 0 0 0 0
12970.0 0 0 0 0 0 0
12975.0 0 0 0 0 0 0
12980.0 0 0 0 0 0 0
12985.0 0 0 0 0 0 0
12990.0 0 0 0 0 0 0
12995.0 0 0 0 0 0 0
13000.0 0 0 0 0 0 0
13005.0 0 0 0 0 0 0
13010.0 0 0 0 0 0 0
13015.0 0 0 0 0 0 0
13020.0 0 0 0 0 0 0
13025.0 0 0 0 0 0 0
13030.0 0 0 0 0 0 0
13035.0 0 0 0 0 0 0
13040.0 0 0 0 0 0 0
13045.0 0 0 0 0 0 0
13050.0 0 0 0 0 0 0
13055.0 0 0 0 0 0 0
13060.0 0 0 0 0 0 0
13065.0 0 0 0 0 0 0
13070.0 0 0 0 0 0 0
13075.0 0 0 0 0 0 0
13080.0 0 0 0 0 0 0
13085.0 0 0 0 0 0 0
13090.0 0 0 0 0 0 0
13095.0 0 0 0 0 0 0
13100.0 0 0 0 0 0 0
13105.0 0 0 0 0 0 0
13110.0 0 0 0 0 0 0
13115.0 0 0 0 0 0 0
13120.0 0 0 0 0 0 0
13125.0 0 0 0 0 0 0
13130.0 0 0 0 0 0 0
13135.0 0 0 0 0 0 0
13140.0 0 0 0 0 0 0
13145.0 0 0 0 0 0 0
13150.0 0 0 0 0 0 0
13155.0 0 0 0 0 0 0
13160.0 0 0 0 0 0 0
13165.0 0 0 0 0 0 0
13170.0 0 0 0 0 0 0
13175.0 0 0 0 0 0 0
13180.0 0 0 0 0 0 0
13185.0 0 0 0 0 0 0
13190.0 0 0 0 0 0 0
13195.0 0 0 0 0 0 0
13200.0 0 0 0 0 0 0
13205.0 0 0 0 0 0 0
13210.0 0 0 0 0 0 0
13215.0 0 0 0 0 0 0
13220.0 0 0 0 0 0 0
13225.0 0 0 0 0 0 0
13230.0 0 0 0 0 0 0
13235.0 0 0 0 0 0 0
13240.0 0 0 0 0 0 0
13245.0 0 0 0 0 0 0
13250.0 0 0 0 0 0 0
13255.0 0 0 0 0 0 0
13260.0 0 0 0 0 0 0
13265.0 0 0 0 1 0 1
13270.0 0 0 0 1 0 1
13275.0 0 0 0 1 0 1
13280.0 0 0 0 1 0 1
13285.0 0 0 1 0 0 1
13290.0 0 0 1 0 0 1
13295.0 0 0 1 0 0 1
13300.0 0 0 1 0 0 1
13305.0 0 0 1 0 0 1
13310.0 0 0 1 0 0 1
13315.0 0 0 1 0 0 1
13320.0 0 0 0 0 0 0
13325.0 0 0 1 0 0 1
13330.0 0 0 1 0 0 1
13335.0 0 0 1 0 0 1
13340.0 0 0 1 0 0 1
13345.0 0 0 1 0 0 1
13350.0 0 0 1 0 0 1
13355.0 0 0 1 0 0 1
13360.0 0 0 1 0 0 1
13365.0 0 0 0 1 0 1
13370.0 0 0 0 1 1 2
13375.0 0 0 0 1 1 2
13380.0 0 0 0 1 1 2
13385.0 0 1 0 1 1 3
13390.0 0 1 0 1 1 3
13395.0 0 1 0 1 1 3
13400.0 0 2 0 1 0 3
13405.0 0 2 0 2 0 4
13410.0 1 2 0 2 1 6
13415.0 1 1 0 2 1 5
13420.0 1 1 1 2 1 6
13425.0 1 1 1 1 1 5
13430.0 2 1 1 1 1 6
13435.0 1 1 1 2 1 6
13440.0 1 1 2 2 1 7
13445.0 1 1 3 2 1 8
13450.0 1 1 4 1 1 8
13455.0 3 0 4 1 1 9
13460.0 3 0 3 1 1 8
13465.0 3 0 3 1 1 8
13470.0 2 0 2 1 1 6
13475.0 3 0 2 1 1 7
13480.0 3 0 2 1 1 7
13485.0 3 0 2 1 1 7
13490.0 5 1 2 1 1 10
13495.0 6 1 3 2 1 13
13500.0 6 2 4 2 1 15
13505.0 6 3 4 1 2 16
13510.0 6 3 4 1 2 16
13515.0 6 3 4 1 2 16
13520.0 5 3 4 2 2 16
13525.0 5 3 5 2 2 17
13530.0 4 3 6 2 2 17
13535.0 3 3 6 2 2 16
13540.0 2 3 7 2 1 15
13545.0 2 3 9 3 1 18
13550.0 4 4 8 1 1 18
13555.0 4 4 8 2 1 19
13560.0 5 5 9 2 1 22
13565.0 5 6 9 1 1 22
13570.0 6 5 11 1 1 24
13575.0 6 6 7 1 1 21
13580.0 6 8 5 1 1 21
13585.0 6 9 5 1 1 22
13590.0 6 7 5 2 1 21
13595.0 6 6 5 3 1 21
13600.0 6 7 5 3 1 22
13605.0 5 7 5 3 1 21
13610.0 5 7 5 3 0 20
13615.0 6 6 5 3 0 20
13620.0 6 7 5 3 1 22
13625.0 6 7 4 3 1 21
13630.0 5 8 4 3 1 21
13635.0 3 6 4 4 1 18
13640.0 3 6 4 4 1 18
13645.0 4 6 4 2 1 17
13650.0 4 5 4 1 1 15
13655.0 5 5 3 1 1 15
13660.0 6 4 4 1 1 16
13665.0 7 3 6 1 1 18
13670.0 8 3 6 1 1 19
13675.0 6 3 6 1 1 17
13680.0 6 5 2 1 0 14
13685.0 5 5 4 2 0 16
13690.0 6 5 4 3 0 18
13695.0 6 5 5 3 1 20
13700.0 6 6 4 3 1 20
13705.0 5 6 2 3 1 17
13710.0 4 4 3 3 2 16
13715.0 3 4 5 4 1 17
13720.0 2 5 6 3 1 17
13725.0 2 3 5 3 1 14
13730.0 2 3 7 3 1 16
13735.0 2 4 6 3 1 16
13740.0 2 4 4 4 1 15
13745.0 3 5 5 3 1 17
13750.0 3 10 3 3 1 20
13755.0 3 10 3 4 1 21
13760.0 3 9 3 4 1 20
13765.0 4 6 3 3 1 17
13770.0 4 6 5 3 1 19
13775.0 4 5 6 3 1 19
13780.0 4 4 5 4 1 18
13785.0 4 5 6 4 1 20
13790.0 3 6 5 4 1 19
13795.0 3 7 5 4 1 20
13800.0 3 6 5 5 1 20
13805.0 3 6 6 5 1 21
13810.0 3 6 4 5 1 19
13815.0 2 7 4 5 1 19
13820.0 2 6 6 2 1 17
13825.0 4 4 6 2 1 17
13830.0 4 2 3 2 1 12
13835.0 4 1 3 2 1 11
13840.0 7 1 3 2 2 15
13845.0 7 2 3 2 2 16
13850.0 6 4 5 3 2 20
13855.0 6 5 5 3 1 20
13860.0 5 5 5 4 2 21
13865.0 4 4 7 3 2 20
13870.0 4 3 8 3 2 20
13875.0 6 2 7 2 2 19
13880.0 7 3 6 1 2 19
13885.0 8 2 7 2 2 21
13890.0 8 3 7 1 2 21
13895.0 8 3 7 1 2 21
13900.0 8 5 5 1 1 20
13905.0 8 4 6 1 0 19
13910.0 8 6 7 1 0 22
13915.0 10 5 6 0 0 21
13920.0 9 4 7 0 0 20
13925.0 8 4 8 1 0 21
13930.0 6 2 9 1 0 18
13935.0 7 2 8 0 0 17
13940.0 6 1 8 0 0 15
13945.0 5 1 7 0 0 13
13950.0 4 3 5 1 0 13
13955.0 4 2 5 1 0 12
13960.0 4 2 5 1 0 12
13965.0 4 1 9 2 0 16
13970.0 4 2 9 2 0 17
13975.0 4 3 9 2 0 18
13980.0 3 5 6 3 0 17
13985.0 3 3 5 3 0 14
13990.0 3 4 3 4 0 14
13995.0 3 3 2 4 0 12
14000.0 3 4 2 5 0 14
14005.0 2 5 2 5 0 14
14010.0 3 7 3 5 0 18
14015.0 3 9 4 2 0 18
14020.0 4 8 5 3 0 20
14025.0 4 9 5 3 0 21
14030.0 6 8 6 4 1 25
14035.0 5 10 5 5 1 26
14040.0 6 9 5 5 1 26
14045.0 6 6 4 4 1 21
14050.0 3 5 8 5 1 22
14055.0 3 5 6 6 0 20
14060.0 3 6 6 4 0 19
14065.0 3 5 6 2 0 16
14070.0 3 3 8 3 0 17
14075.0 2 4 9 3 0 18
14080.0 3 5 9 3 0 20
14085.0 3 5 9 3 1 21
14090.0 4 7 8 2 1 22
14095.0 4 4 7 2 1 18
14100.0 4 4 4 3 1 16
14105.0 3 4 6 3 1 17
14110.0 2 4 5 4 1 16
14115.0 3 4 6 4 1 18
14120.0 5 3 5 2 1 16
14125.0 5 3 5 2 1 16
14130.0 5 4 4 2 1 16
14135.0 4 4 3 2 1 14
14140.0 3 6 4 2 1 16
14145.0 4 7 4 1 1 17
14150.0 4 7 4 2 0 17
14155.0 6 6 4 2 0 18
14160.0 6 4 4 1 0 15
14165.0 5 3 3 1 0 12
14170.0 7 2 3 0 0 12
14175.0 6 2 3 1 0 12
14180.0 7 2 3 1 0 13
14185.0 5 1 3 1 0 10
14190.0 4 0 4 1 1 10
14195.0 2 0 4 2 1 9
14200.0 3 0 4 1 1 9
14205.0 2 0 4 2 1 9
14210.0 1 1 3 2 1 8
14215.0 1 1 2 2 1 7
14220.0 2 1 2 2 1 8
14225.0 1 1 2 2 1 7
14230.0 1 1 2 1 1 6
14235.0 1 1 2 1 1 6
14240.0 0 1 3 1 1 6
14245.0 0 1 2 1 1 5
14250.0 0 0 2 2 1 5
14255.0 0 0 3 2 1 6
14260.0 0 0 4 2 1 7
14265.0 0 0 3 1 1 5
14270.0 0 0 3 1 0 4
14275.0 1 0 3 0 0 4
14280.0 0 0 3 0 0 3
14285.0 1 0 2 0 0 3
14290.0 1 0 2 0 0 3
14295.0 2 0 2 0 0 4
14300.0 0 0 2 1 0 3
14305.0 0 0 1 1 0 2
14310.0 0 0 1 1 0 2
14315.0 0 0 1 0 0 1
14320.0 0 1 0 0 0 1
14325.0 0 1 0 0 0 1
14330.0 0 0 0 0 0 0
14335.0 0 0 0 0 0 0
14340.0 0 0 0 0 0 0
14345.0 0 0 0 0 0 0
14350.0 0 0 0 0 0 0
14355.0 0 0 0 0 0 0
14360.0 0 0 0 0 0 0
14365.0 0 0 0 0 0 0
14370.0 0 0 0 0 0 0
14375.0 0 0 0 0 0 0
14380.0 0 0 0 0 0 0
14385.0 0 0 0 0 0 0
14390.0 0 0 0 0 0 0
14395.0 0 0 0 0 0 0
