5.0 0 0 0 0 0 0
10.0 0 0 0 0 0 0
15.0 0 0 0 0 0 0
20.0 0 0 0 0 0 0
25.0 0 0 0 0 0 0
30.0 0 0 0 0 0 0
35.0 0 0 0 0 0 0
40.0 0 0 0 0 0 0
45.0 0 0 0 0 0 0
50.0 0 0 0 0 0 0
55.0 0 0 0 0 0 0
60.0 0 0 0 0 0 0
65.0 0 0 0 0 0 0
70.0 0 0 0 0 0 0
75.0 0 0 0 0 0 0
80.0 0 0 0 0 0 0
85.0 0 0 0 0 0 0
90.0 0 0 0 0 0 0
95.0 0 0 0 0 0 0
100.0 0 0 0 0 0 0
105.0 0 0 0 0 0 0
110.0 0 0 0 0 0 0
115.0 0 0 0 0 0 0
120.0 0 0 0 0 0 0
125.0 0 0 0 0 0 0
130.0 0 0 0 0 0 0
135.0 0 0 0 0 0 0
140.0 0 0 0 0 0 0
145.0 0 0 0 0 0 0
150.0 0 0 0 0 0 0
155.0 0 0 0 0 0 0
160.0 0 0 0 0 0 0
165.0 0 0 0 0 0 0
170.0 0 0 0 0 0 0
175.0 0 0 0 0 0 0
180.0 0 0 0 0 0 0
185.0 0 0 0 0 0 0
190.0 0 0 0 0 0 0
195.0 0 0 0 0 0 0
200.0 0 0 0 0 0 0
205.0 0 0 0 0 0 0
210.0 0 0 0 0 0 0
215.0 0 0 0 0 0 0
220.0 0 0 0 0 0 0
225.0 0 0 0 0 0 0
230.0 0 0 0 0 0 0
235.0 0 0 0 0 0 0
240.0 0 0 0 0 0 0
245.0 0 0 0 0 0 0
250.0 0 0 0 0 0 0
255.0 0 0 0 0 0 0
260.0 0 0 0 0 0 0
265.0 0 0 0 0 0 0
270.0 0 0 0 0 0 0
275.0 0 0 0 0 0 0
280.0 0 0 0 0 0 0
285.0 0 0 0 0 0 0
290.0 0 0 0 0 0 0
295.0 0 0 0 0 0 0
300.0 0 0 0 0 0 0
305.0 0 0 0 0 0 0
310.0 0 0 0 0 0 0
315.0 0 0 0 0 0 0
320.0 0 0 0 0 0 0
325.0 0 0 0 0 0 0
330.0 0 0 0 0 0 0
335.0 0 0 0 0 0 0
340.0 0 0 0 0 0 0
345.0 0 0 0 0 0 0
350.0 0 0 0 0 0 0
355.0 0 0 0 0 1 1
360.0 0 0 0 0 1 1
365.0 0 0 0 0 1 1
370.0 0 0 0 0 1 1
375.0 0 0 0 0 1 1
380.0 0 0 0 0 1 1
385.0 0 0 0 0 1 1
390.0 0 0 0 0 1 1
395.0 0 0 0 0 1 1
400.0 0 0 0 0 1 1
405.0 0 0 0 0 1 1
410.0 0 0 0 0 1 1
415.0 0 0 0 0 0 0
420.0 0 0 0 0 0 0
425.0 0 0 0 0 0 0
430.0 0 0 0 0 0 0
435.0 0 0 0 0 0 0
440.0 0 0 1 0 0 1
445.0 0 0 1 0 0 1
450.0 0 0 1 0 0 1
455.0 0 0 1 0 0 1
460.0 0 1 1 0 0 2
465.0 0 1 1 0 0 2
470.0 0 1 1 0 0 2
475.0 0 1 1 0 0 2
480.0 0 1 1 0 0 2
485.0 0 1 0 0 0 1
490.0 0 1 0 0 0 1
495.0 0 1 0 0 0 1
500.0 0 0 0 0 0 0
505.0 0 0 0 0 0 0
510.0 0 0 0 0 0 0
515.0 0 0 0 1 0 1
520.0 0 0 0 1 0 1
525.0 0 1 0 0 0 1
530.0 0 1 0 0 0 1
535.0 0 1 0 0 0 1
540.0 0 1 0 0 0 1
545.0 0 1 0 0 0 1
550.0 0 0 0 0 0 0
555.0 0 0 0 0 0 0
560.0 0 0 0 0 0 0
565.0 0 0 0 0 0 0
570.0 0 0 0 0 0 0
575.0 0 1 0 0 0 1
580.0 0 1 0 0 0 1
585.0 0 2 1 0 0 3
590.0 0 2 1 0 0 3
595.0 0 2 1 0 0 3
600.0 0 2 0 0 0 2
605.0 0 2 0 0 0 2
610.0 0 3 0 0 0 3
615.0 0 2 0 0 0 2
620.0 0 2 0 0 0 2
625.0 0 2 0 0 0 2
630.0 0 2 0 0 0 2
635.0 0 2 0 0 0 2
640.0 1 1 0 0 0 2
645.0 1 1 0 0 0 2
650.0 1 0 1 0 0 2
655.0 1 0 1 0 0 2
660.0 1 0 2 0 0 3
665.0 1 0 2 0 0 3
670.0 0 0 2 0 0 2
675.0 0 0 2 0 0 2
680.0 0 0 2 0 0 2
685.0 0 1 2 0 0 3
690.0 0 1 1 0 0 2
695.0 0 1 1 0 0 2
700.0 0 1 0 0 0 1
705.0 0 1 0 0 0 1
710.0 0 1 1 0 0 2
715.0 1 1 1 0 0 3
720.0 1 1 1 0 0 3
725.0 1 1 1 0 0 3
730.0 0 1 1 1 0 3
735.0 0 1 1 1 0 3
740.0 0 1 1 1 0 3
745.0 0 1 1 1 0 3
750.0 0 1 1 1 0 3
755.0 0 1 1 1 0 3
760.0 0 1 1 1 0 3
765.0 0 1 1 0 0 2
770.0 0 0 1 0 0 1
775.0 0 0 1 0 0 1
780.0 0 0 1 0 0 1
785.0 0 0 1 0 0 1
790.0 0 1 0 0 0 1
795.0 0 1 0 0 0 1
800.0 0 1 0 0 0 1
805.0 0 1 0 0 0 1
810.0 0 1 0 0 0 1
815.0 0 1 0 0 0 1
820.0 0 1 0 0 0 1
825.0 0 1 0 0 0 1
830.0 1 1 0 0 0 2
835.0 1 1 0 0 0 2
840.0 1 0 0 1 0 2
845.0 1 0 0 1 0 2
850.0 1 0 0 1 0 2
855.0 1 0 0 1 0 2
860.0 1 0 1 1 0 3
865.0 1 0 1 1 0 3
870.0 1 0 1 1 0 3
875.0 1 0 1 1 0 3
880.0 1 0 1 1 0 3
885.0 1 0 0 1 0 2
890.0 1 0 0 0 0 1
895.0 0 0 0 0 0 0
900.0 0 0 0 1 0 1
905.0 0 0 0 1 0 1
910.0 1 0 0 1 0 2
915.0 1 0 0 1 0 2
920.0 1 0 0 1 0 2
925.0 2 0 0 0 0 2
930.0 3 0 0 0 0 3
935.0 2 0 0 0 0 2
940.0 2 0 0 0 0 2
945.0 2 0 0 0 0 2
950.0 2 0 0 0 0 2
955.0 2 1 1 0 0 4
960.0 1 1 1 0 0 3
965.0 1 2 1 0 0 4
970.0 2 2 0 0 0 4
975.0 2 2 0 0 0 4
980.0 2 2 0 0 0 4
985.0 2 3 0 0 0 5
990.0 2 3 0 0 0 5
995.0 2 3 0 0 0 5
1000.0 2 3 0 0 0 5
1005.0 2 2 0 0 0 4
1010.0 2 2 0 0 0 4
1015.0 2 2 0 0 0 4
1020.0 2 1 0 0 0 3
1025.0 2 0 0 1 0 3
1030.0 2 0 0 1 0 3
1035.0 1 0 0 2 0 3
1040.0 1 0 0 2 0 3
1045.0 1 0 0 2 0 3
1050.0 0 1 0 2 0 3
1055.0 0 1 1 1 0 3
1060.0 0 1 0 1 0 2
1065.0 0 1 0 1 0 2
1070.0 0 1 0 1 0 2
1075.0 1 0 0 1 0 2
1080.0 1 0 0 1 0 2
1085.0 1 0 0 1 0 2
1090.0 1 0 0 1 0 2
1095.0 1 0 0 1 0 2
1100.0 1 0 0 1 0 2
1105.0 1 0 0 1 0 2
1110.0 1 0 0 1 0 2
1115.0 1 0 0 1 0 2
1120.0 0 0 0 1 0 1
1125.0 0 0 0 1 0 1
1130.0 0 0 0 1 0 1
1135.0 0 0 0 0 0 0
1140.0 0 0 0 0 0 0
1145.0 0 0 0 0 0 0
1150.0 0 1 0 0 0 1
1155.0 0 1 0 0 0 1
1160.0 0 2 0 0 0 2
1165.0 0 2 0 0 0 2
1170.0 0 2 0 0 0 2
1175.0 0 2 0 0 0 2
1180.0 0 2 0 0 0 2
1185.0 0 1 0 0 0 1
1190.0 0 1 0 0 0 1
1195.0 0 0 0 0 0 0
1200.0 0 1 0 0 0 1
1205.0 0 1 0 0 1 2
1210.0 0 0 0 0 1 1
1215.0 0 0 0 0 1 1
1220.0 0 0 0 0 0 0
1225.0 1 0 0 0 0 1
1230.0 1 0 0 0 0 1
1235.0 1 0 0 0 0 1
1240.0 1 0 0 0 0 1
1245.0 1 0 0 0 0 1
1250.0 1 0 0 1 0 2
1255.0 1 0 0 1 0 2
1260.0 1 0 0 1 0 2
1265.0 1 0 0 1 0 2
1270.0 1 0 0 1 0 2
1275.0 0 0 0 1 0 1
1280.0 0 0 0 1 0 1
1285.0 0 0 0 1 0 1
1290.0 0 0 0 1 0 1
1295.0 0 0 0 1 0 1
1300.0 1 0 0 0 0 1
1305.0 1 0 0 0 0 1
1310.0 1 0 0 0 0 1
1315.0 1 0 0 0 0 1
1320.0 1 0 0 0 0 1
1325.0 1 0 0 0 0 1
1330.0 1 0 0 0 0 1
1335.0 1 0 0 0 0 1
1340.0 1 0 0 0 0 1
1345.0 1 0 0 0 0 1
1350.0 1 0 0 0 0 1
1355.0 0 0 0 0 0 0
1360.0 0 0 0 0 0 0
1365.0 0 0 0 0 0 0
1370.0 0 0 0 0 0 0
1375.0 0 0 0 0 0 0
1380.0 0 0 0 0 0 0
1385.0 0 0 0 0 0 0
1390.0 0 0 0 0 0 0
1395.0 0 0 0 0 0 0
1400.0 0 0 0 0 0 0
1405.0 0 0 0 0 0 0
1410.0 0 0 0 0 0 0
1415.0 0 0 0 0 0 0
1420.0 0 0 0 0 0 0
1425.0 0 0 0 0 0 0
1430.0 0 0 0 0 0 0
1435.0 0 0 0 0 0 0
