5.0 0 0 0 0 0 0
10.0 0 0 0 0 0 0
15.0 0 0 0 0 0 0
20.0 0 0 0 0 0 0
25.0 0 0 0 0 0 0
30.0 0 0 0 0 0 0
35.0 0 0 0 0 0 0
40.0 0 0 0 0 0 0
45.0 0 0 0 0 0 0
50.0 0 0 0 0 0 0
55.0 0 0 0 0 0 0
60.0 0 0 0 0 0 0
65.0 0 0 0 0 0 0
70.0 0 0 0 0 0 0
75.0 0 0 0 0 0 0
80.0 0 0 0 0 0 0
85.0 0 0 0 0 0 0
90.0 0 0 0 0 0 0
95.0 0 0 0 0 0 0
100.0 0 0 0 0 0 0
105.0 0 0 0 0 0 0
110.0 0 0 0 0 0 0
115.0 0 0 0 0 0 0
120.0 0 0 0 0 0 0
125.0 0 0 0 0 0 0
130.0 0 0 0 0 0 0
135.0 0 0 0 0 0 0
140.0 0 0 0 0 0 0
145.0 0 0 0 0 0 0
150.0 0 0 0 0 0 0
155.0 0 0 0 0 0 0
160.0 0 0 0 0 0 0
165.0 0 0 0 0 0 0
170.0 0 0 0 0 0 0
175.0 0 0 0 0 0 0
180.0 0 0 0 0 0 0
185.0 0 0 0 0 0 0
190.0 0 0 0 0 0 0
195.0 0 0 0 0 0 0
200.0 0 0 0 0 0 0
205.0 0 0 0 0 0 0
210.0 0 0 0 0 0 0
215.0 0 0 0 0 0 0
220.0 0 0 0 0 0 0
225.0 0 0 0 0 0 0
230.0 0 0 0 0 0 0
235.0 0 0 0 0 0 0
240.0 0 0 0 0 0 0
245.0 0 0 0 0 0 0
250.0 0 0 0 0 0 0
255.0 0 0 0 0 0 0
260.0 0 0 0 0 0 0
265.0 0 0 0 0 0 0
270.0 0 0 0 0 0 0
275.0 0 0 0 0 0 0
280.0 0 0 0 0 0 0
285.0 0 0 0 0 0 0
290.0 0 0 0 0 0 0
295.0 0 0 0 0 0 0
300.0 0 0 0 0 0 0
305.0 0 0 0 0 0 0
310.0 0 0 0 0 0 0
315.0 0 0 0 0 0 0
320.0 0 0 0 0 0 0
325.0 0 0 0 0 0 0
330.0 0 0 0 0 0 0
335.0 0 0 0 0 0 0
340.0 0 0 0 0 0 0
345.0 0 0 0 0 0 0
350.0 0 0 0 0 0 0
355.0 0 0 0 0 0 0
360.0 0 0 0 0 0 0
365.0 0 0 0 0 0 0
370.0 0 0 0 0 0 0
375.0 0 0 0 0 0 0
380.0 0 0 0 0 0 0
385.0 0 0 0 0 0 0
390.0 0 0 0 0 0 0
395.0 0 0 0 0 0 0
400.0 0 0 0 0 0 0
405.0 0 0 0 0 0 0
410.0 0 0 0 0 0 0
415.0 0 0 0 0 0 0
420.0 0 0 0 0 0 0
425.0 0 0 0 0 0 0
430.0 0 0 0 0 0 0
435.0 0 0 0 0 0 0
440.0 0 0 0 0 0 0
445.0 0 0 0 0 0 0
450.0 0 0 1 0 0 1
455.0 0 0 1 0 0 1
460.0 0 0 1 0 0 1
465.0 0 0 1 0 0 1
470.0 0 0 1 0 0 1
475.0 0 0 1 0 0 1
480.0 0 0 0 0 0 0
485.0 0 0 0 0 0 0
490.0 0 0 0 0 0 0
495.0 0 0 0 0 0 0
500.0 0 0 2 0 0 2
505.0 0 0 2 0 0 2
510.0 0 0 2 0 0 2
515.0 0 0 2 0 0 2
520.0 0 0 2 0 0 2
525.0 0 0 1 0 1 2
530.0 0 0 1 0 1 2
535.0 0 0 1 0 1 2
540.0 0 0 0 1 1 2
545.0 0 0 0 1 1 2
550.0 0 0 0 1 1 2
555.0 0 0 0 1 1 2
560.0 0 0 0 1 1 2
565.0 1 0 1 1 1 4
570.0 1 0 1 1 1 4
575.0 2 0 2 0 0 4
580.0 2 0 3 0 0 5
585.0 2 0 3 0 0 5
590.0 2 0 3 0 0 5
595.0 2 0 3 0 0 5
600.0 2 0 3 0 0 5
605.0 2 0 2 0 0 4
610.0 2 0 2 0 0 4
615.0 1 0 3 1 0 5
620.0 1 0 3 2 0 6
625.0 1 0 2 2 0 5
630.0 1 0 2 3 0 6
635.0 1 0 2 3 0 6
640.0 1 0 2 4 0 7
645.0 1 0 2 4 0 7
650.0 1 0 3 4 0 8
655.0 1 0 2 4 0 7
660.0 0 0 2 5 0 7
665.0 0 0 2 5 0 7
670.0 1 1 2 5 0 9
675.0 1 1 4 5 0 11
680.0 1 2 4 3 0 10
685.0 1 2 4 2 0 9
690.0 1 2 5 2 1 11
695.0 3 2 4 1 1 11
700.0 3 2 4 1 1 11
705.0 3 1 4 1 2 11
710.0 2 1 2 1 2 8
715.0 2 2 2 0 2 8
720.0 2 2 1 0 2 7
725.0 2 2 1 0 2 7
730.0 2 2 1 0 2 7
735.0 2 1 0 0 2 5
740.0 3 1 0 0 2 6
745.0 3 1 0 0 2 6
750.0 3 1 0 0 1 5
755.0 3 1 1 0 0 5
760.0 2 4 1 0 0 7
765.0 1 4 1 0 0 6
770.0 0 4 1 0 0 5
775.0 0 4 1 0 1 6
780.0 0 4 1 1 1 7
785.0 0 3 1 1 1 6
790.0 0 3 1 1 0 5
795.0 0 3 1 1 0 5
800.0 0 3 1 1 0 5
805.0 0 2 2 0 1 5
810.0 0 3 2 0 1 6
815.0 0 3 2 0 1 6
820.0 0 2 3 0 0 5
825.0 0 2 3 1 0 6
830.0 0 1 3 1 0 5
835.0 0 1 3 1 0 5
840.0 0 1 4 1 0 6
845.0 0 1 5 1 0 7
850.0 2 1 5 1 0 9
855.0 2 0 5 1 0 8
860.0 2 0 5 1 0 8
865.0 1 0 6 1 0 8
870.0 1 0 6 1 0 8
875.0 2 0 4 1 0 7
880.0 2 1 4 1 0 8
885.0 2 1 4 1 0 8
890.0 0 1 5 3 0 9
895.0 1 0 5 3 0 9
900.0 1 1 4 3 0 9
905.0 2 1 5 1 0 9
910.0 1 1 5 1 0 8
915.0 1 1 7 1 0 10
920.0 1 0 6 2 0 9
925.0 1 1 3 2 0 7
930.0 2 1 3 2 0 8
935.0 2 2 1 2 0 7
940.0 1 3 1 1 0 6
945.0 1 3 2 1 0 7
950.0 2 4 4 1 0 11
955.0 2 5 3 1 0 11
960.0 3 5 3 0 0 11
965.0 4 4 5 0 0 13
970.0 4 4 5 1 0 14
975.0 3 5 5 0 0 13
980.0 3 5 5 0 0 13
985.0 4 4 6 0 0 14
990.0 6 4 4 0 0 14
995.0 7 5 3 0 0 15
1000.0 6 5 3 0 0 14
1005.0 6 5 3 0 0 14
1010.0 3 4 4 0 0 11
1015.0 2 4 4 0 0 10
1020.0 2 4 4 0 0 10
1025.0 2 3 5 1 0 11
1030.0 2 3 4 1 0 10
1035.0 1 4 4 2 0 11
1040.0 2 4 3 2 0 11
1045.0 2 3 3 3 0 11
1050.0 2 3 2 3 0 10
1055.0 2 3 3 3 0 11
1060.0 2 3 3 3 0 11
1065.0 2 4 2 2 0 10
1070.0 1 4 2 3 0 10
1075.0 2 4 2 3 0 11
1080.0 2 3 2 3 0 10
1085.0 3 2 3 2 0 10
1090.0 5 3 4 1 0 13
1095.0 5 3 3 1 0 12
1100.0 4 3 2 1 0 10
1105.0 4 3 1 1 0 9
1110.0 3 2 2 1 0 8
1115.0 3 3 2 0 0 8
1120.0 3 3 2 0 0 8
1125.0 1 3 2 1 0 7
1130.0 1 3 4 1 0 9
1135.0 1 2 4 1 0 8
1140.0 1 2 5 1 1 10
1145.0 2 1 3 0 1 7
1150.0 2 1 3 1 1 8
1155.0 2 1 5 1 1 10
1160.0 2 1 4 1 1 9
1165.0 2 1 3 1 1 8
1170.0 3 1 2 1 1 8
1175.0 4 1 2 1 1 9
1180.0 4 1 2 2 1 10
1185.0 3 2 2 2 1 10
1190.0 2 1 2 2 1 8
1195.0 2 0 2 3 1 8
1200.0 2 0 2 3 1 8
1205.0 2 0 4 3 1 10
1210.0 2 0 3 3 1 9
1215.0 2 0 3 3 1 9
1220.0 2 0 2 2 1 7
1225.0 3 3 2 0 1 9
1230.0 1 2 3 0 1 7
1235.0 0 2 3 0 1 6
1240.0 0 2 3 0 1 6
1245.0 0 2 2 0 1 5
1250.0 0 2 2 1 1 6
1255.0 0 1 3 1 0 5
1260.0 0 1 3 2 0 6
1265.0 0 1 2 0 0 3
1270.0 0 1 1 0 0 2
1275.0 0 2 1 0 0 3
1280.0 1 2 1 0 0 4
1285.0 2 2 0 0 0 4
1290.0 2 2 0 0 0 4
1295.0 2 2 0 0 0 4
1300.0 2 2 0 0 0 4
1305.0 2 2 0 0 0 4
1310.0 2 2 0 0 0 4
1315.0 1 2 1 1 0 5
1320.0 1 1 1 1 0 4
1325.0 0 1 1 1 0 3
1330.0 0 1 1 1 0 3
1335.0 0 0 1 1 0 2
1340.0 0 0 1 1 0 2
1345.0 0 0 2 1 0 3
1350.0 0 0 1 1 0 2
1355.0 0 0 0 1 0 1
1360.0 0 0 0 1 0 1
1365.0 1 0 0 0 0 1
1370.0 1 0 0 0 0 1
1375.0 1 0 0 0 0 1
1380.0 1 0 0 0 0 1
1385.0 1 0 0 0 0 1
1390.0 1 0 0 0 0 1
1395.0 0 1 0 0 0 1
1400.0 0 0 0 0 0 0
1405.0 0 0 0 0 0 0
1410.0 0 0 0 0 0 0
1415.0 0 0 0 0 0 0
1420.0 0 0 0 0 0 0
1425.0 0 0 0 0 0 0
1430.0 0 0 0 0 0 0
1435.0 0 0 0 0 0 0
