5.0 0 0 0 0 0 0
10.0 0 0 0 0 0 0
15.0 0 0 0 0 0 0
20.0 0 0 0 0 0 0
25.0 0 0 0 0 0 0
30.0 0 0 0 0 0 0
35.0 0 0 0 0 0 0
40.0 0 0 0 0 0 0
45.0 0 0 0 0 0 0
50.0 0 0 0 0 0 0
55.0 0 0 0 0 0 0
60.0 0 0 0 0 0 0
65.0 0 0 0 0 0 0
70.0 0 0 0 0 0 0
75.0 0 0 0 0 0 0
80.0 0 0 0 0 0 0
85.0 0 0 0 0 0 0
90.0 0 0 0 0 0 0
95.0 0 0 0 0 0 0
100.0 0 0 0 0 0 0
105.0 0 0 0 0 0 0
110.0 0 0 0 0 0 0
115.0 0 0 0 0 0 0
120.0 0 0 0 0 0 0
125.0 0 0 0 0 0 0
130.0 0 0 0 0 0 0
135.0 0 0 0 0 0 0
140.0 0 0 0 0 0 0
145.0 0 0 0 0 0 0
150.0 0 0 0 0 0 0
155.0 0 0 0 0 0 0
160.0 0 0 0 0 0 0
165.0 0 0 0 0 0 0
170.0 0 0 0 0 0 0
175.0 0 0 0 0 0 0
180.0 0 0 0 0 0 0
185.0 0 0 0 0 0 0
190.0 0 0 0 0 0 0
195.0 0 0 0 0 0 0
200.0 0 0 0 0 0 0
205.0 0 0 0 0 0 0
210.0 0 0 0 0 0 0
215.0 0 0 0 0 0 0
220.0 0 0 0 0 0 0
225.0 0 0 0 0 0 0
230.0 0 0 0 0 0 0
235.0 0 0 0 0 0 0
240.0 0 0 0 0 0 0
245.0 0 0 0 0 0 0
250.0 0 0 0 0 0 0
255.0 0 0 0 0 0 0
260.0 0 0 0 0 0 0
265.0 0 0 0 0 0 0
270.0 0 0 0 0 0 0
275.0 0 0 0 0 0 0
280.0 0 0 0 0 0 0
285.0 0 0 0 0 0 0
290.0 0 0 0 0 0 0
295.0 0 0 0 0 0 0
300.0 0 0 0 0 0 0
305.0 0 0 0 0 0 0
310.0 0 0 0 0 0 0
315.0 0 1 0 0 0 1
320.0 1 1 0 0 0 2
325.0 1 1 0 0 0 2
330.0 1 1 0 0 0 2
335.0 1 1 1 0 0 3
340.0 1 1 3 0 0 5
345.0 1 1 3 0 0 5
350.0 0 1 3 0 0 4
355.0 1 2 3 0 0 6
360.0 1 3 3 1 0 8
365.0 1 3 2 1 0 7
370.0 1 2 3 2 0 8
375.0 1 2 3 2 0 8
380.0 1 2 5 4 0 12
385.0 0 2 7 4 0 13
390.0 2 3 7 4 1 17
395.0 2 4 7 4 1 18
400.0 4 3 6 2 1 16
405.0 6 1 7 4 3 21
410.0 7 1 7 4 3 22
415.0 6 2 7 4 3 22
420.0 6 4 10 5 3 28
425.0 7 5 11 6 3 32
430.0 5 6 9 7 2 29
435.0 4 6 8 9 6 33
440.0 7 5 8 7 6 33
445.0 8 6 8 8 6 36
450.0 11 8 9 11 6 45
455.0 13 9 11 11 6 50
460.0 15 9 14 13 7 58
465.0 14 9 17 14 8 62
470.0 14 8 17 13 6 58
475.0 17 9 17 13 6 62
480.0 18 16 16 13 6 69
485.0 22 16 17 13 6 74
490.0 24 20 18 12 6 80
495.0 26 20 20 13 7 86
500.0 23 21 19 12 9 84
505.0 21 20 23 14 10 88
510.0 19 26 23 15 12 95
515.0 21 25 22 13 12 93
520.0 21 25 25 12 14 97
525.0 19 25 26 10 14 94
530.0 19 30 30 14 15 108
535.0 24 26 33 15 17 115
540.0 21 29 33 18 17 118
545.0 22 35 32 14 17 120
550.0 25 37 30 17 16 125
555.0 26 38 30 16 17 127
560.0 30 40 30 17 17 134
565.0 27 44 30 16 19 136
570.0 32 39 32 17 18 138
575.0 36 35 35 20 19 145
580.0 32 34 31 22 19 138
585.0 31 38 35 23 19 146
590.0 33 40 44 23 19 159
595.0 38 41 46 22 22 169
600.0 34 42 49 23 23 171
605.0 33 42 51 21 23 170
610.0 35 36 52 24 24 171
615.0 40 37 44 26 22 169
620.0 38 39 45 22 22 166
625.0 39 39 44 22 23 167
630.0 45 38 38 23 22 166
635.0 46 35 38 21 21 161
640.0 48 36 40 22 22 168
645.0 47 38 44 21 24 174
650.0 42 39 42 24 24 171
655.0 41 40 47 23 25 176
660.0 48 44 50 19 23 184
665.0 49 47 46 17 22 181
670.0 44 47 45 16 23 175
675.0 41 48 37 18 20 164
680.0 38 47 34 20 19 158
685.0 41 48 35 23 19 166
690.0 44 45 34 28 18 169
695.0 42 46 34 26 19 167
700.0 42 42 36 24 18 162
705.0 45 41 33 24 17 160
710.0 37 42 35 29 18 161
715.0 44 39 32 30 20 165
720.0 42 38 30 28 21 159
725.0 41 34 34 28 22 159
730.0 33 35 37 27 22 154
735.0 34 34 40 25 21 154
740.0 36 34 40 21 22 153
745.0 34 32 41 18 23 148
750.0 40 33 43 16 24 156
755.0 43 29 38 19 21 150
760.0 41 30 45 18 20 154
765.0 42 36 39 19 16 152
770.0 36 32 48 22 16 154
775.0 36 31 51 19 16 153
780.0 35 31 49 18 15 148
785.0 34 32 43 19 14 142
790.0 33 36 41 20 13 143
795.0 32 35 40 18 13 138
800.0 32 30 38 18 15 133
805.0 37 28 39 19 14 137
810.0 35 26 39 21 13 134
815.0 37 27 39 16 14 133
820.0 37 25 39 18 14 133
825.0 35 25 45 22 14 141
830.0 32 27 49 26 14 148
835.0 28 32 50 25 14 149
840.0 33 34 49 23 16 155
845.0 34 34 47 20 17 152
850.0 32 30 47 22 18 149
855.0 35 29 50 19 21 154
860.0 33 28 54 17 21 153
865.0 36 26 51 17 22 152
870.0 37 29 47 18 23 154
875.0 31 29 47 16 24 147
880.0 31 30 53 17 25 156
885.0 35 35 57 18 23 168
890.0 36 37 58 18 24 173
895.0 36 36 54 24 22 172
900.0 36 34 57 26 22 175
905.0 35 34 52 27 25 173
910.0 34 35 53 29 21 172
915.0 34 35 56 27 22 174
920.0 34 38 61 25 20 178
925.0 33 38 64 25 21 181
930.0 30 37 65 25 22 179
935.0 33 35 65 24 20 177
940.0 32 31 63 24 20 170
945.0 35 30 58 28 22 173
950.0 35 26 60 26 21 168
955.0 31 32 56 26 22 167
960.0 34 37 52 25 22 170
965.0 30 38 59 21 22 170
970.0 29 35 55 25 20 164
975.0 27 35 55 24 20 161
980.0 26 35 55 23 20 159
985.0 24 33 58 20 21 156
990.0 20 39 59 20 18 156
995.0 25 39 59 19 16 158
1000.0 27 43 59 15 14 158
1005.0 29 44 53 17 18 161
1010.0 27 43 51 19 20 160
1015.0 26 44 55 18 21 164
1020.0 29 41 56 18 19 163
1025.0 32 43 54 18 19 166
1030.0 35 40 53 21 23 172
1035.0 35 45 54 22 22 178
1040.0 39 49 57 22 20 187
1045.0 39 45 53 20 18 175
1050.0 38 49 52 20 19 178
1055.0 38 54 52 20 18 182
1060.0 41 57 52 20 18 188
1065.0 43 54 54 25 20 196
1070.0 44 53 62 23 19 201
1075.0 47 49 62 23 18 199
1080.0 46 46 59 21 20 192
1085.0 49 43 59 19 19 189
1090.0 53 49 55 18 19 194
1095.0 55 46 58 20 21 200
1100.0 56 50 57 22 20 205
1105.0 57 55 52 26 19 209
1110.0 47 64 50 26 19 206
1115.0 44 66 51 28 19 208
1120.0 46 60 49 29 20 204
1125.0 45 64 49 29 17 204
1130.0 45 59 53 31 15 203
1135.0 45 55 50 28 17 195
1140.0 46 50 50 25 14 185
1145.0 45 49 55 25 13 187
1150.0 45 48 55 24 16 188
1155.0 45 45 57 23 14 184
1160.0 53 44 61 19 14 191
1165.0 55 46 55 17 12 185
1170.0 59 44 55 16 13 187
1175.0 54 46 58 12 15 185
1180.0 46 44 58 14 14 176
1185.0 43 34 58 19 15 169
1190.0 43 38 55 17 18 171
1195.0 36 38 56 16 19 165
1200.0 36 33 51 18 20 158
1205.0 33 31 49 24 21 158
1210.0 33 33 43 25 20 154
1215.0 35 30 40 27 21 153
1220.0 33 24 40 22 20 139
1225.0 34 20 35 23 17 129
1230.0 34 19 33 20 18 124
1235.0 28 20 35 19 18 120
1240.0 30 21 32 16 18 117
1245.0 27 18 33 17 13 108
1250.0 22 17 33 14 11 97
1255.0 25 14 29 12 10 90
1260.0 19 15 27 11 10 82
1265.0 15 13 36 12 7 83
1270.0 19 12 35 9 8 83
1275.0 19 10 28 8 10 75
1280.0 18 8 24 7 10 67
1285.0 20 9 23 6 7 65
1290.0 21 9 24 6 6 66
1295.0 19 9 20 4 5 57
1300.0 17 10 19 5 5 56
1305.0 13 7 15 4 6 45
1310.0 11 6 12 5 6 40
1315.0 8 5 13 3 6 35
1320.0 7 3 11 4 6 31
1325.0 6 1 8 3 3 21
1330.0 8 2 6 4 3 23
1335.0 6 3 5 4 3 21
1340.0 5 3 5 4 2 19
1345.0 2 2 5 3 1 13
1350.0 1 1 6 3 0 11
1355.0 1 1 5 3 0 10
1360.0 1 1 1 4 0 7
1365.0 1 0 2 3 0 6
1370.0 0 0 1 3 0 4
1375.0 2 1 1 0 0 4
1380.0 1 2 2 0 0 5
1385.0 0 1 2 0 0 3
1390.0 0 0 1 0 0 1
1395.0 0 0 1 0 0 1
1400.0 0 0 1 0 0 1
1405.0 0 0 1 0 0 1
1410.0 0 0 1 0 0 1
1415.0 0 0 1 1 0 2
1420.0 0 0 1 1 0 2
1425.0 0 0 1 1 0 2
1430.0 0 0 1 1 0 2
1435.0 0 0 1 1 0 2
